x(m)	V(m/s)
0.00	10.000
0.01	10.348
0.02	10.697
0.03	11.046
0.04	11.394
0.05	11.743
0.06	12.092
0.07	12.441
0.08	12.790
0.09	13.139
0.10	13.488
0.12	13.837
0.13	14.187
0.14	14.536
0.16	14.886
0.17	15.235
0.19	15.585
0.20	15.934
0.22	16.284
0.23	16.634
0.25	16.984
0.27	17.334
0.28	17.683
0.30	18.034
0.32	18.384
0.34	18.734
0.35	19.084
0.37	19.434
0.39	19.785
0.41	20.135
0.43	20.486
0.45	20.836
0.47	21.187
0.49	21.538
0.52	21.889
0.54	22.240
0.56	22.591
0.58	22.942
0.61	23.293
0.63	23.644
0.65	23.995
0.68	24.346
0.70	24.698
0.73	25.049
0.75	25.400
0.78	25.752
0.81	26.104
0.83	26.455
0.86	26.807
0.89	27.159
0.92	27.511
0.94	27.863
0.97	28.215
1.00	28.567
1.03	28.919
1.06	29.271
1.09	29.623
1.12	29.976
1.15	30.328
1.18	30.681
1.22	31.033
1.25	31.386
1.28	31.738
1.31	32.091
1.35	32.444
1.38	32.797
1.41	33.150
1.45	33.503
1.48	33.856
1.52	34.209
1.56	34.562
1.59	34.915
1.63	35.268
1.66	35.622
1.70	35.975
1.74	36.329
1.78	36.682
1.82	37.036
1.86	37.390
1.89	37.743
1.93	38.097
1.97	38.451
2.01	38.805
2.06	39.159
2.10	39.513
2.14	39.867
2.18	40.222
2.22	40.576
2.27	40.930
2.31	41.284
2.35	41.639
2.40	41.993
2.44	42.348
2.49	42.703
2.53	43.057
2.58	43.412
2.62	43.767
2.67	44.122
2.72	44.477
2.76	44.832
2.81	45.187
2.86	45.542
2.91	45.897
2.96	46.253
3.00	46.608
3.05	46.963
3.10	47.319
3.15	47.674
3.21	48.030
3.26	48.386
3.31	48.741
3.36	49.097
3.41	49.453
3.46	49.809
3.52	50.165
3.57	50.521
3.63	50.877
3.68	51.233
3.73	51.589
3.79	51.945
3.84	52.302
3.90	52.658
3.96	53.015
4.01	53.371
4.07	53.728
4.13	54.084
4.19	54.441
4.24	54.798
4.30	55.154
4.36	55.511
4.42	55.868
4.48	56.225
4.54	56.582
4.60	56.939
4.66	57.297
4.72	57.654
4.79	58.011
4.85	58.368
4.91	58.726
4.97	59.083
5.04	59.441
5.10	59.798
5.16	60.156
5.23	60.514
5.29	60.872
5.36	61.229
5.43	61.587
5.49	61.945
5.56	62.303
5.62	62.661
5.69	63.019
5.76	63.378
5.83	63.736
5.90	64.094
5.97	64.452
6.03	64.811
6.10	65.169
6.17	65.528
6.25	65.887
6.32	66.245
6.39	66.604
6.46	66.963
6.53	67.321
6.60	67.680
6.68	68.039
6.75	68.398
6.82	68.757
6.90	69.116
6.97	69.476
7.05	69.835
7.12	70.194
7.20	70.554
7.27	70.913
7.35	71.272
7.43	71.632
7.50	71.991
7.58	72.351
7.66	72.711
7.74	73.071
7.82	73.430
7.90	73.790
7.98	74.150
8.06	74.510
8.14	74.870
8.22	75.230
8.30	75.590
8.38	75.951
8.46	76.311
8.55	76.671
8.63	77.032
8.71	77.392
8.79	77.752
8.88	78.113
8.96	78.474
9.05	78.834
9.13	79.195
9.22	79.556
9.31	79.917
9.39	80.277
9.48	80.638
9.57	80.999
9.65	81.360
9.74	81.721
9.83	82.083
9.92	82.444
10.01	82.805
10.10	83.166
10.19	83.528
10.28	83.889
10.37	84.251
10.46	84.612
10.55	84.974
10.64	85.335
10.74	85.697
10.83	86.059
10.92	86.421
11.02	86.783
11.11	87.144
11.20	87.506
11.30	87.869
11.39	88.231
11.49	88.593
11.59	88.955
11.68	89.317
11.78	89.679
11.88	90.042
11.97	90.404
12.07	90.767
12.17	91.129
12.27	91.492
12.37	91.854
12.47	92.217
12.57	92.580
12.67	92.943
12.77	93.305
12.87	93.668
12.97	94.031
13.07	94.394
13.18	94.757
13.28	95.120
13.38	95.483
13.49	95.847
13.59	96.210
13.69	96.573
13.80	96.937
13.90	97.300
14.01	97.663
14.12	98.027
14.22	98.391
14.33	98.754
14.44	99.118
14.54	99.482
14.65	99.845
14.76	100.209
14.87	100.573
14.98	100.937
15.09	101.301
15.20	101.665
15.31	102.029
15.42	102.393
15.53	102.757
15.64	103.122
15.75	103.486
15.87	103.850
15.98	104.215
16.09	104.579
16.21	104.944
16.32	105.308
16.43	105.673
16.55	106.037
16.66	106.402
16.78	106.767
16.90	107.132
17.01	107.496
17.13	107.861
17.25	108.226
17.36	108.591
17.48	108.956
17.60	109.321
17.72	109.687
17.84	110.052
17.96	110.417
18.08	110.782
18.20	111.148
18.32	111.513
18.44	111.879
18.56	112.244
18.68	112.610
18.81	112.975
18.93	113.341
19.05	113.706
19.18	114.072
19.30	114.438
19.43	114.804
19.55	115.170
19.68	115.536
19.80	115.902
19.93	116.268
20.05	116.634
20.18	117.000
20.31	117.366
20.44	117.732
20.56	118.099
20.69	118.465
20.82	118.831
20.95	119.198
21.08	119.564
21.21	119.931
21.34	120.297
21.47	120.664
21.60	121.030
21.73	121.397
21.87	121.764
22.00	122.131
22.13	122.498
22.27	122.864
22.40	123.231
22.53	123.598
22.67	123.965
22.80	124.333
22.94	124.700
23.07	125.067
23.21	125.434
23.35	125.801
23.48	126.169
23.62	126.536
23.76	126.903
23.90	127.271
24.04	127.638
24.17	128.006
24.31	128.373
24.45	128.741
24.59	129.109
24.73	129.477
24.88	129.844
25.02	130.212
25.16	130.580
25.30	130.948
25.44	131.316
25.59	131.684
25.73	132.052
25.87	132.420
26.02	132.788
26.16	133.156
26.31	133.525
26.45	133.893
26.60	134.261
26.74	134.630
26.89	134.998
27.04	135.366
27.19	135.735
27.33	136.103
27.48	136.472
27.63	136.841
27.78	137.209
27.93	137.578
28.08	137.947
28.23	138.316
28.38	138.684
28.53	139.053
28.68	139.422
28.83	139.791
28.99	140.160
29.14	140.529
29.29	140.899
29.45	141.268
29.60	141.637
29.75	142.006
29.91	142.375
30.06	142.745
30.22	143.114
30.38	143.484
30.53	143.853
30.69	144.223
30.85	144.592
31.00	144.962
31.16	145.331
31.32	145.701
31.48	146.071
31.64	146.440
31.80	146.810
31.96	147.180
32.12	147.550
32.28	147.920
32.44	148.290
32.60	148.660
32.76	149.030
32.93	149.400
33.09	149.770
33.25	150.140
33.41	150.511
33.58	150.881
33.74	151.251
33.91	151.622
34.07	151.992
34.24	152.362
34.40	152.733
34.57	153.103
34.74	153.474
34.91	153.845
35.07	154.215
35.24	154.586
35.41	154.957
35.58	155.327
35.75	155.698
35.92	156.069
36.09	156.440
36.26	156.811
36.43	157.182
36.60	157.553
36.77	157.924
36.94	158.295
37.12	158.666
37.29	159.037
37.46	159.408
37.64	159.780
37.81	160.151
37.99	160.522
38.16	160.894
38.34	161.265
38.51	161.636
38.69	162.008
38.86	162.379
39.04	162.751
39.22	163.123
39.40	163.494
39.57	163.866
39.75	164.238
39.93	164.609
40.11	164.981
40.29	165.353
40.47	165.725
40.65	166.097
40.83	166.469
41.01	166.841
41.20	167.213
41.38	167.585
41.56	167.957
41.74	168.329
41.93	168.701
42.11	169.074
42.30	169.446
42.48	169.818
42.67	170.190
42.85	170.563
43.04	170.935
43.22	171.308
43.41	171.680
43.60	172.053
43.78	172.425
43.97	172.798
44.16	173.171
44.35	173.543
44.54	173.916
44.73	174.289
44.92	174.661
45.11	175.034
45.30	175.407
45.49	175.780
45.68	176.153
45.87	176.526
46.07	176.899
46.26	177.272
46.45	177.645
46.65	178.018
46.84	178.391
47.03	178.765
47.23	179.138
47.42	179.511
47.62	179.884
47.82	180.258
48.01	180.631
48.21	181.004
48.41	181.378
48.60	181.751
48.80	182.125
49.00	182.498
49.20	182.872
49.40	183.246
49.60	183.619
49.80	183.993
50.00	184.367
50.20	184.740
50.40	185.114
50.60	185.488
50.80	185.862
51.01	186.236
51.21	186.610
51.41	186.984
51.62	187.358
51.82	187.732
52.03	188.105
52.23	188.479
52.44	188.853
52.64	189.227
52.85	189.601
53.05	189.975
53.26	190.348
53.47	190.722
53.68	191.096
53.88	191.470
54.09	191.844
54.30	192.217
54.51	192.591
54.72	192.965
54.93	193.338
55.14	193.712
55.35	194.086
55.57	194.459
55.78	194.833
55.99	195.206
56.20	195.580
56.42	195.953
56.63	196.327
56.84	196.700
57.06	197.074
57.27	197.447
57.49	197.821
57.70	198.194
57.92	198.568
58.13	198.941
58.35	199.314
58.57	199.688
58.79	200.061
59.00	200.434
59.22	200.807
59.44	201.180
59.66	201.554
59.88	201.927
60.10	202.300
60.32	202.673
60.54	203.046
60.76	203.419
60.98	203.792
61.20	204.165
61.43	204.538
61.65	204.911
61.87	205.284
62.10	205.656
62.32	206.029
62.55	206.402
62.77	206.775
63.00	207.147
63.22	207.520
63.45	207.893
63.67	208.265
63.90	208.638
64.13	209.010
64.35	209.383
64.58	209.755
64.81	210.128
65.04	210.500
65.27	210.872
65.50	211.245
65.73	211.617
65.96	211.989
66.19	212.361
66.42	212.733
66.65	213.105
66.88	213.477
67.12	213.849
67.35	214.221
67.58	214.593
67.82	214.965
68.05	215.337
68.29	215.709
68.52	216.080
68.76	216.452
68.99	216.824
69.23	217.195
69.46	217.567
69.70	217.938
69.94	218.310
70.18	218.681
70.41	219.052
70.65	219.424
70.89	219.795
71.13	220.166
71.37	220.537
71.61	220.908
71.85	221.279
72.09	221.650
72.33	222.021
72.57	222.392
72.82	222.763
73.06	223.133
73.30	223.504
73.54	223.875
73.79	224.245
74.03	224.616
74.28	224.986
74.52	225.357
74.77	225.727
75.01	226.097
75.26	226.467
75.51	226.838
75.75	227.208
76.00	227.578
76.25	227.948
76.50	228.318
76.74	228.687
76.99	229.057
77.24	229.427
77.49	229.797
77.74	230.166
77.99	230.536
78.24	230.905
78.49	231.274
78.75	231.644
79.00	232.013
79.25	232.382
79.50	232.751
79.76	233.120
80.01	233.489
80.26	233.858
80.52	234.227
80.77	234.596
81.03	234.965
81.28	235.333
81.54	235.702
81.80	236.070
82.05	236.439
82.31	236.807
82.57	237.175
82.83	237.543
83.08	237.912
83.34	238.280
83.60	238.648
83.86	239.015
84.12	239.383
84.38	239.751
84.64	240.119
84.90	240.486
85.17	240.854
85.43	241.221
85.69	241.588
85.95	241.956
86.22	242.323
86.48	242.690
86.74	243.057
87.01	243.424
87.27	243.790
87.54	244.157
87.80	244.524
88.07	244.890
88.33	245.257
88.60	245.623
88.87	245.990
89.14	246.356
89.40	246.722
89.67	247.088
89.94	247.454
90.21	247.820
90.48	248.186
90.75	248.551
91.02	248.917
91.29	249.282
91.56	249.648
91.83	250.013
92.10	250.378
92.38	250.744
92.65	251.109
92.92	251.473
93.20	251.838
93.47	252.203
93.74	252.568
94.02	252.932
94.29	253.297
94.57	253.661
94.84	254.025
95.12	254.390
95.40	254.754
95.67	255.118
95.95	255.481
96.23	255.845
96.51	256.209
96.78	256.572
97.06	256.936
97.34	257.299
97.62	257.663
97.90	258.026
98.18	258.389
98.46	258.752
98.74	259.115
99.03	259.477
99.31	259.840
99.59	260.202
99.87	260.565
100.16	260.927
100.44	261.289
100.72	261.651
101.01	262.013
101.29	262.375
101.58	262.737
101.86	263.099
102.15	263.460
102.43	263.822
102.72	264.183
103.01	264.544
103.30	264.905
103.58	265.266
103.87	265.627
104.16	265.988
104.45	266.348
104.74	266.709
105.03	267.069
105.32	267.430
105.61	267.790
105.90	268.150
106.19	268.510
106.48	268.869
106.77	269.229
107.07	269.589
107.36	269.948
107.65	270.307
107.94	270.666
108.24	271.025
108.53	271.384
108.83	271.743
109.12	272.101
109.42	272.459
109.71	272.817
110.01	273.175
110.31	273.533
110.60	273.890
110.90	274.248
111.20	274.605
111.50	274.962
111.80	275.319
112.09	275.675
112.39	276.032
112.69	276.388
112.99	276.744
113.29	277.100
113.59	277.456
113.90	277.811
114.20	278.167
114.50	278.522
114.80	278.877
115.10	279.232
115.41	279.586
115.71	279.941
116.01	280.295
116.32	280.649
116.62	281.003
116.93	281.356
117.23	281.710
117.54	282.063
117.84	282.416
118.15	282.769
118.46	283.122
118.76	283.475
119.07	283.827
119.38	284.179
119.69	284.531
120.00	284.883
120.31	285.234
120.62	285.586
120.93	285.937
121.24	286.288
121.55	286.639
121.86	286.989
122.17	287.340
122.48	287.690
122.79	288.040
123.10	288.390
123.42	288.739
123.73	289.089
124.04	289.438
124.36	289.787
124.67	290.135
124.99	290.484
125.30	290.832
125.62	291.180
125.93	291.528
126.25	291.876
126.57	292.224
126.88	292.571
127.20	292.918
127.52	293.265
127.84	293.612
128.15	293.958
128.47	294.304
128.79	294.650
129.11	294.996
129.43	295.342
129.75	295.687
130.07	296.032
130.39	296.377
130.71	296.722
131.03	297.066
131.36	297.411
131.68	297.755
132.00	298.099
132.33	298.442
132.65	298.786
132.97	299.129
133.30	299.472
133.62	299.815
133.95	300.157
134.27	300.499
134.60	300.842
134.92	301.183
135.25	301.525
135.58	301.866
135.90	302.208
136.23	302.549
136.56	302.889
136.89	303.230
137.22	303.570
137.54	303.910
137.87	304.250
138.20	304.590
138.53	304.929
138.86	305.268
139.19	305.607
139.53	305.946
139.86	306.285
140.19	306.623
140.52	306.961
140.85	307.299
141.19	307.636
141.52	307.974
141.85	308.311
142.19	308.648
142.52	308.985
142.86	309.321
143.19	309.657
143.53	309.994
143.86	310.329
144.20	310.665
144.53	311.000
144.87	311.335
145.21	311.670
145.55	312.005
145.88	312.339
146.22	312.674
146.56	313.007
146.90	313.341
147.24	313.675
147.58	314.008
147.92	314.341
148.26	314.674
148.60	315.006
148.94	315.339
149.28	315.671
149.62	316.002
149.97	316.334
150.31	316.665
150.65	316.997
150.99	317.327
151.34	317.658
151.68	317.988
152.03	318.319
152.37	318.648
152.72	318.978
153.06	319.308
153.41	319.637
153.75	319.966
154.10	320.294
154.44	320.623
154.79	320.951
155.14	321.279
155.49	321.607
155.83	321.934
156.18	322.261
156.53	322.588
156.88	322.915
157.23	323.241
157.58	323.568
157.93	323.894
158.28	324.219
158.63	324.545
158.98	324.870
159.33	325.195
159.69	325.520
160.04	325.844
160.39	326.168
160.74	326.492
161.10	326.816
161.45	327.139
161.80	327.463
162.16	327.785
162.51	328.108
162.87	328.431
163.22	328.753
163.58	329.075
163.93	329.396
164.29	329.718
164.65	330.039
165.00	330.360
165.36	330.680
165.72	331.001
166.08	331.321
166.43	331.641
166.79	331.960
167.15	332.279
167.51	332.599
167.87	332.917
168.23	333.236
168.59	333.554
168.95	333.872
169.31	334.190
169.67	334.507
170.03	334.825
170.40	335.142
170.76	335.459
171.12	335.776
171.48	336.092
171.85	336.409
172.21	336.726
172.57	337.042
172.94	337.358
173.30	337.674
173.67	337.990
174.03	338.306
174.40	338.622
174.76	338.937
175.13	339.253
175.50	339.568
175.86	339.883
176.23	340.199
176.60	340.513
176.96	340.828
177.33	341.143
177.70	341.457
178.07	341.772
178.44	342.086
178.81	342.400
179.18	342.714
179.55	343.028
179.92	343.342
180.29	343.655
180.66	343.969
181.03	344.282
181.40	344.595
181.78	344.908
182.15	345.221
182.52	345.534
182.89	345.847
183.27	346.159
183.64	346.472
184.01	346.784
184.39	347.096
184.76	347.408
185.14	347.720
185.51	348.031
185.89	348.343
186.27	348.654
186.64	348.966
187.02	349.277
187.40	349.588
187.77	349.899
188.15	350.209
188.53	350.520
188.91	350.831
189.28	351.141
189.66	351.451
190.04	351.761
190.42	352.071
190.80	352.381
191.18	352.691
191.56	353.000
191.94	353.309
192.32	353.619
192.71	353.928
193.09	354.237
193.47	354.546
193.85	354.854
194.23	355.163
194.62	355.471
195.00	355.780
195.38	356.088
195.77	356.396
196.15	356.704
196.54	357.012
196.92	357.320
197.31	357.627
197.69	357.935
198.08	358.242
198.47	358.549
198.85	358.856
199.24	359.163
199.63	359.470
200.01	359.777
200.40	360.084
200.79	360.390
201.18	360.696
201.57	361.003
201.96	361.309
202.34	361.615
202.73	361.920
203.12	362.226
203.51	362.532
203.91	362.837
204.30	363.142
204.69	363.448
205.08	363.753
205.47	364.058
205.86	364.362
206.26	364.667
206.65	364.972
207.04	365.276
207.44	365.580
207.83	365.885
208.22	366.189
208.62	366.492
209.01	366.796
209.41	367.100
209.80	367.404
210.20	367.708
210.59	368.012
210.99	368.315
211.39	368.619
211.78	368.923
212.18	369.226
212.58	369.530
212.98	369.833
213.38	370.137
213.77	370.440
214.17	370.744
214.57	371.047
214.97	371.351
215.37	371.654
215.77	371.957
216.17	372.261
216.57	372.564
216.97	372.867
217.38	373.170
217.78	373.473
218.18	373.777
218.58	374.080
218.98	374.383
219.39	374.686
219.79	374.989
220.19	375.292
220.60	375.595
221.00	375.898
221.41	376.201
221.81	376.503
222.22	376.806
222.62	377.109
223.03	377.412
223.43	377.715
223.84	378.017
224.25	378.320
224.65	378.623
225.06	378.925
225.47	379.228
225.88	379.531
226.29	379.833
226.69	380.136
227.10	380.438
227.51	380.741
227.92	381.043
228.33	381.345
228.74	381.648
229.15	381.950
229.56	382.253
229.97	382.555
230.38	382.857
230.80	383.159
231.21	383.462
231.62	383.764
232.03	384.066
232.45	384.368
232.86	384.670
233.27	384.973
233.69	385.275
234.10	385.577
234.52	385.879
234.93	386.181
235.35	386.483
235.76	386.785
236.18	387.087
236.59	387.389
237.01	387.691
237.43	387.993
237.84	388.294
238.26	388.596
238.68	388.898
239.10	389.200
239.51	389.502
239.93	389.804
240.35	390.105
240.77	390.407
241.19	390.709
241.61	391.010
242.03	391.312
242.45	391.614
242.87	391.915
243.29	392.217
243.71	392.519
244.14	392.820
244.56	393.122
244.98	393.423
245.40	393.725
245.83	394.026
246.25	394.328
246.67	394.629
247.10	394.931
247.52	395.232
247.95	395.533
248.37	395.835
248.79	396.136
249.22	396.438
249.65	396.739
250.07	397.040
250.50	397.341
250.93	397.643
251.35	397.944
251.78	398.245
252.21	398.546
252.63	398.848
253.06	399.149
253.49	399.450
253.92	399.751
254.35	400.052
254.78	400.353
255.21	400.654
255.64	400.955
256.07	401.256
256.50	401.557
256.93	401.858
257.36	402.158
257.79	402.459
258.23	402.760
258.66	403.061
259.09	403.361
259.52	403.662
259.96	403.963
260.39	404.263
260.82	404.564
261.26	404.865
261.69	405.165
262.13	405.466
262.56	405.766
263.00	406.067
263.43	406.367
263.87	406.667
264.30	406.968
264.74	407.268
265.18	407.568
265.62	407.869
266.05	408.169
266.49	408.469
266.93	408.769
267.37	409.070
267.81	409.370
268.24	409.670
268.68	409.970
269.12	410.270
269.56	410.570
270.00	410.870
270.44	411.170
270.88	411.470
271.33	411.770
271.77	412.070
272.21	412.370
272.65	412.670
273.09	412.970
273.54	413.269
273.98	413.569
274.42	413.869
274.87	414.169
275.31	414.469
275.75	414.768
276.20	415.068
276.64	415.368
277.09	415.667
277.53	415.967
277.98	416.266
278.43	416.566
278.87	416.866
279.32	417.165
279.77	417.465
280.21	417.764
280.66	418.064
281.11	418.363
281.56	418.662
282.01	418.962
282.45	419.261
282.90	419.561
283.35	419.860
283.80	420.159
284.25	420.459
284.70	420.758
285.15	421.057
285.60	421.356
286.06	421.656
286.51	421.955
286.96	422.254
287.41	422.553
287.86	422.852
288.32	423.151
288.77	423.451
289.22	423.750
289.68	424.049
290.13	424.348
290.59	424.647
291.04	424.946
291.49	425.245
291.95	425.544
292.41	425.843
292.86	426.142
293.32	426.441
293.77	426.740
294.23	427.039
294.69	427.337
295.15	427.636
295.60	427.935
296.06	428.234
296.52	428.533
296.98	428.832
297.44	429.130
297.90	429.429
298.36	429.728
298.82	430.026
299.28	430.325
299.74	430.623
300.20	430.922
300.66	431.220
301.12	431.519
301.58	431.817
302.04	432.115
302.50	432.413
302.97	432.712
303.43	433.010
303.89	433.308
304.36	433.606
304.82	433.904
305.28	434.202
305.75	434.499
306.21	434.797
306.68	435.095
307.14	435.393
307.61	435.690
308.08	435.988
308.54	436.285
309.01	436.583
309.47	436.880
309.94	437.178
310.41	437.475
310.88	437.772
311.34	438.070
311.81	438.367
312.28	438.664
312.75	438.961
313.22	439.258
313.69	439.555
314.16	439.852
314.63	440.149
315.10	440.446
315.57	440.742
316.04	441.039
316.51	441.336
316.98	441.633
317.46	441.929
317.93	442.226
318.40	442.522
318.87	442.819
319.35	443.115
319.82	443.412
320.29	443.708
320.77	444.004
321.24	444.300
321.72	444.597
322.19	444.893
322.67	445.189
323.14	445.485
323.62	445.781
324.09	446.077
324.57	446.373
325.05	446.669
325.52	446.964
326.00	447.260
326.48	447.556
326.96	447.852
327.44	448.147
327.91	448.443
328.39	448.738
328.87	449.034
329.35	449.329
329.83	449.625
330.31	449.920
330.79	450.216
331.27	450.511
331.75	450.806
332.23	451.101
332.72	451.396
333.20	451.692
333.68	451.987
334.16	452.282
334.64	452.577
335.13	452.872
335.61	453.166
336.09	453.461
336.58	453.756
337.06	454.051
337.55	454.346
338.03	454.640
338.52	454.935
339.00	455.230
339.49	455.524
339.97	455.819
340.46	456.113
340.95	456.408
341.43	456.702
341.92	456.996
342.41	457.291
342.90	457.585
343.38	457.879
343.87	458.173
344.36	458.468
344.85	458.762
345.34	459.056
345.83	459.350
346.32	459.644
346.81	459.938
347.30	460.232
347.79	460.526
348.28	460.820
348.77	461.114
349.26	461.408
349.76	461.702
350.25	461.996
350.74	462.290
351.23	462.584
351.73	462.877
352.22	463.171
352.71	463.465
353.21	463.759
353.70	464.053
354.20	464.347
354.69	464.641
355.19	464.935
355.68	465.229
356.18	465.522
356.67	465.816
357.17	466.110
357.67	466.404
358.16	466.698
358.66	466.991
359.16	467.285
359.66	467.579
360.16	467.873
360.65	468.167
361.15	468.460
361.65	468.754
362.15	469.048
362.65	469.342
363.15	469.636
363.65	469.929
364.15	470.223
364.65	470.517
365.15	470.811
365.65	471.104
366.16	471.398
366.66	471.692
367.16	471.985
367.66	472.279
368.17	472.573
368.67	472.867
369.17	473.160
369.68	473.454
370.18	473.748
370.68	474.042
371.19	474.335
371.69	474.629
372.20	474.923
372.71	475.216
373.21	475.510
373.72	475.804
374.22	476.097
374.73	476.391
375.24	476.685
375.74	476.979
376.25	477.272
376.76	477.566
377.27	477.860
377.78	478.153
378.29	478.447
378.79	478.741
379.30	479.034
379.81	479.328
380.32	479.622
380.83	479.916
381.34	480.209
381.86	480.503
382.37	480.797
382.88	481.090
383.39	481.384
383.90	481.678
384.41	481.972
384.93	482.265
385.44	482.559
385.95	482.853
386.47	483.147
386.98	483.440
387.49	483.734
388.01	484.028
388.52	484.322
389.04	484.615
389.55	484.909
390.07	485.203
390.58	485.497
391.10	485.791
391.62	486.084
392.13	486.378
392.65	486.672
393.17	486.966
393.69	487.260
394.20	487.553
394.72	487.847
395.24	488.141
395.76	488.435
396.28	488.729
396.80	489.023
397.32	489.316
397.84	489.610
398.36	489.904
398.88	490.198
399.40	490.492
399.92	490.786
400.44	491.080
400.96	491.374
401.49	491.668
402.01	491.962
402.53	492.256
403.05	492.550
403.58	492.844
404.10	493.138
404.62	493.432
405.15	493.726
405.67	494.020
406.20	494.314
406.72	494.608
407.25	494.902
407.77	495.196
408.30	495.490
408.83	495.784
409.35	496.078
409.88	496.372
410.41	496.666
410.93	496.961
411.46	497.255
411.99	497.549
412.52	497.843
413.05	498.137
413.57	498.432
414.10	498.726
414.63	499.020
415.16	499.314
415.69	499.609
416.22	499.903
416.75	500.197
417.28	500.492
417.81	500.786
418.35	501.080
418.88	501.375
419.41	501.669
419.94	501.963
420.48	502.258
421.01	502.552
421.54	502.847
422.07	503.141
422.61	503.436
423.14	503.730
423.68	504.025
424.21	504.319
424.75	504.614
425.28	504.908
425.82	505.203
426.35	505.498
426.89	505.792
427.43	506.087
427.96	506.382
428.50	506.676
429.04	506.971
429.57	507.266
430.11	507.561
430.65	507.855
431.19	508.150
431.73	508.445
432.27	508.740
432.81	509.035
433.35	509.330
433.89	509.625
434.43	509.920
434.97	510.215
435.51	510.509
436.05	510.804
436.59	511.100
437.13	511.395
437.67	511.690
438.22	511.985
438.76	512.280
439.30	512.575
439.84	512.870
440.39	513.165
440.93	513.461
441.48	513.756
442.02	514.051
442.57	514.346
443.11	514.642
443.66	514.937
444.20	515.232
444.75	515.528
445.29	515.823
445.84	516.119
446.39	516.414
446.93	516.710
447.48	517.005
448.03	517.301
448.58	517.596
449.12	517.892
449.67	518.188
450.22	518.483
450.77	518.779
451.32	519.075
451.87	519.371
452.42	519.666
452.97	519.962
453.52	520.258
454.07	520.554
454.62	520.850
455.17	521.146
455.73	521.442
456.28	521.738
456.83	522.034
457.38	522.330
457.93	522.626
458.49	522.922
459.04	523.218
459.60	523.514
460.15	523.811
460.70	524.107
461.26	524.403
461.81	524.700
462.37	524.996
462.92	525.292
463.48	525.589
464.04	525.885
464.59	526.182
465.15	526.478
465.71	526.775
466.26	527.071
466.82	527.368
467.38	527.665
467.94	527.961
468.50	528.258
469.05	528.555
469.61	528.852
470.17	529.149
470.73	529.445
471.29	529.742
471.85	530.039
472.41	530.336
472.97	530.633
473.54	530.930
474.10	531.228
474.66	531.525
475.22	531.822
475.78	532.119
476.35	532.416
476.91	532.714
477.47	533.011
478.03	533.308
478.60	533.606
479.16	533.903
479.73	534.201
480.29	534.498
480.86	534.796
481.42	535.093
481.99	535.391
482.55	535.689
483.12	535.987
483.69	536.284
484.25	536.582
484.82	536.880
485.39	537.178
485.95	537.476
486.52	537.774
487.09	538.072
487.66	538.370
488.23	538.668
488.80	538.966
489.37	539.265
489.94	539.563
490.51	539.861
491.08	540.159
491.65	540.458
492.22	540.756
492.79	541.055
493.36	541.353
493.93	541.652
494.50	541.950
495.08	542.249
495.65	542.548
496.22	542.847
496.79	543.145
497.37	543.444
497.94	543.743
498.52	544.042
499.09	544.341
499.66	544.640
500.24	544.939
500.82	545.238
501.39	545.537
501.97	545.837
502.54	546.136
503.12	546.435
503.70	546.735
504.27	547.034
504.85	547.334
505.43	547.633
506.01	547.933
506.58	548.232
507.16	548.532
507.74	548.832
508.32	549.132
508.90	549.431
509.48	549.731
510.06	550.031
510.64	550.331
511.22	550.631
511.80	550.931
512.38	551.231
512.96	551.532
513.55	551.832
514.13	552.132
514.71	552.433
515.29	552.733
515.88	553.034
516.46	553.334
517.04	553.635
517.63	553.935
518.21	554.236
518.80	554.537
519.38	554.838
519.96	555.138
520.55	555.439
521.14	555.740
521.72	556.041
522.31	556.342
522.89	556.644
523.48	556.945
524.07	557.246
524.66	557.547
525.24	557.849
525.83	558.150
526.42	558.452
527.01	558.753
527.60	559.055
528.19	559.356
528.78	559.658
529.37	559.960
529.96	560.262
530.55	560.564
531.14	560.866
531.73	561.168
532.32	561.470
532.91	561.772
533.50	562.074
534.09	562.376
534.69	562.679
535.28	562.981
535.87	563.284
536.47	563.586
537.06	563.889
537.65	564.191
538.25	564.494
538.84	564.797
539.44	565.100
540.03	565.403
540.63	565.706
541.22	566.009
541.82	566.312
542.42	566.615
543.01	566.918
543.61	567.221
544.21	567.525
544.80	567.828
545.40	568.132
546.00	568.435
546.60	568.739
547.20	569.042
547.80	569.346
548.40	569.650
549.00	569.954
549.59	570.258
550.20	570.562
550.80	570.866
551.40	571.170
552.00	571.474
552.60	571.779
553.20	572.083
553.80	572.388
554.40	572.692
555.01	572.997
555.61	573.301
556.21	573.606
556.82	573.911
557.42	574.216
558.02	574.521
558.63	574.826
559.23	575.131
559.84	575.436
560.44	575.741
561.05	576.046
561.66	576.352
562.26	576.657
562.87	576.963
563.48	577.268
564.08	577.574
564.69	577.880
565.30	578.185
565.91	578.491
566.51	578.797
567.12	579.103
567.73	579.409
568.34	579.716
568.95	580.022
569.56	580.328
570.17	580.635
570.78	580.941
571.39	581.248
572.00	581.554
572.61	581.861
573.22	582.168
573.84	582.475
574.45	582.782
575.06	583.089
575.67	583.396
576.29	583.703
576.90	584.010
577.51	584.318
578.13	584.625
578.74	584.932
579.36	585.240
579.97	585.548
580.59	585.855
581.20	586.163
581.82	586.471
582.43	586.779
583.05	587.087
583.67	587.395
584.28	587.704
584.90	588.012
585.52	588.320
586.14	588.629
586.76	588.937
587.37	589.246
587.99	589.555
588.61	589.863
589.23	590.172
589.85	590.481
590.47	590.790
591.09	591.100
591.71	591.409
592.33	591.718
592.95	592.028
593.58	592.337
594.20	592.647
594.82	592.956
595.44	593.266
596.06	593.576
596.69	593.886
597.31	594.196
597.93	594.506
598.56	594.816
599.18	595.126
599.81	595.437
600.43	595.747
601.06	596.058
601.68	596.368
602.31	596.679
602.93	596.990
603.56	597.301
604.19	597.612
604.81	597.923
605.44	598.234
606.07	598.545
606.70	598.856
607.33	599.168
607.95	599.479
608.58	599.791
609.21	600.103
609.84	600.415
610.47	600.726
611.10	601.038
611.73	601.351
612.36	601.663
612.99	601.975
613.62	602.287
614.26	602.600
614.89	602.912
615.52	603.225
616.15	603.538
616.79	603.851
617.42	604.164
618.05	604.477
618.69	604.790
619.32	605.103
619.95	605.416
620.59	605.730
621.22	606.043
621.86	606.357
622.49	606.670
623.13	606.984
623.77	607.298
624.40	607.612
625.04	607.926
625.68	608.240
626.31	608.555
626.95	608.869
627.59	609.184
628.23	609.498
628.87	609.813
629.51	610.128
630.14	610.443
630.78	610.758
631.42	611.073
632.06	611.388
632.70	611.703
633.35	612.019
633.99	612.334
634.63	612.650
635.27	612.965
635.91	613.281
636.55	613.597
637.20	613.913
637.84	614.229
638.48	614.546
639.13	614.862
639.77	615.178
640.41	615.495
641.06	615.812
641.70	616.128
642.35	616.445
642.99	616.762
643.64	617.079
644.29	617.396
644.93	617.714
645.58	618.031
646.22	618.349
646.87	618.666
647.52	618.984
648.17	619.302
648.82	619.620
649.46	619.938
650.11	620.256
650.76	620.574
651.41	620.892
652.06	621.211
652.71	621.529
653.36	621.848
654.01	622.167
654.66	622.486
655.31	622.805
655.97	623.124
656.62	623.443
657.27	623.763
657.92	624.082
658.58	624.402
659.23	624.721
659.88	625.041
660.54	625.361
661.19	625.681
661.84	626.001
662.50	626.322
663.15	626.642
663.81	626.963
664.46	627.283
665.12	627.604
665.78	627.925
666.43	628.246
667.09	628.567
667.75	628.888
668.40	629.209
669.06	629.531
669.72	629.852
670.38	630.174
671.04	630.496
671.70	630.818
672.36	631.140
673.02	631.462
673.68	631.784
674.34	632.106
675.00	632.429
675.66	632.751
676.32	633.074
676.98	633.396
677.64	633.719
678.30	634.042
678.97	634.365
679.63	634.688
680.29	635.011
680.96	635.334
681.62	635.658
682.28	635.981
682.95	636.305
683.61	636.628
684.28	636.952
684.94	637.276
685.61	637.600
686.27	637.924
686.94	638.248
687.61	638.572
688.27	638.896
688.94	639.221
689.61	639.545
690.28	639.870
690.95	640.194
691.61	640.519
692.28	640.844
692.95	641.169
693.62	641.494
694.29	641.819
694.96	642.145
695.63	642.470
696.30	642.796
696.97	643.121
697.64	643.447
698.32	643.773
698.99	644.098
699.66	644.424
700.33	644.751
701.01	645.077
701.68	645.403
702.35	645.729
703.03	646.056
703.70	646.383
704.37	646.709
705.05	647.036
705.72	647.363
706.40	647.690
707.08	648.017
707.75	648.344
708.43	648.672
709.10	648.999
709.78	649.327
710.46	649.654
711.14	649.982
711.81	650.310
712.49	650.638
713.17	650.966
713.85	651.294
714.53	651.623
715.21	651.951
715.89	652.280
716.57	652.608
717.25	652.937
717.93	653.266
718.61	653.595
719.29	653.924
719.98	654.253
720.66	654.582
721.34	654.912
722.02	655.241
722.71	655.571
723.39	655.901
724.07	656.230
724.76	656.560
725.44	656.890
726.13	657.221
726.81	657.551
727.50	657.881
728.18	658.212
728.87	658.542
729.55	658.873
730.24	659.204
730.93	659.535
731.61	659.866
732.30	660.197
732.99	660.529
733.68	660.860
734.37	661.192
735.06	661.523
735.74	661.855
736.43	662.187
737.12	662.519
737.81	662.851
738.50	663.183
739.20	663.516
739.89	663.848
740.58	664.181
741.27	664.513
741.96	664.846
742.65	665.179
743.35	665.512
744.04	665.845
744.73	666.179
745.43	666.512
746.12	666.846
746.81	667.179
747.51	667.513
748.20	667.847
748.90	668.181
749.60	668.515
750.29	668.849
750.99	669.184
751.68	669.518
752.38	669.853
753.08	670.188
753.78	670.523
754.47	670.858
755.17	671.193
755.87	671.528
756.57	671.863
757.27	672.199
757.97	672.535
758.67	672.870
759.37	673.206
760.07	673.542
760.77	673.878
761.47	674.214
762.17	674.551
762.87	674.887
763.57	675.224
764.28	675.561
764.98	675.898
765.68	676.235
766.39	676.572
767.09	676.909
767.79	677.246
768.50	677.584
769.20	677.922
769.91	678.259
770.61	678.597
771.32	678.935
772.03	679.273
772.73	679.612
773.44	679.950
774.15	680.289
774.85	680.627
775.56	680.966
776.27	681.305
776.98	681.644
777.68	681.983
778.39	682.323
779.10	682.662
779.81	683.002
780.52	683.342
781.23	683.682
781.94	684.022
782.65	684.362
783.37	684.702
784.08	685.042
784.79	685.383
785.50	685.724
786.21	686.064
786.93	686.405
787.64	686.746
788.35	687.088
789.07	687.429
789.78	687.771
790.50	688.112
791.21	688.454
791.93	688.796
792.64	689.138
793.36	689.480
794.07	689.822
794.79	690.165
795.51	690.507
796.22	690.850
796.94	691.193
797.66	691.536
798.38	691.879
799.10	692.223
799.81	692.566
800.53	692.910
801.25	693.253
801.97	693.597
802.69	693.941
803.41	694.285
804.13	694.630
804.86	694.974
805.58	695.319
806.30	695.663
807.02	696.008
807.74	696.353
808.47	696.698
809.19	697.044
809.91	697.389
810.64	697.735
811.36	698.080
812.09	698.426
812.81	698.772
813.54	699.118
814.26	699.465
814.99	699.811
815.71	700.158
816.44	700.505
817.17	700.851
817.89	701.199
818.62	701.546
819.35	701.893
820.08	702.241
820.80	702.588
821.53	702.936
822.26	703.284
822.99	703.632
823.72	703.980
824.45	704.329
825.18	704.677
825.91	705.026
826.64	705.375
827.38	705.724
828.11	706.073
828.84	706.422
829.57	706.772
830.31	707.121
831.04	707.471
831.77	707.821
832.51	708.171
833.24	708.521
833.97	708.871
834.71	709.222
835.45	709.573
836.18	709.924
836.92	710.274
837.65	710.626
838.39	710.977
839.13	711.328
839.86	711.680
840.60	712.032
841.34	712.384
842.08	712.736
842.82	713.088
843.55	713.440
844.29	713.793
845.03	714.146
845.77	714.499
846.51	714.852
847.25	715.205
848.00	715.558
848.74	715.912
849.48	716.265
850.22	716.619
850.96	716.973
851.71	717.327
852.45	717.682
853.19	718.036
853.94	718.391
854.68	718.745
855.42	719.100
856.17	719.456
856.91	719.811
857.66	720.166
858.40	720.522
859.15	720.878
859.90	721.234
860.64	721.590
861.39	721.946
862.14	722.302
862.89	722.659
863.63	723.016
864.38	723.373
865.13	723.730
865.88	724.087
866.63	724.445
867.38	724.802
868.13	725.160
868.88	725.518
869.63	725.876
870.38	726.234
871.13	726.593
871.89	726.951
872.64	727.310
873.39	727.669
874.14	728.028
874.90	728.387
875.65	728.747
876.41	729.107
877.16	729.466
877.91	729.826
878.67	730.186
879.42	730.547
880.18	730.907
880.94	731.268
881.69	731.629
882.45	731.990
883.21	732.351
883.96	732.712
884.72	733.074
885.48	733.436
886.24	733.797
887.00	734.160
887.76	734.522
888.52	734.884
889.28	735.247
890.04	735.610
890.80	735.972
891.56	736.336
892.32	736.699
893.08	737.062
893.84	737.426
894.61	737.790
895.37	738.154
896.13	738.518
896.89	738.882
897.66	739.247
898.42	739.612
899.19	739.977
899.95	740.342
900.72	740.707
901.48	741.072
902.25	741.438
903.01	741.804
903.78	742.170
904.55	742.536
905.32	742.902
906.08	743.269
906.85	743.636
907.62	744.002
908.39	744.370
909.16	744.737
909.93	745.104
910.70	745.472
911.47	745.840
912.24	746.208
913.01	746.576
913.78	746.944
914.55	747.313
915.32	747.682
916.09	748.051
916.87	748.420
917.64	748.789
918.41	749.159
919.19	749.528
919.96	749.898
920.73	750.268
921.51	750.638
922.28	751.009
923.06	751.380
923.84	751.750
924.61	752.121
925.39	752.493
926.16	752.864
926.94	753.236
927.72	753.607
928.50	753.979
929.28	754.352
930.05	754.724
930.83	755.096
931.61	755.469
932.39	755.842
933.17	756.215
933.95	756.589
934.73	756.962
935.51	757.336
936.30	757.710
937.08	758.084
937.86	758.458
938.64	758.833
939.43	759.207
940.21	759.582
940.99	759.957
941.78	760.333
942.56	760.708
943.34	761.084
944.13	761.460
944.92	761.836
945.70	762.212
946.49	762.589
947.27	762.965
948.06	763.342
948.85	763.719
949.64	764.097
950.42	764.474
951.21	764.852
952.00	765.230
952.79	765.608
953.58	765.986
954.37	766.364
955.16	766.743
955.95	767.122
956.74	767.501
957.53	767.881
958.32	768.260
959.12	768.640
959.91	769.020
960.70	769.400
961.49	769.780
962.29	770.161
963.08	770.541
963.87	770.922
964.67	771.304
965.46	771.685
966.26	772.066
967.05	772.448
967.85	772.830
968.65	773.212
969.44	773.595
970.24	773.977
971.04	774.360
971.84	774.743
972.63	775.127
973.43	775.510
974.23	775.894
975.03	776.278
975.83	776.662
976.63	777.046
977.43	777.431
978.23	777.815
979.03	778.200
979.83	778.585
980.64	778.971
981.44	779.356
982.24	779.742
983.04	780.128
983.85	780.514
984.65	780.901
985.45	781.287
986.26	781.674
987.06	782.061
987.87	782.449
988.67	782.836
989.48	783.224
990.29	783.612
991.09	784.000
991.90	784.389
992.71	784.777
993.52	785.166
994.32	785.555
995.13	785.944
995.94	786.334
996.75	786.723
997.56	787.113
998.37	787.503
999.18	787.893
999.99	788.284
1000.80	788.674
1001.61	789.065
1002.43	789.455
1003.24	789.846
1004.05	790.237
1004.86	790.628
1005.68	791.020
1006.49	791.411
1007.31	791.803
1008.12	792.195
1008.94	792.587
1009.75	792.979
1010.57	793.371
1011.38	793.764
1012.20	794.156
1013.02	794.549
1013.83	794.942
1014.65	795.335
1015.47	795.729
1016.29	796.122
1017.10	796.516
1017.92	796.909
1018.74	797.303
1019.56	797.697
1020.38	798.092
1021.20	798.486
1022.02	798.881
1022.85	799.275
1023.67	799.670
1024.49	800.065
1025.31	800.460
1026.13	800.856
1026.96	801.251
1027.78	801.647
1028.61	802.043
1029.43	802.439
1030.25	802.835
1031.08	803.232
1031.91	803.628
1032.73	804.025
1033.56	804.422
1034.38	804.819
1035.21	805.216
1036.04	805.613
1036.87	806.011
1037.69	806.409
1038.52	806.806
1039.35	807.204
1040.18	807.603
1041.01	808.001
1041.84	808.400
1042.67	808.798
1043.50	809.197
1044.33	809.596
1045.16	809.996
1046.00	810.395
1046.83	810.795
1047.66	811.194
1048.49	811.594
1049.33	811.994
1050.16	812.395
1051.00	812.795
1051.83	813.196
1052.67	813.596
1053.50	813.997
1054.34	814.398
1055.17	814.800
1056.01	815.201
1056.85	815.603
1057.68	816.005
1058.52	816.407
1059.36	816.809
1060.20	817.211
1061.04	817.614
1061.88	818.017
1062.72	818.419
1063.56	818.823
1064.40	819.226
1065.24	819.629
1066.08	820.033
1066.92	820.437
1067.76	820.841
1068.60	821.245
1069.45	821.649
1070.29	822.053
1071.13	822.458
1071.98	822.863
1072.82	823.268
1073.67	823.673
1074.51	824.079
1075.36	824.484
1076.20	824.890
1077.05	825.296
1077.89	825.702
1078.74	826.108
1079.59	826.515
1080.44	826.922
1081.29	827.328
1082.13	827.735
1082.98	828.143
1083.83	828.550
1084.68	828.958
1085.53	829.365
1086.38	829.773
1087.23	830.182
1088.08	830.590
1088.94	830.998
1089.79	831.407
1090.64	831.816
1091.49	832.225
1092.35	832.634
1093.20	833.044
1094.05	833.453
1094.91	833.863
1095.76	834.273
1096.62	834.684
1097.47	835.094
1098.33	835.505
1099.19	835.915
1100.04	836.326
1100.90	836.737
1101.76	837.149
1102.62	837.560
1103.47	837.972
1104.33	838.384
1105.19	838.796
1106.05	839.208
1106.91	839.621
1107.77	840.034
1108.63	840.447
1109.49	840.860
1110.35	841.273
1111.22	841.686
1112.08	842.100
1112.94	842.514
1113.80	842.928
1114.67	843.342
1115.53	843.757
1116.40	844.171
1117.26	844.586
1118.12	845.001
1118.99	845.416
1119.86	845.832
1120.72	846.247
1121.59	846.663
1122.46	847.079
1123.32	847.495
1124.19	847.912
1125.06	848.329
1125.93	848.745
1126.80	849.162
1127.67	849.580
1128.54	849.997
1129.41	850.415
1130.28	850.832
1131.15	851.250
1132.02	851.669
1132.89	852.087
1133.76	852.506
1134.64	852.925
1135.51	853.344
1136.38	853.763
1137.26	854.182
1138.13	854.602
1139.00	855.022
1139.88	855.442
1140.75	855.862
1141.63	856.282
1142.51	856.703
1143.38	857.124
1144.26	857.545
1145.14	857.966
1146.02	858.388
1146.89	858.810
1147.77	859.231
1148.65	859.654
1149.53	860.076
1150.41	860.498
1151.29	860.921
1152.17	861.344
1153.05	861.767
1153.93	862.191
1154.82	862.614
1155.70	863.038
1156.58	863.462
1157.46	863.886
1158.35	864.310
1159.23	864.735
1160.12	865.160
1161.00	865.585
1161.88	866.010
1162.77	866.436
1163.66	866.861
1164.54	867.287
1165.43	867.714
1166.32	868.141
1167.20	868.568
1168.09	868.996
1168.98	869.423
1169.87	869.851
1170.76	870.280
1171.65	870.708
1172.54	871.137
1173.43	871.566
1174.32	871.995
1175.21	872.425
1176.10	872.855
1176.99	873.285
1177.89	873.715
1178.78	874.146
1179.67	874.577
1180.57	875.008
1181.46	875.439
1182.35	875.871
1183.25	876.303
1184.14	876.735
1185.04	877.168
1185.94	877.600
1186.83	878.033
1187.73	878.467
1188.63	878.900
1189.52	879.334
1190.42	879.768
1191.32	880.202
1192.22	880.637
1193.12	881.072
1194.02	881.507
1194.92	881.942
1195.82	882.378
1196.72	882.814
1197.62	883.250
1198.52	883.687
1199.43	884.124
1200.33	884.561
1201.23	884.998
1202.14	885.435
1203.04	885.873
1203.94	886.311
1204.85	886.750
1205.75	887.189
1206.66	887.627
1207.57	888.067
1208.47	888.506
1209.38	888.946
1210.29	889.386
1211.20	889.826
1212.10	890.267
1213.01	890.708
1213.92	891.149
1214.83	891.590
1215.74	892.032
1216.65	892.474
1217.56	892.916
1218.47	893.358
1219.38	893.801
1220.30	894.244
1221.21	894.687
1222.12	895.131
1223.03	895.575
1223.95	896.019
1224.86	896.463
1225.78	896.908
1226.69	897.353
1227.61	897.798
1228.52	898.244
1229.44	898.690
1230.36	899.136
1231.27	899.582
1232.19	900.029
1233.11	900.475
1234.03	900.923
1234.95	901.370
1235.86	901.818
1236.78	902.266
1237.70	902.714
1238.62	903.163
1239.55	903.611
1240.47	904.061
1241.39	904.510
1242.31	904.960
1243.23	905.410
1244.16	905.860
1245.08	906.310
1246.00	906.761
1246.93	907.212
1247.85	907.664
1248.78	908.115
1249.70	908.567
1250.63	909.020
1251.56	909.472
1252.48	909.925
1253.41	910.378
1254.34	910.831
1255.27	911.285
1256.20	911.739
1257.12	912.193
1258.05	912.647
1258.98	913.102
1259.91	913.557
1260.85	914.013
1261.78	914.468
1262.71	914.924
1263.64	915.380
1264.57	915.837
1265.51	916.294
1266.44	916.751
1267.37	917.208
1268.31	917.666
1269.24	918.124
1270.18	918.582
1271.11	919.040
1272.05	919.499
1272.99	919.958
1273.92	920.417
1274.86	920.877
1275.80	921.337
1276.74	921.797
1277.68	922.258
1278.61	922.719
1279.55	923.180
1280.49	923.641
1281.43	924.103
1282.38	924.565
1283.32	925.027
1284.26	925.489
1285.20	925.952
1286.14	926.415
1287.09	926.879
1288.03	927.342
1288.97	927.806
1289.92	928.271
1290.86	928.735
1291.81	929.200
1292.75	929.665
1293.70	930.131
1294.65	930.597
1295.59	931.063
1296.54	931.529
1297.49	931.996
1298.44	932.463
1299.39	932.930
1300.34	933.397
1301.29	933.865
1302.24	934.333
1303.19	934.802
1304.14	935.270
1305.09	935.739
1306.04	936.209
1306.99	936.678
1307.95	937.148
1308.90	937.618
1309.85	938.089
1310.81	938.559
1311.76	939.030
1312.72	939.502
1313.67	939.974
1314.63	940.445
1315.59	940.918
1316.54	941.390
1317.50	941.863
1318.46	942.336
1319.42	942.810
1320.38	943.284
1321.34	943.758
1322.29	944.232
1323.25	944.707
1324.22	945.182
1325.18	945.657
1326.14	946.132
1327.10	946.608
1328.06	947.084
1329.02	947.561
1329.99	948.038
1330.95	948.515
1331.92	948.992
1332.88	949.470
1333.85	949.948
1334.81	950.426
1335.78	950.905
1336.74	951.383
1337.71	951.863
1338.68	952.342
1339.65	952.822
1340.61	953.302
1341.58	953.782
1342.55	954.263
1343.52	954.744
1344.49	955.225
1345.46	955.707
1346.43	956.189
1347.41	956.671
1348.38	957.154
1349.35	957.637
1350.32	958.120
1351.30	958.603
1352.27	959.087
1353.24	959.571
1354.22	960.056
1355.19	960.540
1356.17	961.025
1357.15	961.511
1358.12	961.996
1359.10	962.482
1360.08	962.968
1361.06	963.455
1362.03	963.942
1363.01	964.429
1363.99	964.916
1364.97	965.404
1365.95	965.892
1366.93	966.381
1367.91	966.869
1368.90	967.359
1369.88	967.848
1370.86	968.338
1371.84	968.827
1372.83	969.318
1373.81	969.808
1374.80	970.299
1375.78	970.791
1376.77	971.282
1377.75	971.774
1378.74	972.266
1379.73	972.759
1380.71	973.251
1381.70	973.744
1382.69	974.238
1383.68	974.732
1384.67	975.226
1385.66	975.720
1386.65	976.215
1387.64	976.710
1388.63	977.205
1389.62	977.701
1390.61	978.197
1391.60	978.693
1392.60	979.189
1393.59	979.686
1394.58	980.184
1395.58	980.681
1396.57	981.179
1397.57	981.677
1398.57	982.176
1399.56	982.674
1400.56	983.174
1401.56	983.673
1402.55	984.173
1403.55	984.673
1404.55	985.173
1405.55	985.674
1406.55	986.175
1407.55	986.676
1408.55	987.178
1409.55	987.680
1410.55	988.183
1411.55	988.685
1412.56	989.188
1413.56	989.691
1414.56	990.195
1415.57	990.699
1416.57	991.203
1417.58	991.708
1418.58	992.213
1419.59	992.718
1420.59	993.224
1421.60	993.730
1422.61	994.236
1423.62	994.742
1424.62	995.249
1425.63	995.756
1426.64	996.264
1427.65	996.772
1428.66	997.280
1429.67	997.788
1430.68	998.297
1431.70	998.806
1432.71	999.316
1433.72	999.826
1434.73	1000.336
1435.75	1000.846
1436.76	1001.357
1437.78	1001.868
1438.79	1002.380
1439.81	1002.891
1440.82	1003.403
1441.84	1003.916
1442.86	1004.429
1443.87	1004.942
1444.89	1005.455
1445.91	1005.968
1446.93	1006.482
1447.95	1006.997
1448.97	1007.511
1449.99	1008.026
1451.01	1008.541
1452.03	1009.056
1453.05	1009.572
1454.08	1010.088
1455.10	1010.605
1456.12	1011.121
1457.15	1011.638
1458.17	1012.155
1459.20	1012.673
1460.22	1013.191
1461.25	1013.709
1462.27	1014.227
1463.30	1014.746
1464.33	1015.265
1465.36	1015.784
1466.39	1016.304
1467.41	1016.824
1468.44	1017.344
1469.47	1017.865
1470.50	1018.386
1471.53	1018.907
1472.57	1019.429
1473.60	1019.950
1474.63	1020.472
1475.66	1020.995
1476.70	1021.518
1477.73	1022.041
1478.76	1022.564
1479.80	1023.088
1480.83	1023.612
1481.87	1024.136
1482.91	1024.661
1483.94	1025.185
1484.98	1025.711
1486.02	1026.236
1487.06	1026.762
1488.10	1027.288
1489.14	1027.815
1490.18	1028.341
1491.22	1028.868
1492.26	1029.396
1493.30	1029.923
1494.34	1030.451
1495.38	1030.980
1496.42	1031.508
1497.47	1032.037
1498.51	1032.567
1499.56	1033.096
1500.60	1033.626
1501.65	1034.156
1502.69	1034.687
1503.74	1035.217
1504.79	1035.749
1505.83	1036.280
1506.88	1036.812
1507.93	1037.344
1508.98	1037.876
1510.03	1038.409
1511.08	1038.942
1512.13	1039.475
1513.18	1040.009
1514.23	1040.543
1515.28	1041.077
1516.34	1041.612
1517.39	1042.147
1518.44	1042.682
1519.50	1043.218
1520.55	1043.754
1521.61	1044.290
1522.66	1044.826
1523.72	1045.363
1524.77	1045.900
1525.83	1046.438
1526.89	1046.976
1527.95	1047.514
1529.01	1048.052
1530.06	1048.591
1531.12	1049.130
1532.18	1049.669
1533.25	1050.209
1534.31	1050.749
1535.37	1051.289
1536.43	1051.830
1537.49	1052.371
1538.56	1052.912
1539.62	1053.454
1540.68	1053.996
1541.75	1054.538
1542.81	1055.081
1543.88	1055.624
1544.95	1056.167
1546.01	1056.711
1547.08	1057.255
1548.15	1057.799
1549.22	1058.344
1550.29	1058.888
1551.36	1059.434
1552.43	1059.979
1553.50	1060.525
1554.57	1061.071
1555.64	1061.618
1556.71	1062.165
1557.78	1062.712
1558.86	1063.259
1559.93	1063.807
1561.00	1064.355
1562.08	1064.904
1563.15	1065.453
1564.23	1066.002
1565.31	1066.551
1566.38	1067.101
1567.46	1067.651
1568.54	1068.202
1569.62	1068.753
1570.70	1069.304
1571.77	1069.855
1572.85	1070.407
1573.94	1070.959
1575.02	1071.511
1576.10	1072.064
1577.18	1072.617
1578.26	1073.171
1579.35	1073.725
1580.43	1074.279
1581.51	1074.833
1582.60	1075.388
1583.68	1075.943
1584.77	1076.499
1585.86	1077.054
1586.94	1077.610
1588.03	1078.167
1589.12	1078.724
1590.21	1079.281
1591.29	1079.838
1592.38	1080.396
1593.47	1080.954
1594.56	1081.513
1595.66	1082.071
1596.75	1082.631
1597.84	1083.190
1598.93	1083.750
1600.03	1084.310
1601.12	1084.870
1602.21	1085.431
1603.31	1085.992
1604.40	1086.554
1605.50	1087.116
1606.60	1087.678
1607.69	1088.240
1608.79	1088.803
1609.89	1089.366
1610.99	1089.930
1612.09	1090.494
1613.18	1091.058
1614.29	1091.623
1615.39	1092.188
1616.49	1092.753
1617.59	1093.318
1618.69	1093.884
1619.79	1094.451
1620.90	1095.017
1622.00	1095.584
1623.11	1096.151
1624.21	1096.719
1625.32	1097.287
1626.42	1097.855
1627.53	1098.424
1628.64	1098.993
1629.74	1099.562
1630.85	1100.132
1631.96	1100.702
1633.07	1101.272
1634.18	1101.843
1635.29	1102.414
