t(c)	V(m/s)
0.000	10.000
0.010	10.348
0.020	10.697
0.030	11.046
0.040	11.394
0.050	11.743
0.060	12.092
0.070	12.441
0.080	12.790
0.090	13.139
0.100	13.488
0.110	13.837
0.120	14.187
0.130	14.536
0.140	14.886
0.150	15.235
0.160	15.585
0.170	15.934
0.180	16.284
0.190	16.634
0.200	16.984
0.210	17.334
0.220	17.683
0.230	18.034
0.240	18.384
0.250	18.734
0.260	19.084
0.270	19.434
0.280	19.785
0.290	20.135
0.300	20.486
0.310	20.836
0.320	21.187
0.330	21.538
0.340	21.889
0.350	22.240
0.360	22.591
0.370	22.942
0.380	23.293
0.390	23.644
0.400	23.995
0.410	24.346
0.420	24.698
0.430	25.049
0.440	25.400
0.450	25.752
0.460	26.104
0.470	26.455
0.480	26.807
0.490	27.159
0.500	27.511
0.510	27.863
0.520	28.215
0.530	28.567
0.540	28.919
0.550	29.271
0.560	29.623
0.570	29.976
0.580	30.328
0.590	30.681
0.600	31.033
0.610	31.386
0.620	31.738
0.630	32.091
0.640	32.444
0.650	32.797
0.660	33.150
0.670	33.503
0.680	33.856
0.690	34.209
0.700	34.562
0.710	34.915
0.720	35.268
0.730	35.622
0.740	35.975
0.750	36.329
0.760	36.682
0.770	37.036
0.780	37.390
0.790	37.743
0.800	38.097
0.810	38.451
0.820	38.805
0.830	39.159
0.840	39.513
0.850	39.867
0.860	40.222
0.870	40.576
0.880	40.930
0.890	41.284
0.900	41.639
0.910	41.993
0.920	42.348
0.930	42.703
0.940	43.057
0.950	43.412
0.960	43.767
0.970	44.122
0.980	44.477
0.990	44.832
1.000	45.187
1.010	45.542
1.020	45.897
1.030	46.253
1.040	46.608
1.050	46.963
1.060	47.319
1.070	47.674
1.080	48.030
1.090	48.386
1.100	48.741
1.110	49.097
1.120	49.453
1.130	49.809
1.140	50.165
1.150	50.521
1.160	50.877
1.170	51.233
1.180	51.589
1.190	51.945
1.200	52.302
1.210	52.658
1.220	53.015
1.230	53.371
1.240	53.728
1.250	54.084
1.260	54.441
1.270	54.798
1.280	55.154
1.290	55.511
1.300	55.868
1.310	56.225
1.320	56.582
1.330	56.939
1.340	57.297
1.350	57.654
1.360	58.011
1.370	58.368
1.380	58.726
1.390	59.083
1.400	59.441
1.410	59.798
1.420	60.156
1.430	60.514
1.440	60.872
1.450	61.229
1.460	61.587
1.470	61.945
1.480	62.303
1.490	62.661
1.500	63.019
1.510	63.378
1.520	63.736
1.530	64.094
1.540	64.452
1.550	64.811
1.560	65.169
1.570	65.528
1.580	65.887
1.590	66.245
1.600	66.604
1.610	66.963
1.620	67.321
1.630	67.680
1.640	68.039
1.650	68.398
1.660	68.757
1.670	69.116
1.680	69.476
1.690	69.835
1.700	70.194
1.710	70.554
1.720	70.913
1.730	71.272
1.740	71.632
1.750	71.991
1.760	72.351
1.770	72.711
1.780	73.071
1.790	73.430
1.800	73.790
1.810	74.150
1.820	74.510
1.830	74.870
1.840	75.230
1.850	75.590
1.860	75.951
1.870	76.311
1.880	76.671
1.890	77.032
1.900	77.392
1.910	77.752
1.920	78.113
1.930	78.474
1.940	78.834
1.950	79.195
1.960	79.556
1.970	79.917
1.980	80.277
1.990	80.638
2.000	80.999
2.010	81.360
2.020	81.721
2.030	82.083
2.040	82.444
2.050	82.805
2.060	83.166
2.070	83.528
2.080	83.889
2.090	84.251
2.100	84.612
2.110	84.974
2.120	85.335
2.130	85.697
2.140	86.059
2.150	86.421
2.160	86.783
2.170	87.144
2.180	87.506
2.190	87.869
2.200	88.231
2.210	88.593
2.220	88.955
2.230	89.317
2.240	89.679
2.250	90.042
2.260	90.404
2.270	90.767
2.280	91.129
2.290	91.492
2.300	91.854
2.310	92.217
2.320	92.580
2.330	92.943
2.340	93.305
2.350	93.668
2.360	94.031
2.370	94.394
2.380	94.757
2.390	95.120
2.400	95.483
2.410	95.847
2.420	96.210
2.430	96.573
2.440	96.937
2.450	97.300
2.460	97.663
2.470	98.027
2.480	98.391
2.490	98.754
2.500	99.118
2.510	99.482
2.520	99.845
2.530	100.209
2.540	100.573
2.550	100.937
2.560	101.301
2.570	101.665
2.580	102.029
2.590	102.393
2.600	102.757
2.610	103.122
2.620	103.486
2.630	103.850
2.640	104.215
2.650	104.579
2.660	104.944
2.670	105.308
2.680	105.673
2.690	106.037
2.700	106.402
2.710	106.767
2.720	107.132
2.730	107.496
2.740	107.861
2.750	108.226
2.760	108.591
2.770	108.956
2.780	109.321
2.790	109.687
2.800	110.052
2.810	110.417
2.820	110.782
2.830	111.148
2.840	111.513
2.850	111.879
2.860	112.244
2.870	112.610
2.880	112.975
2.890	113.341
2.900	113.706
2.910	114.072
2.920	114.438
2.930	114.804
2.940	115.170
2.950	115.536
2.960	115.902
2.970	116.268
2.980	116.634
2.990	117.000
3.000	117.366
3.010	117.732
3.020	118.099
3.030	118.465
3.040	118.831
3.050	119.198
3.060	119.564
3.070	119.931
3.080	120.297
3.090	120.664
3.100	121.030
3.110	121.397
3.120	121.764
3.130	122.131
3.140	122.498
3.150	122.864
3.160	123.231
3.170	123.598
3.180	123.965
3.190	124.333
3.200	124.700
3.210	125.067
3.220	125.434
3.230	125.801
3.240	126.169
3.250	126.536
3.260	126.903
3.270	127.271
3.280	127.638
3.290	128.006
3.300	128.373
3.310	128.741
3.320	129.109
3.330	129.477
3.340	129.844
3.350	130.212
3.360	130.580
3.370	130.948
3.380	131.316
3.390	131.684
3.400	132.052
3.410	132.420
3.420	132.788
3.430	133.156
3.440	133.525
3.450	133.893
3.460	134.261
3.470	134.630
3.480	134.998
3.490	135.366
3.500	135.735
3.510	136.103
3.520	136.472
3.530	136.841
3.540	137.209
3.550	137.578
3.560	137.947
3.570	138.316
3.580	138.684
3.590	139.053
3.600	139.422
3.610	139.791
3.620	140.160
3.630	140.529
3.640	140.899
3.650	141.268
3.660	141.637
3.670	142.006
3.680	142.375
3.690	142.745
3.700	143.114
3.710	143.484
3.720	143.853
3.730	144.223
3.740	144.592
3.750	144.962
3.760	145.331
3.770	145.701
3.780	146.071
3.790	146.440
3.800	146.810
3.810	147.180
3.820	147.550
3.830	147.920
3.840	148.290
3.850	148.660
3.860	149.030
3.870	149.400
3.880	149.770
3.890	150.140
3.900	150.511
3.910	150.881
3.920	151.251
3.930	151.622
3.940	151.992
3.950	152.362
3.960	152.733
3.970	153.103
3.980	153.474
3.990	153.845
4.000	154.215
4.010	154.586
4.020	154.957
4.030	155.327
4.040	155.698
4.050	156.069
4.060	156.440
4.070	156.811
4.080	157.182
4.090	157.553
4.100	157.924
4.110	158.295
4.120	158.666
4.130	159.037
4.140	159.408
4.150	159.780
4.160	160.151
4.170	160.522
4.180	160.894
4.190	161.265
4.200	161.636
4.210	162.008
4.220	162.379
4.230	162.751
4.240	163.123
4.250	163.494
4.260	163.866
4.270	164.238
4.280	164.609
4.290	164.981
4.300	165.353
4.310	165.725
4.320	166.097
4.330	166.469
4.340	166.841
4.350	167.213
4.360	167.585
4.370	167.957
4.380	168.329
4.390	168.701
4.400	169.074
4.410	169.446
4.420	169.818
4.430	170.190
4.440	170.563
4.450	170.935
4.460	171.308
4.470	171.680
4.480	172.053
4.490	172.425
4.500	172.798
4.510	173.171
4.520	173.543
4.530	173.916
4.540	174.289
4.550	174.661
4.560	175.034
4.570	175.407
4.580	175.780
4.590	176.153
4.600	176.526
4.610	176.899
4.620	177.272
4.630	177.645
4.640	178.018
4.650	178.391
4.660	178.765
4.670	179.138
4.680	179.511
4.690	179.884
4.700	180.258
4.710	180.631
4.720	181.004
4.730	181.378
4.740	181.751
4.750	182.125
4.760	182.498
4.770	182.872
4.780	183.246
4.790	183.619
4.800	183.993
4.810	184.367
4.820	184.740
4.830	185.114
4.840	185.488
4.850	185.862
4.860	186.236
4.870	186.610
4.880	186.984
4.890	187.358
4.900	187.732
4.910	188.105
4.920	188.479
4.930	188.853
4.940	189.227
4.950	189.601
4.960	189.975
4.970	190.348
4.980	190.722
4.990	191.096
5.000	191.470
5.010	191.844
5.020	192.217
5.030	192.591
5.040	192.965
5.050	193.338
5.060	193.712
5.070	194.086
5.080	194.459
5.090	194.833
5.100	195.206
5.110	195.580
5.120	195.953
5.130	196.327
5.140	196.700
5.150	197.074
5.160	197.447
5.170	197.821
5.180	198.194
5.190	198.568
5.200	198.941
5.210	199.314
5.220	199.688
5.230	200.061
5.240	200.434
5.250	200.807
5.260	201.180
5.270	201.554
5.280	201.927
5.290	202.300
5.300	202.673
5.310	203.046
5.320	203.419
5.330	203.792
5.340	204.165
5.350	204.538
5.360	204.911
5.370	205.284
5.380	205.656
5.390	206.029
5.400	206.402
5.410	206.775
5.420	207.147
5.430	207.520
5.440	207.893
5.450	208.265
5.460	208.638
5.470	209.010
5.480	209.383
5.490	209.755
5.500	210.128
5.510	210.500
5.520	210.872
5.530	211.245
5.540	211.617
5.550	211.989
5.560	212.361
5.570	212.733
5.580	213.105
5.590	213.477
5.600	213.849
5.610	214.221
5.620	214.593
5.630	214.965
5.640	215.337
5.650	215.709
5.660	216.080
5.670	216.452
5.680	216.824
5.690	217.195
5.700	217.567
5.710	217.938
5.720	218.310
5.730	218.681
5.740	219.052
5.750	219.424
5.760	219.795
5.770	220.166
5.780	220.537
5.790	220.908
5.800	221.279
5.810	221.650
5.820	222.021
5.830	222.392
5.840	222.763
5.850	223.133
5.860	223.504
5.870	223.875
5.880	224.245
5.890	224.616
5.900	224.986
5.910	225.357
5.920	225.727
5.930	226.097
5.940	226.467
5.950	226.838
5.960	227.208
5.970	227.578
5.980	227.948
5.990	228.318
6.000	228.687
6.010	229.057
6.020	229.427
6.030	229.797
6.040	230.166
6.050	230.536
6.060	230.905
6.070	231.274
6.080	231.644
6.090	232.013
6.100	232.382
6.110	232.751
6.120	233.120
6.130	233.489
6.140	233.858
6.150	234.227
6.160	234.596
6.170	234.965
6.180	235.333
6.190	235.702
6.200	236.070
6.210	236.439
6.220	236.807
6.230	237.175
6.240	237.543
6.250	237.912
6.260	238.280
6.270	238.648
6.280	239.015
6.290	239.383
6.300	239.751
6.310	240.119
6.320	240.486
6.330	240.854
6.340	241.221
6.350	241.588
6.360	241.956
6.370	242.323
6.380	242.690
6.390	243.057
6.400	243.424
6.410	243.790
6.420	244.157
6.430	244.524
6.440	244.890
6.450	245.257
6.460	245.623
6.470	245.990
6.480	246.356
6.490	246.722
6.500	247.088
6.510	247.454
6.520	247.820
6.530	248.186
6.540	248.551
6.550	248.917
6.560	249.282
6.570	249.648
6.580	250.013
6.590	250.378
6.600	250.744
6.610	251.109
6.620	251.473
6.630	251.838
6.640	252.203
6.650	252.568
6.660	252.932
6.670	253.297
6.680	253.661
6.690	254.025
6.700	254.390
6.710	254.754
6.720	255.118
6.730	255.481
6.740	255.845
6.750	256.209
6.760	256.572
6.770	256.936
6.780	257.299
6.790	257.663
6.800	258.026
6.810	258.389
6.820	258.752
6.830	259.115
6.840	259.477
6.850	259.840
6.860	260.202
6.870	260.565
6.880	260.927
6.890	261.289
6.900	261.651
6.910	262.013
6.920	262.375
6.930	262.737
6.940	263.099
6.950	263.460
6.960	263.822
6.970	264.183
6.980	264.544
6.990	264.905
7.000	265.266
7.010	265.627
7.020	265.988
7.030	266.348
7.040	266.709
7.050	267.069
7.060	267.430
7.070	267.790
7.080	268.150
7.090	268.510
7.100	268.869
7.110	269.229
7.120	269.589
7.130	269.948
7.140	270.307
7.150	270.666
7.160	271.025
7.170	271.384
7.180	271.743
7.190	272.101
7.200	272.459
7.210	272.817
7.220	273.175
7.230	273.533
7.240	273.890
7.250	274.248
7.260	274.605
7.270	274.962
7.280	275.319
7.290	275.675
7.300	276.032
7.310	276.388
7.320	276.744
7.330	277.100
7.340	277.456
7.350	277.811
7.360	278.167
7.370	278.522
7.380	278.877
7.390	279.232
7.400	279.586
7.410	279.941
7.420	280.295
7.430	280.649
7.440	281.003
7.450	281.356
7.460	281.710
7.470	282.063
7.480	282.416
7.490	282.769
7.500	283.122
7.510	283.475
7.520	283.827
7.530	284.179
7.540	284.531
7.550	284.883
7.560	285.234
7.570	285.586
7.580	285.937
7.590	286.288
7.600	286.639
7.610	286.989
7.620	287.340
7.630	287.690
7.640	288.040
7.650	288.390
7.660	288.739
7.670	289.089
7.680	289.438
7.690	289.787
7.700	290.135
7.710	290.484
7.720	290.832
7.730	291.180
7.740	291.528
7.750	291.876
7.760	292.224
7.770	292.571
7.780	292.918
7.790	293.265
7.800	293.612
7.810	293.958
7.820	294.304
7.830	294.650
7.840	294.996
7.850	295.342
7.860	295.687
7.870	296.032
7.880	296.377
7.890	296.722
7.900	297.066
7.910	297.411
7.920	297.755
7.930	298.099
7.940	298.442
7.950	298.786
7.960	299.129
7.970	299.472
7.980	299.815
7.990	300.157
8.000	300.499
8.010	300.842
8.020	301.183
8.030	301.525
8.040	301.866
8.050	302.208
8.060	302.549
8.070	302.889
8.080	303.230
8.090	303.570
8.100	303.910
8.110	304.250
8.120	304.590
8.130	304.929
8.140	305.268
8.150	305.607
8.160	305.946
8.170	306.285
8.180	306.623
8.190	306.961
8.200	307.299
8.210	307.636
8.220	307.974
8.230	308.311
8.240	308.648
8.250	308.985
8.260	309.321
8.270	309.657
8.280	309.994
8.290	310.329
8.300	310.665
8.310	311.000
8.320	311.335
8.330	311.670
8.340	312.005
8.350	312.339
8.360	312.674
8.370	313.007
8.380	313.341
8.390	313.675
8.400	314.008
8.410	314.341
8.420	314.674
8.430	315.006
8.440	315.339
8.450	315.671
8.460	316.002
8.470	316.334
8.480	316.665
8.490	316.997
8.500	317.327
8.510	317.658
8.520	317.988
8.530	318.319
8.540	318.648
8.550	318.978
8.560	319.308
8.570	319.637
8.580	319.966
8.590	320.294
8.600	320.623
8.610	320.951
8.620	321.279
8.630	321.607
8.640	321.934
8.650	322.261
8.660	322.588
8.670	322.915
8.680	323.241
8.690	323.568
8.700	323.894
8.710	324.219
8.720	324.545
8.730	324.870
8.740	325.195
8.750	325.520
8.760	325.844
8.770	326.168
8.780	326.492
8.790	326.816
8.800	327.139
8.810	327.463
8.820	327.785
8.830	328.108
8.840	328.431
8.850	328.753
8.860	329.075
8.870	329.396
8.880	329.718
8.890	330.039
8.900	330.360
8.910	330.680
8.920	331.001
8.930	331.321
8.940	331.641
8.950	331.960
8.960	332.279
8.970	332.599
8.980	332.917
8.990	333.236
9.000	333.554
9.010	333.872
9.020	334.190
9.030	334.507
9.040	334.825
9.050	335.142
9.060	335.459
9.070	335.776
9.080	336.092
9.090	336.409
9.100	336.726
9.110	337.042
9.120	337.358
9.130	337.674
9.140	337.990
9.150	338.306
9.160	338.622
9.170	338.937
9.180	339.253
9.190	339.568
9.200	339.883
9.210	340.199
9.220	340.513
9.230	340.828
9.240	341.143
9.250	341.457
9.260	341.772
9.270	342.086
9.280	342.400
9.290	342.714
9.300	343.028
9.310	343.342
9.320	343.655
9.330	343.969
9.340	344.282
9.350	344.595
9.360	344.908
9.370	345.221
9.380	345.534
9.390	345.847
9.400	346.159
9.410	346.472
9.420	346.784
9.430	347.096
9.440	347.408
9.450	347.720
9.460	348.031
9.470	348.343
9.480	348.654
9.490	348.966
9.500	349.277
9.510	349.588
9.520	349.899
9.530	350.209
9.540	350.520
9.550	350.831
9.560	351.141
9.570	351.451
9.580	351.761
9.590	352.071
9.600	352.381
9.610	352.691
9.620	353.000
9.630	353.309
9.640	353.619
9.650	353.928
9.660	354.237
9.670	354.546
9.680	354.854
9.690	355.163
9.700	355.471
9.710	355.780
9.720	356.088
9.730	356.396
9.740	356.704
9.750	357.012
9.760	357.320
9.770	357.627
9.780	357.935
9.790	358.242
9.800	358.549
9.810	358.856
9.820	359.163
9.830	359.470
9.840	359.777
9.850	360.084
9.860	360.390
9.870	360.696
9.880	361.003
9.890	361.309
9.900	361.615
9.910	361.920
9.920	362.226
9.930	362.532
9.940	362.837
9.950	363.142
9.960	363.448
9.970	363.753
9.980	364.058
9.990	364.362
10.000	364.667
10.010	364.972
10.020	365.276
10.030	365.580
10.040	365.885
10.050	366.189
10.060	366.492
10.070	366.796
10.080	367.100
10.090	367.404
10.100	367.708
10.110	368.012
10.120	368.315
10.130	368.619
10.140	368.923
10.150	369.226
10.160	369.530
10.170	369.833
10.180	370.137
10.190	370.440
10.200	370.744
10.210	371.047
10.220	371.351
10.230	371.654
10.240	371.957
10.250	372.261
10.260	372.564
10.270	372.867
10.280	373.170
10.290	373.473
10.300	373.777
10.310	374.080
10.320	374.383
10.330	374.686
10.340	374.989
10.350	375.292
10.360	375.595
10.370	375.898
10.380	376.201
10.390	376.503
10.400	376.806
10.410	377.109
10.420	377.412
10.430	377.715
10.440	378.017
10.450	378.320
10.460	378.623
10.470	378.925
10.480	379.228
10.490	379.531
10.500	379.833
10.510	380.136
10.520	380.438
10.530	380.741
10.540	381.043
10.550	381.345
10.560	381.648
10.570	381.950
10.580	382.253
10.590	382.555
10.600	382.857
10.610	383.159
10.620	383.462
10.630	383.764
10.640	384.066
10.650	384.368
10.660	384.670
10.670	384.973
10.680	385.275
10.690	385.577
10.700	385.879
10.710	386.181
10.720	386.483
10.730	386.785
10.740	387.087
10.750	387.389
10.760	387.691
10.770	387.993
10.780	388.294
10.790	388.596
10.800	388.898
10.810	389.200
10.820	389.502
10.830	389.804
10.840	390.105
10.850	390.407
10.860	390.709
10.870	391.010
10.880	391.312
10.890	391.614
10.900	391.915
10.910	392.217
10.920	392.519
10.930	392.820
10.940	393.122
10.950	393.423
10.960	393.725
10.970	394.026
10.980	394.328
10.990	394.629
11.000	394.931
11.010	395.232
11.020	395.533
11.030	395.835
11.040	396.136
11.050	396.438
11.060	396.739
11.070	397.040
11.080	397.341
11.090	397.643
11.100	397.944
11.110	398.245
11.120	398.546
11.130	398.848
11.140	399.149
11.150	399.450
11.160	399.751
11.170	400.052
11.180	400.353
11.190	400.654
11.200	400.955
11.210	401.256
11.220	401.557
11.230	401.858
11.240	402.158
11.250	402.459
11.260	402.760
11.270	403.061
11.280	403.361
11.290	403.662
11.300	403.963
11.310	404.263
11.320	404.564
11.330	404.865
11.340	405.165
11.350	405.466
11.360	405.766
11.370	406.067
11.380	406.367
11.390	406.667
11.400	406.968
11.410	407.268
11.420	407.568
11.430	407.869
11.440	408.169
11.450	408.469
11.460	408.769
11.470	409.070
11.480	409.370
11.490	409.670
11.500	409.970
11.510	410.270
11.520	410.570
11.530	410.870
11.540	411.170
11.550	411.470
11.560	411.770
11.570	412.070
11.580	412.370
11.590	412.670
11.600	412.970
11.610	413.269
11.620	413.569
11.630	413.869
11.640	414.169
11.650	414.469
11.660	414.768
11.670	415.068
11.680	415.368
11.690	415.667
11.700	415.967
11.710	416.266
11.720	416.566
11.730	416.866
11.740	417.165
11.750	417.465
11.760	417.764
11.770	418.064
11.780	418.363
11.790	418.662
11.800	418.962
11.810	419.261
11.820	419.561
11.830	419.860
11.840	420.159
11.850	420.459
11.860	420.758
11.870	421.057
11.880	421.356
11.890	421.656
11.900	421.955
11.910	422.254
11.920	422.553
11.930	422.852
11.940	423.151
11.950	423.451
11.960	423.750
11.970	424.049
11.980	424.348
11.990	424.647
12.000	424.946
12.010	425.245
12.020	425.544
12.030	425.843
12.040	426.142
12.050	426.441
12.060	426.740
12.070	427.039
12.080	427.337
12.090	427.636
12.100	427.935
12.110	428.234
12.120	428.533
12.130	428.832
12.140	429.130
12.150	429.429
12.160	429.728
12.170	430.026
12.180	430.325
12.190	430.623
12.200	430.922
12.210	431.220
12.220	431.519
12.230	431.817
12.240	432.115
12.250	432.413
12.260	432.712
12.270	433.010
12.280	433.308
12.290	433.606
12.300	433.904
12.310	434.202
12.320	434.499
12.330	434.797
12.340	435.095
12.350	435.393
12.360	435.690
12.370	435.988
12.380	436.285
12.390	436.583
12.400	436.880
12.410	437.178
12.420	437.475
12.430	437.772
12.440	438.070
12.450	438.367
12.460	438.664
12.470	438.961
12.480	439.258
12.490	439.555
12.500	439.852
12.510	440.149
12.520	440.446
12.530	440.742
12.540	441.039
12.550	441.336
12.560	441.633
12.570	441.929
12.580	442.226
12.590	442.522
12.600	442.819
12.610	443.115
12.620	443.412
12.630	443.708
12.640	444.004
12.650	444.300
12.660	444.597
12.670	444.893
12.680	445.189
12.690	445.485
12.700	445.781
12.710	446.077
12.720	446.373
12.730	446.669
12.740	446.964
12.750	447.260
12.760	447.556
12.770	447.852
12.780	448.147
12.790	448.443
12.800	448.738
12.810	449.034
12.820	449.329
12.830	449.625
12.840	449.920
12.850	450.216
12.860	450.511
12.870	450.806
12.880	451.101
12.890	451.396
12.900	451.692
12.910	451.987
12.920	452.282
12.930	452.577
12.940	452.872
12.950	453.166
12.960	453.461
12.970	453.756
12.980	454.051
12.990	454.346
13.000	454.640
13.010	454.935
13.020	455.230
13.030	455.524
13.040	455.819
13.050	456.113
13.060	456.408
13.070	456.702
13.080	456.996
13.090	457.291
13.100	457.585
13.110	457.879
13.120	458.173
13.130	458.468
13.140	458.762
13.150	459.056
13.160	459.350
13.170	459.644
13.180	459.938
13.190	460.232
13.200	460.526
13.210	460.820
13.220	461.114
13.230	461.408
13.240	461.702
13.250	461.996
13.260	462.290
13.270	462.584
13.280	462.877
13.290	463.171
13.300	463.465
13.310	463.759
13.320	464.053
13.330	464.347
13.340	464.641
13.350	464.935
13.360	465.229
13.370	465.522
13.380	465.816
13.390	466.110
13.400	466.404
13.410	466.698
13.420	466.991
13.430	467.285
13.440	467.579
13.450	467.873
13.460	468.167
13.470	468.460
13.480	468.754
13.490	469.048
13.500	469.342
13.510	469.636
13.520	469.929
13.530	470.223
13.540	470.517
13.550	470.811
13.560	471.104
13.570	471.398
13.580	471.692
13.590	471.985
13.600	472.279
13.610	472.573
13.620	472.867
13.630	473.160
13.640	473.454
13.650	473.748
13.660	474.042
13.670	474.335
13.680	474.629
13.690	474.923
13.700	475.216
13.710	475.510
13.720	475.804
13.730	476.097
13.740	476.391
13.750	476.685
13.760	476.979
13.770	477.272
13.780	477.566
13.790	477.860
13.800	478.153
13.810	478.447
13.820	478.741
13.830	479.034
13.840	479.328
13.850	479.622
13.860	479.916
13.870	480.209
13.880	480.503
13.890	480.797
13.900	481.090
13.910	481.384
13.920	481.678
13.930	481.972
13.940	482.265
13.950	482.559
13.960	482.853
13.970	483.147
13.980	483.440
13.990	483.734
14.000	484.028
14.010	484.322
14.020	484.615
14.030	484.909
14.040	485.203
14.050	485.497
14.060	485.791
14.070	486.084
14.080	486.378
14.090	486.672
14.100	486.966
14.110	487.260
14.120	487.553
14.130	487.847
14.140	488.141
14.150	488.435
14.160	488.729
14.170	489.023
14.180	489.316
14.190	489.610
14.200	489.904
14.210	490.198
14.220	490.492
14.230	490.786
14.240	491.080
14.250	491.374
14.260	491.668
14.270	491.962
14.280	492.256
14.290	492.550
14.300	492.844
14.310	493.138
14.320	493.432
14.330	493.726
14.340	494.020
14.350	494.314
14.360	494.608
14.370	494.902
14.380	495.196
14.390	495.490
14.400	495.784
14.410	496.078
14.420	496.372
14.430	496.666
14.440	496.961
14.450	497.255
14.460	497.549
14.470	497.843
14.480	498.137
14.490	498.432
14.500	498.726
14.510	499.020
14.520	499.314
14.530	499.609
14.540	499.903
14.550	500.197
14.560	500.492
14.570	500.786
14.580	501.080
14.590	501.375
14.600	501.669
14.610	501.963
14.620	502.258
14.630	502.552
14.640	502.847
14.650	503.141
14.660	503.436
14.670	503.730
14.680	504.025
14.690	504.319
14.700	504.614
14.710	504.908
14.720	505.203
14.730	505.498
14.740	505.792
14.750	506.087
14.760	506.382
14.770	506.676
14.780	506.971
14.790	507.266
14.800	507.561
14.810	507.855
14.820	508.150
14.830	508.445
14.840	508.740
14.850	509.035
14.860	509.330
14.870	509.625
14.880	509.920
14.890	510.215
14.900	510.509
14.910	510.804
14.920	511.100
14.930	511.395
14.940	511.690
14.950	511.985
14.960	512.280
14.970	512.575
14.980	512.870
14.990	513.165
15.000	513.461
15.010	513.756
15.020	514.051
15.030	514.346
15.040	514.642
15.050	514.937
15.060	515.232
15.070	515.528
15.080	515.823
15.090	516.119
15.100	516.414
15.110	516.710
15.120	517.005
15.130	517.301
15.140	517.596
15.150	517.892
15.160	518.188
15.170	518.483
15.180	518.779
15.190	519.075
15.200	519.371
15.210	519.666
15.220	519.962
15.230	520.258
15.240	520.554
15.250	520.850
15.260	521.146
15.270	521.442
15.280	521.738
15.290	522.034
15.300	522.330
15.310	522.626
15.320	522.922
15.330	523.218
15.340	523.514
15.350	523.811
15.360	524.107
15.370	524.403
15.380	524.700
15.390	524.996
15.400	525.292
15.410	525.589
15.420	525.885
15.430	526.182
15.440	526.478
15.450	526.775
15.460	527.071
15.470	527.368
15.480	527.665
15.490	527.961
15.500	528.258
15.510	528.555
15.520	528.852
15.530	529.149
15.540	529.445
15.550	529.742
15.560	530.039
15.570	530.336
15.580	530.633
15.590	530.930
15.600	531.228
15.610	531.525
15.620	531.822
15.630	532.119
15.640	532.416
15.650	532.714
15.660	533.011
15.670	533.308
15.680	533.606
15.690	533.903
15.700	534.201
15.710	534.498
15.720	534.796
15.730	535.093
15.740	535.391
15.750	535.689
15.760	535.987
15.770	536.284
15.780	536.582
15.790	536.880
15.800	537.178
15.810	537.476
15.820	537.774
15.830	538.072
15.840	538.370
15.850	538.668
15.860	538.966
15.870	539.265
15.880	539.563
15.890	539.861
15.900	540.159
15.910	540.458
15.920	540.756
15.930	541.055
15.940	541.353
15.950	541.652
15.960	541.950
15.970	542.249
15.980	542.548
15.990	542.847
16.000	543.145
16.010	543.444
16.020	543.743
16.030	544.042
16.040	544.341
16.050	544.640
16.060	544.939
16.070	545.238
16.080	545.537
16.090	545.837
16.100	546.136
16.110	546.435
16.120	546.735
16.130	547.034
16.140	547.334
16.150	547.633
16.160	547.933
16.170	548.232
16.180	548.532
16.190	548.832
16.200	549.132
16.210	549.431
16.220	549.731
16.230	550.031
16.240	550.331
16.250	550.631
16.260	550.931
16.270	551.231
16.280	551.532
16.290	551.832
16.300	552.132
16.310	552.433
16.320	552.733
16.330	553.034
16.340	553.334
16.350	553.635
16.360	553.935
16.370	554.236
16.380	554.537
16.390	554.838
16.400	555.138
16.410	555.439
16.420	555.740
16.430	556.041
16.440	556.342
16.450	556.644
16.460	556.945
16.470	557.246
16.480	557.547
16.490	557.849
16.500	558.150
16.510	558.452
16.520	558.753
16.530	559.055
16.540	559.356
16.550	559.658
16.560	559.960
16.570	560.262
16.580	560.564
16.590	560.866
16.600	561.168
16.610	561.470
16.620	561.772
16.630	562.074
16.640	562.376
16.650	562.679
16.660	562.981
16.670	563.284
16.680	563.586
16.690	563.889
16.700	564.191
16.710	564.494
16.720	564.797
16.730	565.100
16.740	565.403
16.750	565.706
16.760	566.009
16.770	566.312
16.780	566.615
16.790	566.918
16.800	567.221
16.810	567.525
16.820	567.828
16.830	568.132
16.840	568.435
16.850	568.739
16.860	569.042
16.870	569.346
16.880	569.650
16.890	569.954
16.900	570.258
16.910	570.562
16.920	570.866
16.930	571.170
16.940	571.474
16.950	571.779
16.960	572.083
16.970	572.388
16.980	572.692
16.990	572.997
17.000	573.301
17.010	573.606
17.020	573.911
17.030	574.216
17.040	574.521
17.050	574.826
17.060	575.131
17.070	575.436
17.080	575.741
17.090	576.046
17.100	576.352
17.110	576.657
17.120	576.963
17.130	577.268
17.140	577.574
17.150	577.880
17.160	578.185
17.170	578.491
17.180	578.797
17.190	579.103
17.200	579.409
17.210	579.716
17.220	580.022
17.230	580.328
17.240	580.635
17.250	580.941
17.260	581.248
17.270	581.554
17.280	581.861
17.290	582.168
17.300	582.475
17.310	582.782
17.320	583.089
17.330	583.396
17.340	583.703
17.350	584.010
17.360	584.318
17.370	584.625
17.380	584.932
17.390	585.240
17.400	585.548
17.410	585.855
17.420	586.163
17.430	586.471
17.440	586.779
17.450	587.087
17.460	587.395
17.470	587.704
17.480	588.012
17.490	588.320
17.500	588.629
17.510	588.937
17.520	589.246
17.530	589.555
17.540	589.863
17.550	590.172
17.560	590.481
17.570	590.790
17.580	591.100
17.590	591.409
17.600	591.718
17.610	592.028
17.620	592.337
17.630	592.647
17.640	592.956
17.650	593.266
17.660	593.576
17.670	593.886
17.680	594.196
17.690	594.506
17.700	594.816
17.710	595.126
17.720	595.437
17.730	595.747
17.740	596.058
17.750	596.368
17.760	596.679
17.770	596.990
17.780	597.301
17.790	597.612
17.800	597.923
17.810	598.234
17.820	598.545
17.830	598.856
17.840	599.168
17.850	599.479
17.860	599.791
17.870	600.103
17.880	600.415
17.890	600.726
17.900	601.038
17.910	601.351
17.920	601.663
17.930	601.975
17.940	602.287
17.950	602.600
17.960	602.912
17.970	603.225
17.980	603.538
17.990	603.851
18.000	604.164
18.010	604.477
18.020	604.790
18.030	605.103
18.040	605.416
18.050	605.730
18.060	606.043
18.070	606.357
18.080	606.670
18.090	606.984
18.100	607.298
18.110	607.612
18.120	607.926
18.130	608.240
18.140	608.555
18.150	608.869
18.160	609.184
18.170	609.498
18.180	609.813
18.190	610.128
18.200	610.443
18.210	610.758
18.220	611.073
18.230	611.388
18.240	611.703
18.250	612.019
18.260	612.334
18.270	612.650
18.280	612.965
18.290	613.281
18.300	613.597
18.310	613.913
18.320	614.229
18.330	614.546
18.340	614.862
18.350	615.178
18.360	615.495
18.370	615.812
18.380	616.128
18.390	616.445
18.400	616.762
18.410	617.079
18.420	617.396
18.430	617.714
18.440	618.031
18.450	618.349
18.460	618.666
18.470	618.984
18.480	619.302
18.490	619.620
18.500	619.938
18.510	620.256
18.520	620.574
18.530	620.892
18.540	621.211
18.550	621.529
18.560	621.848
18.570	622.167
18.580	622.486
18.590	622.805
18.600	623.124
18.610	623.443
18.620	623.763
18.630	624.082
18.640	624.402
18.650	624.721
18.660	625.041
18.670	625.361
18.680	625.681
18.690	626.001
18.700	626.322
18.710	626.642
18.720	626.963
18.730	627.283
18.740	627.604
18.750	627.925
18.760	628.246
18.770	628.567
18.780	628.888
18.790	629.209
18.800	629.531
18.810	629.852
18.820	630.174
18.830	630.496
18.840	630.818
18.850	631.140
18.860	631.462
18.870	631.784
18.880	632.106
18.890	632.429
18.900	632.751
18.910	633.074
18.920	633.396
18.930	633.719
18.940	634.042
18.950	634.365
18.960	634.688
18.970	635.011
18.980	635.334
18.990	635.658
19.000	635.981
19.010	636.305
19.020	636.628
19.030	636.952
19.040	637.276
19.050	637.600
19.060	637.924
19.070	638.248
19.080	638.572
19.090	638.896
19.100	639.221
19.110	639.545
19.120	639.870
19.130	640.194
19.140	640.519
19.150	640.844
19.160	641.169
19.170	641.494
19.180	641.819
19.190	642.145
19.200	642.470
19.210	642.796
19.220	643.121
19.230	643.447
19.240	643.773
19.250	644.098
19.260	644.424
19.270	644.751
19.280	645.077
19.290	645.403
19.300	645.729
19.310	646.056
19.320	646.383
19.330	646.709
19.340	647.036
19.350	647.363
19.360	647.690
19.370	648.017
19.380	648.344
19.390	648.672
19.400	648.999
19.410	649.327
19.420	649.654
19.430	649.982
19.440	650.310
19.450	650.638
19.460	650.966
19.470	651.294
19.480	651.623
19.490	651.951
19.500	652.280
19.510	652.608
19.520	652.937
19.530	653.266
19.540	653.595
19.550	653.924
19.560	654.253
19.570	654.582
19.580	654.912
19.590	655.241
19.600	655.571
19.610	655.901
19.620	656.230
19.630	656.560
19.640	656.890
19.650	657.221
19.660	657.551
19.670	657.881
19.680	658.212
19.690	658.542
19.700	658.873
19.710	659.204
19.720	659.535
19.730	659.866
19.740	660.197
19.750	660.529
19.760	660.860
19.770	661.192
19.780	661.523
19.790	661.855
19.800	662.187
19.810	662.519
19.820	662.851
19.830	663.183
19.840	663.516
19.850	663.848
19.860	664.181
19.870	664.513
19.880	664.846
19.890	665.179
19.900	665.512
19.910	665.845
19.920	666.179
19.930	666.512
19.940	666.846
19.950	667.179
19.960	667.513
19.970	667.847
19.980	668.181
19.990	668.515
20.000	668.849
20.010	669.184
20.020	669.518
20.030	669.853
20.040	670.188
20.050	670.523
20.060	670.858
20.070	671.193
20.080	671.528
20.090	671.863
20.100	672.199
20.110	672.535
20.120	672.870
20.130	673.206
20.140	673.542
20.150	673.878
20.160	674.214
20.170	674.551
20.180	674.887
20.190	675.224
20.200	675.561
20.210	675.898
20.220	676.235
20.230	676.572
20.240	676.909
20.250	677.246
20.260	677.584
20.270	677.922
20.280	678.259
20.290	678.597
20.300	678.935
20.310	679.273
20.320	679.612
20.330	679.950
20.340	680.289
20.350	680.627
20.360	680.966
20.370	681.305
20.380	681.644
20.390	681.983
20.400	682.323
20.410	682.662
20.420	683.002
20.430	683.342
20.440	683.682
20.450	684.022
20.460	684.362
20.470	684.702
20.480	685.042
20.490	685.383
20.500	685.724
20.510	686.064
20.520	686.405
20.530	686.746
20.540	687.088
20.550	687.429
20.560	687.771
20.570	688.112
20.580	688.454
20.590	688.796
20.600	689.138
20.610	689.480
20.620	689.822
20.630	690.165
20.640	690.507
20.650	690.850
20.660	691.193
20.670	691.536
20.680	691.879
20.690	692.223
20.700	692.566
20.710	692.910
20.720	693.253
20.730	693.597
20.740	693.941
20.750	694.285
20.760	694.630
20.770	694.974
20.780	695.319
20.790	695.663
20.800	696.008
20.810	696.353
20.820	696.698
20.830	697.044
20.840	697.389
20.850	697.735
20.860	698.080
20.870	698.426
20.880	698.772
20.890	699.118
20.900	699.465
20.910	699.811
20.920	700.158
20.930	700.505
20.940	700.851
20.950	701.199
20.960	701.546
20.970	701.893
20.980	702.241
20.990	702.588
21.000	702.936
21.010	703.284
21.020	703.632
21.030	703.980
21.040	704.329
21.050	704.677
21.060	705.026
21.070	705.375
21.080	705.724
21.090	706.073
21.100	706.422
21.110	706.772
21.120	707.121
21.130	707.471
21.140	707.821
21.150	708.171
21.160	708.521
21.170	708.871
21.180	709.222
21.190	709.573
21.200	709.924
21.210	710.274
21.220	710.626
21.230	710.977
21.240	711.328
21.250	711.680
21.260	712.032
21.270	712.384
21.280	712.736
21.290	713.088
21.300	713.440
21.310	713.793
21.320	714.146
21.330	714.499
21.340	714.852
21.350	715.205
21.360	715.558
21.370	715.912
21.380	716.265
21.390	716.619
21.400	716.973
21.410	717.327
21.420	717.682
21.430	718.036
21.440	718.391
21.450	718.745
21.460	719.100
21.470	719.456
21.480	719.811
21.490	720.166
21.500	720.522
21.510	720.878
21.520	721.234
21.530	721.590
21.540	721.946
21.550	722.302
21.560	722.659
21.570	723.016
21.580	723.373
21.590	723.730
21.600	724.087
21.610	724.445
21.620	724.802
21.630	725.160
21.640	725.518
21.650	725.876
21.660	726.234
21.670	726.593
21.680	726.951
21.690	727.310
21.700	727.669
21.710	728.028
21.720	728.387
21.730	728.747
21.740	729.107
21.750	729.466
21.760	729.826
21.770	730.186
21.780	730.547
21.790	730.907
21.800	731.268
21.810	731.629
21.820	731.990
21.830	732.351
21.840	732.712
21.850	733.074
21.860	733.436
21.870	733.797
21.880	734.160
21.890	734.522
21.900	734.884
21.910	735.247
21.920	735.610
21.930	735.972
21.940	736.336
21.950	736.699
21.960	737.062
21.970	737.426
21.980	737.790
21.990	738.154
22.000	738.518
22.010	738.882
22.020	739.247
22.030	739.612
22.040	739.977
22.050	740.342
22.060	740.707
22.070	741.072
22.080	741.438
22.090	741.804
22.100	742.170
22.110	742.536
22.120	742.902
22.130	743.269
22.140	743.636
22.150	744.002
22.160	744.370
22.170	744.737
22.180	745.104
22.190	745.472
22.200	745.840
22.210	746.208
22.220	746.576
22.230	746.944
22.240	747.313
22.250	747.682
22.260	748.051
22.270	748.420
22.280	748.789
22.290	749.159
22.300	749.528
22.310	749.898
22.320	750.268
22.330	750.638
22.340	751.009
22.350	751.380
22.360	751.750
22.370	752.121
22.380	752.493
22.390	752.864
22.400	753.236
22.410	753.607
22.420	753.979
22.430	754.352
22.440	754.724
22.450	755.096
22.460	755.469
22.470	755.842
22.480	756.215
22.490	756.589
22.500	756.962
22.510	757.336
22.520	757.710
22.530	758.084
22.540	758.458
22.550	758.833
22.560	759.207
22.570	759.582
22.580	759.957
22.590	760.333
22.600	760.708
22.610	761.084
22.620	761.460
22.630	761.836
22.640	762.212
22.650	762.589
22.660	762.965
22.670	763.342
22.680	763.719
22.690	764.097
22.700	764.474
22.710	764.852
22.720	765.230
22.730	765.608
22.740	765.986
22.750	766.364
22.760	766.743
22.770	767.122
22.780	767.501
22.790	767.881
22.800	768.260
22.810	768.640
22.820	769.020
22.830	769.400
22.840	769.780
22.850	770.161
22.860	770.541
22.870	770.922
22.880	771.304
22.890	771.685
22.900	772.066
22.910	772.448
22.920	772.830
22.930	773.212
22.940	773.595
22.950	773.977
22.960	774.360
22.970	774.743
22.980	775.127
22.990	775.510
23.000	775.894
23.010	776.278
23.020	776.662
23.030	777.046
23.040	777.431
23.050	777.815
23.060	778.200
23.070	778.585
23.080	778.971
23.090	779.356
23.100	779.742
23.110	780.128
23.120	780.514
23.130	780.901
23.140	781.287
23.150	781.674
23.160	782.061
23.170	782.449
23.180	782.836
23.190	783.224
23.200	783.612
23.210	784.000
23.220	784.389
23.230	784.777
23.240	785.166
23.250	785.555
23.260	785.944
23.270	786.334
23.280	786.723
23.290	787.113
23.300	787.503
23.310	787.893
23.320	788.284
23.330	788.674
23.340	789.065
23.350	789.455
23.360	789.846
23.370	790.237
23.380	790.628
23.390	791.020
23.400	791.411
23.410	791.803
23.420	792.195
23.430	792.587
23.440	792.979
23.450	793.371
23.460	793.764
23.470	794.156
23.480	794.549
23.490	794.942
23.500	795.335
23.510	795.729
23.520	796.122
23.530	796.516
23.540	796.909
23.550	797.303
23.560	797.697
23.570	798.092
23.580	798.486
23.590	798.881
23.600	799.275
23.610	799.670
23.620	800.065
23.630	800.460
23.640	800.856
23.650	801.251
23.660	801.647
23.670	802.043
23.680	802.439
23.690	802.835
23.700	803.232
23.710	803.628
23.720	804.025
23.730	804.422
23.740	804.819
23.750	805.216
23.760	805.613
23.770	806.011
23.780	806.409
23.790	806.806
23.800	807.204
23.810	807.603
23.820	808.001
23.830	808.400
23.840	808.798
23.850	809.197
23.860	809.596
23.870	809.996
23.880	810.395
23.890	810.795
23.900	811.194
23.910	811.594
23.920	811.994
23.930	812.395
23.940	812.795
23.950	813.196
23.960	813.596
23.970	813.997
23.980	814.398
23.990	814.800
24.000	815.201
24.010	815.603
24.020	816.005
24.030	816.407
24.040	816.809
24.050	817.211
24.060	817.614
24.070	818.017
24.080	818.419
24.090	818.823
24.100	819.226
24.110	819.629
24.120	820.033
24.130	820.437
24.140	820.841
24.150	821.245
24.160	821.649
24.170	822.053
24.180	822.458
24.190	822.863
24.200	823.268
24.210	823.673
24.220	824.079
24.230	824.484
24.240	824.890
24.250	825.296
24.260	825.702
24.270	826.108
24.280	826.515
24.290	826.922
24.300	827.328
24.310	827.735
24.320	828.143
24.330	828.550
24.340	828.958
24.350	829.365
24.360	829.773
24.370	830.182
24.380	830.590
24.390	830.998
24.400	831.407
24.410	831.816
24.420	832.225
24.430	832.634
24.440	833.044
24.450	833.453
24.460	833.863
24.470	834.273
24.480	834.684
24.490	835.094
24.500	835.505
24.510	835.915
24.520	836.326
24.530	836.737
24.540	837.149
24.550	837.560
24.560	837.972
24.570	838.384
24.580	838.796
24.590	839.208
24.600	839.621
24.610	840.034
24.620	840.447
24.630	840.860
24.640	841.273
24.650	841.686
24.660	842.100
24.670	842.514
24.680	842.928
24.690	843.342
24.700	843.757
24.710	844.171
24.720	844.586
24.730	845.001
24.740	845.416
24.750	845.832
24.760	846.247
24.770	846.663
24.780	847.079
24.790	847.495
24.800	847.912
24.810	848.329
24.820	848.745
24.830	849.162
24.840	849.580
24.850	849.997
24.860	850.415
24.870	850.832
24.880	851.250
24.890	851.669
24.900	852.087
24.910	852.506
24.920	852.925
24.930	853.344
24.940	853.763
24.950	854.182
24.960	854.602
24.970	855.022
24.980	855.442
24.990	855.862
25.000	856.282
25.010	856.703
25.020	857.124
25.030	857.545
25.040	857.966
25.050	858.388
25.060	858.810
25.070	859.231
25.080	859.654
25.090	860.076
25.100	860.498
25.110	860.921
25.120	861.344
25.130	861.767
25.140	862.191
25.150	862.614
25.160	863.038
25.170	863.462
25.180	863.886
25.190	864.310
25.200	864.735
25.210	865.160
25.220	865.585
25.230	866.010
25.240	866.436
25.250	866.861
25.260	867.287
25.270	867.714
25.280	868.141
25.290	868.568
25.300	868.996
25.310	869.423
25.320	869.851
25.330	870.280
25.340	870.708
25.350	871.137
25.360	871.566
25.370	871.995
25.380	872.425
25.390	872.855
25.400	873.285
25.410	873.715
25.420	874.146
25.430	874.577
25.440	875.008
25.450	875.439
25.460	875.871
25.470	876.303
25.480	876.735
25.490	877.168
25.500	877.600
25.510	878.033
25.520	878.467
25.530	878.900
25.540	879.334
25.550	879.768
25.560	880.202
25.570	880.637
25.580	881.072
25.590	881.507
25.600	881.942
25.610	882.378
25.620	882.814
25.630	883.250
25.640	883.687
25.650	884.124
25.660	884.561
25.670	884.998
25.680	885.435
25.690	885.873
25.700	886.311
25.710	886.750
25.720	887.189
25.730	887.627
25.740	888.067
25.750	888.506
25.760	888.946
25.770	889.386
25.780	889.826
25.790	890.267
25.800	890.708
25.810	891.149
25.820	891.590
25.830	892.032
25.840	892.474
25.850	892.916
25.860	893.358
25.870	893.801
25.880	894.244
25.890	894.687
25.900	895.131
25.910	895.575
25.920	896.019
25.930	896.463
25.940	896.908
25.950	897.353
25.960	897.798
25.970	898.244
25.980	898.690
25.990	899.136
26.000	899.582
26.010	900.029
26.020	900.475
26.030	900.923
26.040	901.370
26.050	901.818
26.060	902.266
26.070	902.714
26.080	903.163
26.090	903.611
26.100	904.061
26.110	904.510
26.120	904.960
26.130	905.410
26.140	905.860
26.150	906.310
26.160	906.761
26.170	907.212
26.180	907.664
26.190	908.115
26.200	908.567
26.210	909.020
26.220	909.472
26.230	909.925
26.240	910.378
26.250	910.831
26.260	911.285
26.270	911.739
26.280	912.193
26.290	912.647
26.300	913.102
26.310	913.557
26.320	914.013
26.330	914.468
26.340	914.924
26.350	915.380
26.360	915.837
26.370	916.294
26.380	916.751
26.390	917.208
26.400	917.666
26.410	918.124
26.420	918.582
26.430	919.040
26.440	919.499
26.450	919.958
26.460	920.417
26.470	920.877
26.480	921.337
26.490	921.797
26.500	922.258
26.510	922.719
26.520	923.180
26.530	923.641
26.540	924.103
26.550	924.565
26.560	925.027
26.570	925.489
26.580	925.952
26.590	926.415
26.600	926.879
26.610	927.342
26.620	927.806
26.630	928.271
26.640	928.735
26.650	929.200
26.660	929.665
26.670	930.131
26.680	930.597
26.690	931.063
26.700	931.529
26.710	931.996
26.720	932.463
26.730	932.930
26.740	933.397
26.750	933.865
26.760	934.333
26.770	934.802
26.780	935.270
26.790	935.739
26.800	936.209
26.810	936.678
26.820	937.148
26.830	937.618
26.840	938.089
26.850	938.559
26.860	939.030
26.870	939.502
26.880	939.974
26.890	940.445
26.900	940.918
26.910	941.390
26.920	941.863
26.930	942.336
26.940	942.810
26.950	943.284
26.960	943.758
26.970	944.232
26.980	944.707
26.990	945.182
27.000	945.657
27.010	946.132
27.020	946.608
27.030	947.084
27.040	947.561
27.050	948.038
27.060	948.515
27.070	948.992
27.080	949.470
27.090	949.948
27.100	950.426
27.110	950.905
27.120	951.383
27.130	951.863
27.140	952.342
27.150	952.822
27.160	953.302
27.170	953.782
27.180	954.263
27.190	954.744
27.200	955.225
27.210	955.707
27.220	956.189
27.230	956.671
27.240	957.154
27.250	957.637
27.260	958.120
27.270	958.603
27.280	959.087
27.290	959.571
27.300	960.056
27.310	960.540
27.320	961.025
27.330	961.511
27.340	961.996
27.350	962.482
27.360	962.968
27.370	963.455
27.380	963.942
27.390	964.429
27.400	964.916
27.410	965.404
27.420	965.892
27.430	966.381
27.440	966.869
27.450	967.359
27.460	967.848
27.470	968.338
27.480	968.827
27.490	969.318
27.500	969.808
27.510	970.299
27.520	970.791
27.530	971.282
27.540	971.774
27.550	972.266
27.560	972.759
27.570	973.251
27.580	973.744
27.590	974.238
27.600	974.732
27.610	975.226
27.620	975.720
27.630	976.215
27.640	976.710
27.650	977.205
27.660	977.701
27.670	978.197
27.680	978.693
27.690	979.189
27.700	979.686
27.710	980.184
27.720	980.681
27.730	981.179
27.740	981.677
27.750	982.176
27.760	982.674
27.770	983.174
27.780	983.673
27.790	984.173
27.800	984.673
27.810	985.173
27.820	985.674
27.830	986.175
27.840	986.676
27.850	987.178
27.860	987.680
27.870	988.183
27.880	988.685
27.890	989.188
27.900	989.691
27.910	990.195
27.920	990.699
27.930	991.203
27.940	991.708
27.950	992.213
27.960	992.718
27.970	993.224
27.980	993.730
27.990	994.236
28.000	994.742
28.010	995.249
28.020	995.756
28.030	996.264
28.040	996.772
28.050	997.280
28.060	997.788
28.070	998.297
28.080	998.806
28.090	999.316
28.100	999.826
28.110	1000.336
28.120	1000.846
28.130	1001.357
28.140	1001.868
28.150	1002.380
28.160	1002.891
28.170	1003.403
28.180	1003.916
28.190	1004.429
28.200	1004.942
28.210	1005.455
28.220	1005.968
28.230	1006.482
28.240	1006.997
28.250	1007.511
28.260	1008.026
28.270	1008.541
28.280	1009.056
28.290	1009.572
28.300	1010.088
28.310	1010.605
28.320	1011.121
28.330	1011.638
28.340	1012.155
28.350	1012.673
28.360	1013.191
28.370	1013.709
28.380	1014.227
28.390	1014.746
28.400	1015.265
28.410	1015.784
28.420	1016.304
28.430	1016.824
28.440	1017.344
28.450	1017.865
28.460	1018.386
28.470	1018.907
28.480	1019.429
28.490	1019.950
28.500	1020.472
28.510	1020.995
28.520	1021.518
28.530	1022.041
28.540	1022.564
28.550	1023.088
28.560	1023.612
28.570	1024.136
28.580	1024.661
28.590	1025.185
28.600	1025.711
28.610	1026.236
28.620	1026.762
28.630	1027.288
28.640	1027.815
28.650	1028.341
28.660	1028.868
28.670	1029.396
28.680	1029.923
28.690	1030.451
28.700	1030.980
28.710	1031.508
28.720	1032.037
28.730	1032.567
28.740	1033.096
28.750	1033.626
28.760	1034.156
28.770	1034.687
28.780	1035.217
28.790	1035.749
28.800	1036.280
28.810	1036.812
28.820	1037.344
28.830	1037.876
28.840	1038.409
28.850	1038.942
28.860	1039.475
28.870	1040.009
28.880	1040.543
28.890	1041.077
28.900	1041.612
28.910	1042.147
28.920	1042.682
28.930	1043.218
28.940	1043.754
28.950	1044.290
28.960	1044.826
28.970	1045.363
28.980	1045.900
28.990	1046.438
29.000	1046.976
29.010	1047.514
29.020	1048.052
29.030	1048.591
29.040	1049.130
29.050	1049.669
29.060	1050.209
29.070	1050.749
29.080	1051.289
29.090	1051.830
29.100	1052.371
29.110	1052.912
29.120	1053.454
29.130	1053.996
29.140	1054.538
29.150	1055.081
29.160	1055.624
29.170	1056.167
29.180	1056.711
29.190	1057.255
29.200	1057.799
29.210	1058.344
29.220	1058.888
29.230	1059.434
29.240	1059.979
29.250	1060.525
29.260	1061.071
29.270	1061.618
29.280	1062.165
29.290	1062.712
29.300	1063.259
29.310	1063.807
29.320	1064.355
29.330	1064.904
29.340	1065.453
29.350	1066.002
29.360	1066.551
29.370	1067.101
29.380	1067.651
29.390	1068.202
29.400	1068.753
29.410	1069.304
29.420	1069.855
29.430	1070.407
29.440	1070.959
29.450	1071.511
29.460	1072.064
29.470	1072.617
29.480	1073.171
29.490	1073.725
29.500	1074.279
29.510	1074.833
29.520	1075.388
29.530	1075.943
29.540	1076.499
29.550	1077.054
29.560	1077.610
29.570	1078.167
29.580	1078.724
29.590	1079.281
29.600	1079.838
29.610	1080.396
29.620	1080.954
29.630	1081.513
29.640	1082.071
29.650	1082.631
29.660	1083.190
29.670	1083.750
29.680	1084.310
29.690	1084.870
29.700	1085.431
29.710	1085.992
29.720	1086.554
29.730	1087.116
29.740	1087.678
29.750	1088.240
29.760	1088.803
29.770	1089.366
29.780	1089.930
29.790	1090.494
29.800	1091.058
29.810	1091.623
29.820	1092.188
29.830	1092.753
29.840	1093.318
29.850	1093.884
29.860	1094.451
29.870	1095.017
29.880	1095.584
29.890	1096.151
29.900	1096.719
29.910	1097.287
29.920	1097.855
29.930	1098.424
29.940	1098.993
29.950	1099.562
29.960	1100.132
29.970	1100.702
29.980	1101.272
29.990	1101.843
30.000	1102.414
