t(c)	theta_c(grad)
0.000	85.000
0.010	84.951
0.020	84.903
0.030	84.857
0.040	84.811
0.050	84.766
0.060	84.723
0.070	84.680
0.080	84.638
0.090	84.597
0.100	84.557
0.110	84.517
0.120	84.478
0.130	84.440
0.140	84.403
0.150	84.366
0.160	84.330
0.170	84.294
0.180	84.259
0.190	84.225
0.200	84.191
0.210	84.157
0.220	84.124
0.230	84.092
0.240	84.060
0.250	84.028
0.260	83.997
0.270	83.966
0.280	83.936
0.290	83.906
0.300	83.876
0.310	83.847
0.320	83.818
0.330	83.789
0.340	83.761
0.350	83.733
0.360	83.706
0.370	83.678
0.380	83.651
0.390	83.625
0.400	83.598
0.410	83.572
0.420	83.546
0.430	83.521
0.440	83.495
0.450	83.470
0.460	83.446
0.470	83.421
0.480	83.397
0.490	83.373
0.500	83.349
0.510	83.325
0.520	83.302
0.530	83.278
0.540	83.255
0.550	83.233
0.560	83.210
0.570	83.188
0.580	83.165
0.590	83.143
0.600	83.121
0.610	83.100
0.620	83.078
0.630	83.057
0.640	83.036
0.650	83.015
0.660	82.994
0.670	82.973
0.680	82.953
0.690	82.932
0.700	82.912
0.710	82.892
0.720	82.872
0.730	82.852
0.740	82.833
0.750	82.813
0.760	82.794
0.770	82.775
0.780	82.756
0.790	82.737
0.800	82.718
0.810	82.699
0.820	82.681
0.830	82.662
0.840	82.644
0.850	82.626
0.860	82.608
0.870	82.590
0.880	82.572
0.890	82.554
0.900	82.537
0.910	82.519
0.920	82.502
0.930	82.484
0.940	82.467
0.950	82.450
0.960	82.433
0.970	82.416
0.980	82.399
0.990	82.383
1.000	82.366
1.010	82.349
1.020	82.333
1.030	82.317
1.040	82.300
1.050	82.284
1.060	82.268
1.070	82.252
1.080	82.236
1.090	82.221
1.100	82.205
1.110	82.189
1.120	82.174
1.130	82.158
1.140	82.143
1.150	82.128
1.160	82.112
1.170	82.097
1.180	82.082
1.190	82.067
1.200	82.052
1.210	82.037
1.220	82.023
1.230	82.008
1.240	81.993
1.250	81.979
1.260	81.964
1.270	81.950
1.280	81.935
1.290	81.921
1.300	81.907
1.310	81.893
1.320	81.879
1.330	81.865
1.340	81.851
1.350	81.837
1.360	81.823
1.370	81.809
1.380	81.796
1.390	81.782
1.400	81.768
1.410	81.755
1.420	81.741
1.430	81.728
1.440	81.715
1.450	81.701
1.460	81.688
1.470	81.675
1.480	81.662
1.490	81.649
1.500	81.636
1.510	81.623
1.520	81.610
1.530	81.597
1.540	81.584
1.550	81.571
1.560	81.559
1.570	81.546
1.580	81.533
1.590	81.521
1.600	81.508
1.610	81.496
1.620	81.484
1.630	81.471
1.640	81.459
1.650	81.447
1.660	81.434
1.670	81.422
1.680	81.410
1.690	81.398
1.700	81.386
1.710	81.374
1.720	81.362
1.730	81.350
1.740	81.338
1.750	81.327
1.760	81.315
1.770	81.303
1.780	81.291
1.790	81.280
1.800	81.268
1.810	81.257
1.820	81.245
1.830	81.234
1.840	81.222
1.850	81.211
1.860	81.200
1.870	81.188
1.880	81.177
1.890	81.166
1.900	81.155
1.910	81.143
1.920	81.132
1.930	81.121
1.940	81.110
1.950	81.099
1.960	81.088
1.970	81.077
1.980	81.066
1.990	81.055
2.000	81.045
2.010	81.034
2.020	81.023
2.030	81.012
2.040	81.002
2.050	80.991
2.060	80.980
2.070	80.970
2.080	80.959
2.090	80.949
2.100	80.938
2.110	80.928
2.120	80.917
2.130	80.907
2.140	80.897
2.150	80.886
2.160	80.876
2.170	80.866
2.180	80.856
2.190	80.845
2.200	80.835
2.210	80.825
2.220	80.815
2.230	80.805
2.240	80.795
2.250	80.785
2.260	80.775
2.270	80.765
2.280	80.755
2.290	80.745
2.300	80.735
2.310	80.725
2.320	80.716
2.330	80.706
2.340	80.696
2.350	80.686
2.360	80.677
2.370	80.667
2.380	80.657
2.390	80.648
2.400	80.638
2.410	80.629
2.420	80.619
2.430	80.610
2.440	80.600
2.450	80.591
2.460	80.581
2.470	80.572
2.480	80.562
2.490	80.553
2.500	80.544
2.510	80.534
2.520	80.525
2.530	80.516
2.540	80.507
2.550	80.498
2.560	80.488
2.570	80.479
2.580	80.470
2.590	80.461
2.600	80.452
2.610	80.443
2.620	80.434
2.630	80.425
2.640	80.416
2.650	80.407
2.660	80.398
2.670	80.389
2.680	80.380
2.690	80.371
2.700	80.362
2.710	80.353
2.720	80.345
2.730	80.336
2.740	80.327
2.750	80.318
2.760	80.310
2.770	80.301
2.780	80.292
2.790	80.284
2.800	80.275
2.810	80.266
2.820	80.258
2.830	80.249
2.840	80.241
2.850	80.232
2.860	80.224
2.870	80.215
2.880	80.207
2.890	80.198
2.900	80.190
2.910	80.181
2.920	80.173
2.930	80.165
2.940	80.156
2.950	80.148
2.960	80.140
2.970	80.131
2.980	80.123
2.990	80.115
3.000	80.107
3.010	80.098
3.020	80.090
3.030	80.082
3.040	80.074
3.050	80.066
3.060	80.058
3.070	80.050
3.080	80.041
3.090	80.033
3.100	80.025
3.110	80.017
3.120	80.009
3.130	80.001
3.140	79.993
3.150	79.985
3.160	79.977
3.170	79.969
3.180	79.962
3.190	79.954
3.200	79.946
3.210	79.938
3.220	79.930
3.230	79.922
3.240	79.914
3.250	79.907
3.260	79.899
3.270	79.891
3.280	79.883
3.290	79.876
3.300	79.868
3.310	79.860
3.320	79.853
3.330	79.845
3.340	79.837
3.350	79.830
3.360	79.822
3.370	79.815
3.380	79.807
3.390	79.799
3.400	79.792
3.410	79.784
3.420	79.777
3.430	79.769
3.440	79.762
3.450	79.754
3.460	79.747
3.470	79.739
3.480	79.732
3.490	79.725
3.500	79.717
3.510	79.710
3.520	79.703
3.530	79.695
3.540	79.688
3.550	79.681
3.560	79.673
3.570	79.666
3.580	79.659
3.590	79.651
3.600	79.644
3.610	79.637
3.620	79.630
3.630	79.622
3.640	79.615
3.650	79.608
3.660	79.601
3.670	79.594
3.680	79.587
3.690	79.580
3.700	79.572
3.710	79.565
3.720	79.558
3.730	79.551
3.740	79.544
3.750	79.537
3.760	79.530
3.770	79.523
3.780	79.516
3.790	79.509
3.800	79.502
3.810	79.495
3.820	79.488
3.830	79.481
3.840	79.474
3.850	79.467
3.860	79.461
3.870	79.454
3.880	79.447
3.890	79.440
3.900	79.433
3.910	79.426
3.920	79.419
3.930	79.413
3.940	79.406
3.950	79.399
3.960	79.392
3.970	79.386
3.980	79.379
3.990	79.372
4.000	79.365
4.010	79.359
4.020	79.352
4.030	79.345
4.040	79.339
4.050	79.332
4.060	79.325
4.070	79.319
4.080	79.312
4.090	79.305
4.100	79.299
4.110	79.292
4.120	79.286
4.130	79.279
4.140	79.272
4.150	79.266
4.160	79.259
4.170	79.253
4.180	79.246
4.190	79.240
4.200	79.233
4.210	79.227
4.220	79.220
4.230	79.214
4.240	79.207
4.250	79.201
4.260	79.195
4.270	79.188
4.280	79.182
4.290	79.175
4.300	79.169
4.310	79.163
4.320	79.156
4.330	79.150
4.340	79.144
4.350	79.137
4.360	79.131
4.370	79.125
4.380	79.118
4.390	79.112
4.400	79.106
4.410	79.099
4.420	79.093
4.430	79.087
4.440	79.081
4.450	79.074
4.460	79.068
4.470	79.062
4.480	79.056
4.490	79.050
4.500	79.043
4.510	79.037
4.520	79.031
4.530	79.025
4.540	79.019
4.550	79.013
4.560	79.007
4.570	79.001
4.580	78.994
4.590	78.988
4.600	78.982
4.610	78.976
4.620	78.970
4.630	78.964
4.640	78.958
4.650	78.952
4.660	78.946
4.670	78.940
4.680	78.934
4.690	78.928
4.700	78.922
4.710	78.916
4.720	78.910
4.730	78.904
4.740	78.898
4.750	78.892
4.760	78.886
4.770	78.880
4.780	78.874
4.790	78.868
4.800	78.863
4.810	78.857
4.820	78.851
4.830	78.845
4.840	78.839
4.850	78.833
4.860	78.827
4.870	78.822
4.880	78.816
4.890	78.810
4.900	78.804
4.910	78.798
4.920	78.793
4.930	78.787
4.940	78.781
4.950	78.775
4.960	78.769
4.970	78.764
4.980	78.758
4.990	78.752
5.000	78.747
5.010	78.741
5.020	78.735
5.030	78.729
5.040	78.724
5.050	78.718
5.060	78.712
5.070	78.707
5.080	78.701
5.090	78.695
5.100	78.690
5.110	78.684
5.120	78.679
5.130	78.673
5.140	78.667
5.150	78.662
5.160	78.656
5.170	78.651
5.180	78.645
5.190	78.639
5.200	78.634
5.210	78.628
5.220	78.623
5.230	78.617
5.240	78.612
5.250	78.606
5.260	78.601
5.270	78.595
5.280	78.590
5.290	78.584
5.300	78.579
5.310	78.573
5.320	78.568
5.330	78.562
5.340	78.557
5.350	78.551
5.360	78.546
5.370	78.540
5.380	78.535
5.390	78.530
5.400	78.524
5.410	78.519
5.420	78.513
5.430	78.508
5.440	78.503
5.450	78.497
5.460	78.492
5.470	78.486
5.480	78.481
5.490	78.476
5.500	78.470
5.510	78.465
5.520	78.460
5.530	78.454
5.540	78.449
5.550	78.444
5.560	78.439
5.570	78.433
5.580	78.428
5.590	78.423
5.600	78.417
5.610	78.412
5.620	78.407
5.630	78.402
5.640	78.396
5.650	78.391
5.660	78.386
5.670	78.381
5.680	78.376
5.690	78.370
5.700	78.365
5.710	78.360
5.720	78.355
5.730	78.350
5.740	78.344
5.750	78.339
5.760	78.334
5.770	78.329
5.780	78.324
5.790	78.319
5.800	78.313
5.810	78.308
5.820	78.303
5.830	78.298
5.840	78.293
5.850	78.288
5.860	78.283
5.870	78.278
5.880	78.273
5.890	78.268
5.900	78.262
5.910	78.257
5.920	78.252
5.930	78.247
5.940	78.242
5.950	78.237
5.960	78.232
5.970	78.227
5.980	78.222
5.990	78.217
6.000	78.212
6.010	78.207
6.020	78.202
6.030	78.197
6.040	78.192
6.050	78.187
6.060	78.182
6.070	78.177
6.080	78.172
6.090	78.167
6.100	78.162
6.110	78.157
6.120	78.152
6.130	78.147
6.140	78.142
6.150	78.138
6.160	78.133
6.170	78.128
6.180	78.123
6.190	78.118
6.200	78.113
6.210	78.108
6.220	78.103
6.230	78.098
6.240	78.094
6.250	78.089
6.260	78.084
6.270	78.079
6.280	78.074
6.290	78.069
6.300	78.064
6.310	78.060
6.320	78.055
6.330	78.050
6.340	78.045
6.350	78.040
6.360	78.035
6.370	78.031
6.380	78.026
6.390	78.021
6.400	78.016
6.410	78.012
6.420	78.007
6.430	78.002
6.440	77.997
6.450	77.992
6.460	77.988
6.470	77.983
6.480	77.978
6.490	77.973
6.500	77.969
6.510	77.964
6.520	77.959
6.530	77.955
6.540	77.950
6.550	77.945
6.560	77.940
6.570	77.936
6.580	77.931
6.590	77.926
6.600	77.922
6.610	77.917
6.620	77.912
6.630	77.908
6.640	77.903
6.650	77.898
6.660	77.894
6.670	77.889
6.680	77.884
6.690	77.880
6.700	77.875
6.710	77.871
6.720	77.866
6.730	77.861
6.740	77.857
6.750	77.852
6.760	77.847
6.770	77.843
6.780	77.838
6.790	77.834
6.800	77.829
6.810	77.825
6.820	77.820
6.830	77.815
6.840	77.811
6.850	77.806
6.860	77.802
6.870	77.797
6.880	77.793
6.890	77.788
6.900	77.784
6.910	77.779
6.920	77.774
6.930	77.770
6.940	77.765
6.950	77.761
6.960	77.756
6.970	77.752
6.980	77.747
6.990	77.743
7.000	77.738
7.010	77.734
7.020	77.729
7.030	77.725
7.040	77.720
7.050	77.716
7.060	77.712
7.070	77.707
7.080	77.703
7.090	77.698
7.100	77.694
7.110	77.689
7.120	77.685
7.130	77.680
7.140	77.676
7.150	77.672
7.160	77.667
7.170	77.663
7.180	77.658
7.190	77.654
7.200	77.650
7.210	77.645
7.220	77.641
7.230	77.636
7.240	77.632
7.250	77.628
7.260	77.623
7.270	77.619
7.280	77.614
7.290	77.610
7.300	77.606
7.310	77.601
7.320	77.597
7.330	77.593
7.340	77.588
7.350	77.584
7.360	77.580
7.370	77.575
7.380	77.571
7.390	77.567
7.400	77.562
7.410	77.558
7.420	77.554
7.430	77.549
7.440	77.545
7.450	77.541
7.460	77.537
7.470	77.532
7.480	77.528
7.490	77.524
7.500	77.519
7.510	77.515
7.520	77.511
7.530	77.507
7.540	77.502
7.550	77.498
7.560	77.494
7.570	77.490
7.580	77.485
7.590	77.481
7.600	77.477
7.610	77.473
7.620	77.468
7.630	77.464
7.640	77.460
7.650	77.456
7.660	77.451
7.670	77.447
7.680	77.443
7.690	77.439
7.700	77.435
7.710	77.430
7.720	77.426
7.730	77.422
7.740	77.418
7.750	77.414
7.760	77.409
7.770	77.405
7.780	77.401
7.790	77.397
7.800	77.393
7.810	77.389
7.820	77.384
7.830	77.380
7.840	77.376
7.850	77.372
7.860	77.368
7.870	77.364
7.880	77.360
7.890	77.355
7.900	77.351
7.910	77.347
7.920	77.343
7.930	77.339
7.940	77.335
7.950	77.331
7.960	77.327
7.970	77.322
7.980	77.318
7.990	77.314
8.000	77.310
8.010	77.306
8.020	77.302
8.030	77.298
8.040	77.294
8.050	77.290
8.060	77.286
8.070	77.282
8.080	77.277
8.090	77.273
8.100	77.269
8.110	77.265
8.120	77.261
8.130	77.257
8.140	77.253
8.150	77.249
8.160	77.245
8.170	77.241
8.180	77.237
8.190	77.233
8.200	77.229
8.210	77.225
8.220	77.221
8.230	77.217
8.240	77.213
8.250	77.209
8.260	77.205
8.270	77.201
8.280	77.197
8.290	77.193
8.300	77.189
8.310	77.185
8.320	77.181
8.330	77.177
8.340	77.173
8.350	77.169
8.360	77.165
8.370	77.161
8.380	77.157
8.390	77.153
8.400	77.149
8.410	77.145
8.420	77.141
8.430	77.137
8.440	77.133
8.450	77.129
8.460	77.125
8.470	77.121
8.480	77.117
8.490	77.113
8.500	77.109
8.510	77.105
8.520	77.101
8.530	77.097
8.540	77.094
8.550	77.090
8.560	77.086
8.570	77.082
8.580	77.078
8.590	77.074
8.600	77.070
8.610	77.066
8.620	77.062
8.630	77.058
8.640	77.054
8.650	77.051
8.660	77.047
8.670	77.043
8.680	77.039
8.690	77.035
8.700	77.031
8.710	77.027
8.720	77.023
8.730	77.019
8.740	77.016
8.750	77.012
8.760	77.008
8.770	77.004
8.780	77.000
8.790	76.996
8.800	76.992
8.810	76.989
8.820	76.985
8.830	76.981
8.840	76.977
8.850	76.973
8.860	76.969
8.870	76.965
8.880	76.962
8.890	76.958
8.900	76.954
8.910	76.950
8.920	76.946
8.930	76.942
8.940	76.939
8.950	76.935
8.960	76.931
8.970	76.927
8.980	76.923
8.990	76.920
9.000	76.916
9.010	76.912
9.020	76.908
9.030	76.904
9.040	76.901
9.050	76.897
9.060	76.893
9.070	76.889
9.080	76.885
9.090	76.882
9.100	76.878
9.110	76.874
9.120	76.870
9.130	76.867
9.140	76.863
9.150	76.859
9.160	76.855
9.170	76.852
9.180	76.848
9.190	76.844
9.200	76.840
9.210	76.837
9.220	76.833
9.230	76.829
9.240	76.825
9.250	76.822
9.260	76.818
9.270	76.814
9.280	76.810
9.290	76.807
9.300	76.803
9.310	76.799
9.320	76.795
9.330	76.792
9.340	76.788
9.350	76.784
9.360	76.781
9.370	76.777
9.380	76.773
9.390	76.769
9.400	76.766
9.410	76.762
9.420	76.758
9.430	76.755
9.440	76.751
9.450	76.747
9.460	76.743
9.470	76.740
9.480	76.736
9.490	76.732
9.500	76.729
9.510	76.725
9.520	76.721
9.530	76.718
9.540	76.714
9.550	76.710
9.560	76.707
9.570	76.703
9.580	76.699
9.590	76.696
9.600	76.692
9.610	76.688
9.620	76.685
9.630	76.681
9.640	76.677
9.650	76.674
9.660	76.670
9.670	76.666
9.680	76.663
9.690	76.659
9.700	76.656
9.710	76.652
9.720	76.648
9.730	76.645
9.740	76.641
9.750	76.637
9.760	76.634
9.770	76.630
9.780	76.627
9.790	76.623
9.800	76.619
9.810	76.616
9.820	76.612
9.830	76.608
9.840	76.605
9.850	76.601
9.860	76.598
9.870	76.594
9.880	76.590
9.890	76.587
9.900	76.583
9.910	76.580
9.920	76.576
9.930	76.572
9.940	76.569
9.950	76.565
9.960	76.562
9.970	76.558
9.980	76.555
9.990	76.551
10.000	76.547
10.010	76.544
10.020	76.540
10.030	76.537
10.040	76.533
10.050	76.530
10.060	76.526
10.070	76.522
10.080	76.519
10.090	76.515
10.100	76.512
10.110	76.508
10.120	76.505
10.130	76.501
10.140	76.498
10.150	76.494
10.160	76.490
10.170	76.487
10.180	76.483
10.190	76.480
10.200	76.476
10.210	76.473
10.220	76.469
10.230	76.466
10.240	76.462
10.250	76.459
10.260	76.455
10.270	76.452
10.280	76.448
10.290	76.445
10.300	76.441
10.310	76.438
10.320	76.434
10.330	76.431
10.340	76.427
10.350	76.424
10.360	76.420
10.370	76.417
10.380	76.413
10.390	76.410
10.400	76.406
10.410	76.403
10.420	76.399
10.430	76.396
10.440	76.392
10.450	76.389
10.460	76.385
10.470	76.382
10.480	76.378
10.490	76.375
10.500	76.371
10.510	76.368
10.520	76.364
10.530	76.361
10.540	76.357
10.550	76.354
10.560	76.350
10.570	76.347
10.580	76.343
10.590	76.340
10.600	76.337
10.610	76.333
10.620	76.330
10.630	76.326
10.640	76.323
10.650	76.319
10.660	76.316
10.670	76.312
10.680	76.309
10.690	76.306
10.700	76.302
10.710	76.299
10.720	76.295
10.730	76.292
10.740	76.288
10.750	76.285
10.760	76.282
10.770	76.278
10.780	76.275
10.790	76.271
10.800	76.268
10.810	76.264
10.820	76.261
10.830	76.258
10.840	76.254
10.850	76.251
10.860	76.247
10.870	76.244
10.880	76.241
10.890	76.237
10.900	76.234
10.910	76.230
10.920	76.227
10.930	76.224
10.940	76.220
10.950	76.217
10.960	76.213
10.970	76.210
10.980	76.207
10.990	76.203
11.000	76.200
11.010	76.196
11.020	76.193
11.030	76.190
11.040	76.186
11.050	76.183
11.060	76.180
11.070	76.176
11.080	76.173
11.090	76.169
11.100	76.166
11.110	76.163
11.120	76.159
11.130	76.156
11.140	76.153
11.150	76.149
11.160	76.146
11.170	76.143
11.180	76.139
11.190	76.136
11.200	76.133
11.210	76.129
11.220	76.126
11.230	76.122
11.240	76.119
11.250	76.116
11.260	76.112
11.270	76.109
11.280	76.106
11.290	76.102
11.300	76.099
11.310	76.096
11.320	76.092
11.330	76.089
11.340	76.086
11.350	76.083
11.360	76.079
11.370	76.076
11.380	76.073
11.390	76.069
11.400	76.066
11.410	76.063
11.420	76.059
11.430	76.056
11.440	76.053
11.450	76.049
11.460	76.046
11.470	76.043
11.480	76.039
11.490	76.036
11.500	76.033
11.510	76.030
11.520	76.026
11.530	76.023
11.540	76.020
11.550	76.016
11.560	76.013
11.570	76.010
11.580	76.007
11.590	76.003
11.600	76.000
11.610	75.997
11.620	75.993
11.630	75.990
11.640	75.987
11.650	75.984
11.660	75.980
11.670	75.977
11.680	75.974
11.690	75.971
11.700	75.967
11.710	75.964
11.720	75.961
11.730	75.957
11.740	75.954
11.750	75.951
11.760	75.948
11.770	75.944
11.780	75.941
11.790	75.938
11.800	75.935
11.810	75.931
11.820	75.928
11.830	75.925
11.840	75.922
11.850	75.918
11.860	75.915
11.870	75.912
11.880	75.909
11.890	75.906
11.900	75.902
11.910	75.899
11.920	75.896
11.930	75.893
11.940	75.889
11.950	75.886
11.960	75.883
11.970	75.880
11.980	75.876
11.990	75.873
12.000	75.870
12.010	75.867
12.020	75.864
12.030	75.860
12.040	75.857
12.050	75.854
12.060	75.851
12.070	75.848
12.080	75.844
12.090	75.841
12.100	75.838
12.110	75.835
12.120	75.832
12.130	75.828
12.140	75.825
12.150	75.822
12.160	75.819
12.170	75.816
12.180	75.812
12.190	75.809
12.200	75.806
12.210	75.803
12.220	75.800
12.230	75.796
12.240	75.793
12.250	75.790
12.260	75.787
12.270	75.784
12.280	75.781
12.290	75.777
12.300	75.774
12.310	75.771
12.320	75.768
12.330	75.765
12.340	75.762
12.350	75.758
12.360	75.755
12.370	75.752
12.380	75.749
12.390	75.746
12.400	75.743
12.410	75.739
12.420	75.736
12.430	75.733
12.440	75.730
12.450	75.727
12.460	75.724
12.470	75.721
12.480	75.717
12.490	75.714
12.500	75.711
12.510	75.708
12.520	75.705
12.530	75.702
12.540	75.699
12.550	75.695
12.560	75.692
12.570	75.689
12.580	75.686
12.590	75.683
12.600	75.680
12.610	75.677
12.620	75.674
12.630	75.670
12.640	75.667
12.650	75.664
12.660	75.661
12.670	75.658
12.680	75.655
12.690	75.652
12.700	75.649
12.710	75.645
12.720	75.642
12.730	75.639
12.740	75.636
12.750	75.633
12.760	75.630
12.770	75.627
12.780	75.624
12.790	75.621
12.800	75.618
12.810	75.614
12.820	75.611
12.830	75.608
12.840	75.605
12.850	75.602
12.860	75.599
12.870	75.596
12.880	75.593
12.890	75.590
12.900	75.587
12.910	75.584
12.920	75.580
12.930	75.577
12.940	75.574
12.950	75.571
12.960	75.568
12.970	75.565
12.980	75.562
12.990	75.559
13.000	75.556
13.010	75.553
13.020	75.550
13.030	75.547
13.040	75.544
13.050	75.540
13.060	75.537
13.070	75.534
13.080	75.531
13.090	75.528
13.100	75.525
13.110	75.522
13.120	75.519
13.130	75.516
13.140	75.513
13.150	75.510
13.160	75.507
13.170	75.504
13.180	75.501
13.190	75.498
13.200	75.495
13.210	75.492
13.220	75.489
13.230	75.486
13.240	75.483
13.250	75.479
13.260	75.476
13.270	75.473
13.280	75.470
13.290	75.467
13.300	75.464
13.310	75.461
13.320	75.458
13.330	75.455
13.340	75.452
13.350	75.449
13.360	75.446
13.370	75.443
13.380	75.440
13.390	75.437
13.400	75.434
13.410	75.431
13.420	75.428
13.430	75.425
13.440	75.422
13.450	75.419
13.460	75.416
13.470	75.413
13.480	75.410
13.490	75.407
13.500	75.404
13.510	75.401
13.520	75.398
13.530	75.395
13.540	75.392
13.550	75.389
13.560	75.386
13.570	75.383
13.580	75.380
13.590	75.377
13.600	75.374
13.610	75.371
13.620	75.368
13.630	75.365
13.640	75.362
13.650	75.359
13.660	75.356
13.670	75.353
13.680	75.350
13.690	75.347
13.700	75.344
13.710	75.341
13.720	75.338
13.730	75.335
13.740	75.332
13.750	75.329
13.760	75.326
13.770	75.323
13.780	75.320
13.790	75.317
13.800	75.314
13.810	75.311
13.820	75.308
13.830	75.305
13.840	75.302
13.850	75.300
13.860	75.297
13.870	75.294
13.880	75.291
13.890	75.288
13.900	75.285
13.910	75.282
13.920	75.279
13.930	75.276
13.940	75.273
13.950	75.270
13.960	75.267
13.970	75.264
13.980	75.261
13.990	75.258
14.000	75.255
14.010	75.252
14.020	75.249
14.030	75.246
14.040	75.243
14.050	75.241
14.060	75.238
14.070	75.235
14.080	75.232
14.090	75.229
14.100	75.226
14.110	75.223
14.120	75.220
14.130	75.217
14.140	75.214
14.150	75.211
14.160	75.208
14.170	75.205
14.180	75.202
14.190	75.200
14.200	75.197
14.210	75.194
14.220	75.191
14.230	75.188
14.240	75.185
14.250	75.182
14.260	75.179
14.270	75.176
14.280	75.173
14.290	75.170
14.300	75.167
14.310	75.165
14.320	75.162
14.330	75.159
14.340	75.156
14.350	75.153
14.360	75.150
14.370	75.147
14.380	75.144
14.390	75.141
14.400	75.138
14.410	75.136
14.420	75.133
14.430	75.130
14.440	75.127
14.450	75.124
14.460	75.121
14.470	75.118
14.480	75.115
14.490	75.112
14.500	75.110
14.510	75.107
14.520	75.104
14.530	75.101
14.540	75.098
14.550	75.095
14.560	75.092
14.570	75.089
14.580	75.087
14.590	75.084
14.600	75.081
14.610	75.078
14.620	75.075
14.630	75.072
14.640	75.069
14.650	75.066
14.660	75.064
14.670	75.061
14.680	75.058
14.690	75.055
14.700	75.052
14.710	75.049
14.720	75.046
14.730	75.044
14.740	75.041
14.750	75.038
14.760	75.035
14.770	75.032
14.780	75.029
14.790	75.026
14.800	75.024
14.810	75.021
14.820	75.018
14.830	75.015
14.840	75.012
14.850	75.009
14.860	75.006
14.870	75.004
14.880	75.001
14.890	74.998
14.900	74.995
14.910	74.992
14.920	74.989
14.930	74.987
14.940	74.984
14.950	74.981
14.960	74.978
14.970	74.975
14.980	74.972
14.990	74.970
15.000	74.967
15.010	74.964
15.020	74.961
15.030	74.958
15.040	74.955
15.050	74.953
15.060	74.950
15.070	74.947
15.080	74.944
15.090	74.941
15.100	74.939
15.110	74.936
15.120	74.933
15.130	74.930
15.140	74.927
15.150	74.925
15.160	74.922
15.170	74.919
15.180	74.916
15.190	74.913
15.200	74.910
15.210	74.908
15.220	74.905
15.230	74.902
15.240	74.899
15.250	74.896
15.260	74.894
15.270	74.891
15.280	74.888
15.290	74.885
15.300	74.882
15.310	74.880
15.320	74.877
15.330	74.874
15.340	74.871
15.350	74.869
15.360	74.866
15.370	74.863
15.380	74.860
15.390	74.857
15.400	74.855
15.410	74.852
15.420	74.849
15.430	74.846
15.440	74.843
15.450	74.841
15.460	74.838
15.470	74.835
15.480	74.832
15.490	74.830
15.500	74.827
15.510	74.824
15.520	74.821
15.530	74.818
15.540	74.816
15.550	74.813
15.560	74.810
15.570	74.807
15.580	74.805
15.590	74.802
15.600	74.799
15.610	74.796
15.620	74.794
15.630	74.791
15.640	74.788
15.650	74.785
15.660	74.783
15.670	74.780
15.680	74.777
15.690	74.774
15.700	74.772
15.710	74.769
15.720	74.766
15.730	74.763
15.740	74.761
15.750	74.758
15.760	74.755
15.770	74.752
15.780	74.750
15.790	74.747
15.800	74.744
15.810	74.741
15.820	74.739
15.830	74.736
15.840	74.733
15.850	74.730
15.860	74.728
15.870	74.725
15.880	74.722
15.890	74.719
15.900	74.717
15.910	74.714
15.920	74.711
15.930	74.709
15.940	74.706
15.950	74.703
15.960	74.700
15.970	74.698
15.980	74.695
15.990	74.692
16.000	74.689
16.010	74.687
16.020	74.684
16.030	74.681
16.040	74.679
16.050	74.676
16.060	74.673
16.070	74.670
16.080	74.668
16.090	74.665
16.100	74.662
16.110	74.660
16.120	74.657
16.130	74.654
16.140	74.651
16.150	74.649
16.160	74.646
16.170	74.643
16.180	74.641
16.190	74.638
16.200	74.635
16.210	74.633
16.220	74.630
16.230	74.627
16.240	74.624
16.250	74.622
16.260	74.619
16.270	74.616
16.280	74.614
16.290	74.611
16.300	74.608
16.310	74.606
16.320	74.603
16.330	74.600
16.340	74.598
16.350	74.595
16.360	74.592
16.370	74.589
16.380	74.587
16.390	74.584
16.400	74.581
16.410	74.579
16.420	74.576
16.430	74.573
16.440	74.571
16.450	74.568
16.460	74.565
16.470	74.563
16.480	74.560
16.490	74.557
16.500	74.555
16.510	74.552
16.520	74.549
16.530	74.547
16.540	74.544
16.550	74.541
16.560	74.539
16.570	74.536
16.580	74.533
16.590	74.531
16.600	74.528
16.610	74.525
16.620	74.523
16.630	74.520
16.640	74.517
16.650	74.515
16.660	74.512
16.670	74.509
16.680	74.507
16.690	74.504
16.700	74.501
16.710	74.499
16.720	74.496
16.730	74.494
16.740	74.491
16.750	74.488
16.760	74.486
16.770	74.483
16.780	74.480
16.790	74.478
16.800	74.475
16.810	74.472
16.820	74.470
16.830	74.467
16.840	74.464
16.850	74.462
16.860	74.459
16.870	74.457
16.880	74.454
16.890	74.451
16.900	74.449
16.910	74.446
16.920	74.443
16.930	74.441
16.940	74.438
16.950	74.436
16.960	74.433
16.970	74.430
16.980	74.428
16.990	74.425
17.000	74.422
17.010	74.420
17.020	74.417
17.030	74.415
17.040	74.412
17.050	74.409
17.060	74.407
17.070	74.404
17.080	74.401
17.090	74.399
17.100	74.396
17.110	74.394
17.120	74.391
17.130	74.388
17.140	74.386
17.150	74.383
17.160	74.381
17.170	74.378
17.180	74.375
17.190	74.373
17.200	74.370
17.210	74.368
17.220	74.365
17.230	74.362
17.240	74.360
17.250	74.357
17.260	74.355
17.270	74.352
17.280	74.349
17.290	74.347
17.300	74.344
17.310	74.342
17.320	74.339
17.330	74.336
17.340	74.334
17.350	74.331
17.360	74.329
17.370	74.326
17.380	74.323
17.390	74.321
17.400	74.318
17.410	74.316
17.420	74.313
17.430	74.311
17.440	74.308
17.450	74.305
17.460	74.303
17.470	74.300
17.480	74.298
17.490	74.295
17.500	74.293
17.510	74.290
17.520	74.287
17.530	74.285
17.540	74.282
17.550	74.280
17.560	74.277
17.570	74.275
17.580	74.272
17.590	74.269
17.600	74.267
17.610	74.264
17.620	74.262
17.630	74.259
17.640	74.257
17.650	74.254
17.660	74.251
17.670	74.249
17.680	74.246
17.690	74.244
17.700	74.241
17.710	74.239
17.720	74.236
17.730	74.234
17.740	74.231
17.750	74.228
17.760	74.226
17.770	74.223
17.780	74.221
17.790	74.218
17.800	74.216
17.810	74.213
17.820	74.211
17.830	74.208
17.840	74.206
17.850	74.203
17.860	74.200
17.870	74.198
17.880	74.195
17.890	74.193
17.900	74.190
17.910	74.188
17.920	74.185
17.930	74.183
17.940	74.180
17.950	74.178
17.960	74.175
17.970	74.173
17.980	74.170
17.990	74.168
18.000	74.165
18.010	74.162
18.020	74.160
18.030	74.157
18.040	74.155
18.050	74.152
18.060	74.150
18.070	74.147
18.080	74.145
18.090	74.142
18.100	74.140
18.110	74.137
18.120	74.135
18.130	74.132
18.140	74.130
18.150	74.127
18.160	74.125
18.170	74.122
18.180	74.120
18.190	74.117
18.200	74.115
18.210	74.112
18.220	74.110
18.230	74.107
18.240	74.105
18.250	74.102
18.260	74.100
18.270	74.097
18.280	74.095
18.290	74.092
18.300	74.090
18.310	74.087
18.320	74.085
18.330	74.082
18.340	74.080
18.350	74.077
18.360	74.075
18.370	74.072
18.380	74.070
18.390	74.067
18.400	74.065
18.410	74.062
18.420	74.060
18.430	74.057
18.440	74.055
18.450	74.052
18.460	74.050
18.470	74.047
18.480	74.045
18.490	74.042
18.500	74.040
18.510	74.037
18.520	74.035
18.530	74.032
18.540	74.030
18.550	74.027
18.560	74.025
18.570	74.022
18.580	74.020
18.590	74.017
18.600	74.015
18.610	74.013
18.620	74.010
18.630	74.008
18.640	74.005
18.650	74.003
18.660	74.000
18.670	73.998
18.680	73.995
18.690	73.993
18.700	73.990
18.710	73.988
18.720	73.985
18.730	73.983
18.740	73.980
18.750	73.978
18.760	73.976
18.770	73.973
18.780	73.971
18.790	73.968
18.800	73.966
18.810	73.963
18.820	73.961
18.830	73.958
18.840	73.956
18.850	73.953
18.860	73.951
18.870	73.949
18.880	73.946
18.890	73.944
18.900	73.941
18.910	73.939
18.920	73.936
18.930	73.934
18.940	73.931
18.950	73.929
18.960	73.927
18.970	73.924
18.980	73.922
18.990	73.919
19.000	73.917
19.010	73.914
19.020	73.912
19.030	73.909
19.040	73.907
19.050	73.905
19.060	73.902
19.070	73.900
19.080	73.897
19.090	73.895
19.100	73.892
19.110	73.890
19.120	73.888
19.130	73.885
19.140	73.883
19.150	73.880
19.160	73.878
19.170	73.875
19.180	73.873
19.190	73.871
19.200	73.868
19.210	73.866
19.220	73.863
19.230	73.861
19.240	73.858
19.250	73.856
19.260	73.854
19.270	73.851
19.280	73.849
19.290	73.846
19.300	73.844
19.310	73.842
19.320	73.839
19.330	73.837
19.340	73.834
19.350	73.832
19.360	73.830
19.370	73.827
19.380	73.825
19.390	73.822
19.400	73.820
19.410	73.818
19.420	73.815
19.430	73.813
19.440	73.810
19.450	73.808
19.460	73.806
19.470	73.803
19.480	73.801
19.490	73.798
19.500	73.796
19.510	73.794
19.520	73.791
19.530	73.789
19.540	73.786
19.550	73.784
19.560	73.782
19.570	73.779
19.580	73.777
19.590	73.774
19.600	73.772
19.610	73.770
19.620	73.767
19.630	73.765
19.640	73.763
19.650	73.760
19.660	73.758
19.670	73.755
19.680	73.753
19.690	73.751
19.700	73.748
19.710	73.746
19.720	73.743
19.730	73.741
19.740	73.739
19.750	73.736
19.760	73.734
19.770	73.732
19.780	73.729
19.790	73.727
19.800	73.724
19.810	73.722
19.820	73.720
19.830	73.717
19.840	73.715
19.850	73.713
19.860	73.710
19.870	73.708
19.880	73.706
19.890	73.703
19.900	73.701
19.910	73.698
19.920	73.696
19.930	73.694
19.940	73.691
19.950	73.689
19.960	73.687
19.970	73.684
19.980	73.682
19.990	73.680
20.000	73.677
20.010	73.675
20.020	73.673
20.030	73.670
20.040	73.668
20.050	73.666
20.060	73.663
20.070	73.661
20.080	73.659
20.090	73.656
20.100	73.654
20.110	73.651
20.120	73.649
20.130	73.647
20.140	73.644
20.150	73.642
20.160	73.640
20.170	73.637
20.180	73.635
20.190	73.633
20.200	73.630
20.210	73.628
20.220	73.626
20.230	73.623
20.240	73.621
20.250	73.619
20.260	73.616
20.270	73.614
20.280	73.612
20.290	73.609
20.300	73.607
20.310	73.605
20.320	73.602
20.330	73.600
20.340	73.598
20.350	73.595
20.360	73.593
20.370	73.591
20.380	73.589
20.390	73.586
20.400	73.584
20.410	73.582
20.420	73.579
20.430	73.577
20.440	73.575
20.450	73.572
20.460	73.570
20.470	73.568
20.480	73.565
20.490	73.563
20.500	73.561
20.510	73.558
20.520	73.556
20.530	73.554
20.540	73.552
20.550	73.549
20.560	73.547
20.570	73.545
20.580	73.542
20.590	73.540
20.600	73.538
20.610	73.535
20.620	73.533
20.630	73.531
20.640	73.528
20.650	73.526
20.660	73.524
20.670	73.522
20.680	73.519
20.690	73.517
20.700	73.515
20.710	73.512
20.720	73.510
20.730	73.508
20.740	73.506
20.750	73.503
20.760	73.501
20.770	73.499
20.780	73.496
20.790	73.494
20.800	73.492
20.810	73.490
20.820	73.487
20.830	73.485
20.840	73.483
20.850	73.480
20.860	73.478
20.870	73.476
20.880	73.474
20.890	73.471
20.900	73.469
20.910	73.467
20.920	73.464
20.930	73.462
20.940	73.460
20.950	73.458
20.960	73.455
20.970	73.453
20.980	73.451
20.990	73.449
21.000	73.446
21.010	73.444
21.020	73.442
21.030	73.439
21.040	73.437
21.050	73.435
21.060	73.433
21.070	73.430
21.080	73.428
21.090	73.426
21.100	73.424
21.110	73.421
21.120	73.419
21.130	73.417
21.140	73.415
21.150	73.412
21.160	73.410
21.170	73.408
21.180	73.406
21.190	73.403
21.200	73.401
21.210	73.399
21.220	73.397
21.230	73.394
21.240	73.392
21.250	73.390
21.260	73.388
21.270	73.385
21.280	73.383
21.290	73.381
21.300	73.379
21.310	73.376
21.320	73.374
21.330	73.372
21.340	73.370
21.350	73.367
21.360	73.365
21.370	73.363
21.380	73.361
21.390	73.358
21.400	73.356
21.410	73.354
21.420	73.352
21.430	73.349
21.440	73.347
21.450	73.345
21.460	73.343
21.470	73.341
21.480	73.338
21.490	73.336
21.500	73.334
21.510	73.332
21.520	73.329
21.530	73.327
21.540	73.325
21.550	73.323
21.560	73.320
21.570	73.318
21.580	73.316
21.590	73.314
21.600	73.312
21.610	73.309
21.620	73.307
21.630	73.305
21.640	73.303
21.650	73.300
21.660	73.298
21.670	73.296
21.680	73.294
21.690	73.292
21.700	73.289
21.710	73.287
21.720	73.285
21.730	73.283
21.740	73.281
21.750	73.278
21.760	73.276
21.770	73.274
21.780	73.272
21.790	73.270
21.800	73.267
21.810	73.265
21.820	73.263
21.830	73.261
21.840	73.259
21.850	73.256
21.860	73.254
21.870	73.252
21.880	73.250
21.890	73.248
21.900	73.245
21.910	73.243
21.920	73.241
21.930	73.239
21.940	73.237
21.950	73.234
21.960	73.232
21.970	73.230
21.980	73.228
21.990	73.226
22.000	73.223
22.010	73.221
22.020	73.219
22.030	73.217
22.040	73.215
22.050	73.212
22.060	73.210
22.070	73.208
22.080	73.206
22.090	73.204
22.100	73.202
22.110	73.199
22.120	73.197
22.130	73.195
22.140	73.193
22.150	73.191
22.160	73.189
22.170	73.186
22.180	73.184
22.190	73.182
22.200	73.180
22.210	73.178
22.220	73.175
22.230	73.173
22.240	73.171
22.250	73.169
22.260	73.167
22.270	73.165
22.280	73.162
22.290	73.160
22.300	73.158
22.310	73.156
22.320	73.154
22.330	73.152
22.340	73.149
22.350	73.147
22.360	73.145
22.370	73.143
22.380	73.141
22.390	73.139
22.400	73.137
22.410	73.134
22.420	73.132
22.430	73.130
22.440	73.128
22.450	73.126
22.460	73.124
22.470	73.121
22.480	73.119
22.490	73.117
22.500	73.115
22.510	73.113
22.520	73.111
22.530	73.109
22.540	73.106
22.550	73.104
22.560	73.102
22.570	73.100
22.580	73.098
22.590	73.096
22.600	73.094
22.610	73.091
22.620	73.089
22.630	73.087
22.640	73.085
22.650	73.083
22.660	73.081
22.670	73.079
22.680	73.076
22.690	73.074
22.700	73.072
22.710	73.070
22.720	73.068
22.730	73.066
22.740	73.064
22.750	73.062
22.760	73.059
22.770	73.057
22.780	73.055
22.790	73.053
22.800	73.051
22.810	73.049
22.820	73.047
22.830	73.045
22.840	73.042
22.850	73.040
22.860	73.038
22.870	73.036
22.880	73.034
22.890	73.032
22.900	73.030
22.910	73.028
22.920	73.025
22.930	73.023
22.940	73.021
22.950	73.019
22.960	73.017
22.970	73.015
22.980	73.013
22.990	73.011
23.000	73.009
23.010	73.006
23.020	73.004
23.030	73.002
23.040	73.000
23.050	72.998
23.060	72.996
23.070	72.994
23.080	72.992
23.090	72.990
23.100	72.987
23.110	72.985
23.120	72.983
23.130	72.981
23.140	72.979
23.150	72.977
23.160	72.975
23.170	72.973
23.180	72.971
23.190	72.969
23.200	72.967
23.210	72.964
23.220	72.962
23.230	72.960
23.240	72.958
23.250	72.956
23.260	72.954
23.270	72.952
23.280	72.950
23.290	72.948
23.300	72.946
23.310	72.944
23.320	72.941
23.330	72.939
23.340	72.937
23.350	72.935
23.360	72.933
23.370	72.931
23.380	72.929
23.390	72.927
23.400	72.925
23.410	72.923
23.420	72.921
23.430	72.919
23.440	72.916
23.450	72.914
23.460	72.912
23.470	72.910
23.480	72.908
23.490	72.906
23.500	72.904
23.510	72.902
23.520	72.900
23.530	72.898
23.540	72.896
23.550	72.894
23.560	72.892
23.570	72.890
23.580	72.888
23.590	72.885
23.600	72.883
23.610	72.881
23.620	72.879
23.630	72.877
23.640	72.875
23.650	72.873
23.660	72.871
23.670	72.869
23.680	72.867
23.690	72.865
23.700	72.863
23.710	72.861
23.720	72.859
23.730	72.857
23.740	72.855
23.750	72.853
23.760	72.850
23.770	72.848
23.780	72.846
23.790	72.844
23.800	72.842
23.810	72.840
23.820	72.838
23.830	72.836
23.840	72.834
23.850	72.832
23.860	72.830
23.870	72.828
23.880	72.826
23.890	72.824
23.900	72.822
23.910	72.820
23.920	72.818
23.930	72.816
23.940	72.814
23.950	72.812
23.960	72.810
23.970	72.808
23.980	72.806
23.990	72.804
24.000	72.802
24.010	72.799
24.020	72.797
24.030	72.795
24.040	72.793
24.050	72.791
24.060	72.789
24.070	72.787
24.080	72.785
24.090	72.783
24.100	72.781
24.110	72.779
24.120	72.777
24.130	72.775
24.140	72.773
24.150	72.771
24.160	72.769
24.170	72.767
24.180	72.765
24.190	72.763
24.200	72.761
24.210	72.759
24.220	72.757
24.230	72.755
24.240	72.753
24.250	72.751
24.260	72.749
24.270	72.747
24.280	72.745
24.290	72.743
24.300	72.741
24.310	72.739
24.320	72.737
24.330	72.735
24.340	72.733
24.350	72.731
24.360	72.729
24.370	72.727
24.380	72.725
24.390	72.723
24.400	72.721
24.410	72.719
24.420	72.717
24.430	72.715
24.440	72.713
24.450	72.711
24.460	72.709
24.470	72.707
24.480	72.705
24.490	72.703
24.500	72.701
24.510	72.699
24.520	72.697
24.530	72.695
24.540	72.693
24.550	72.691
24.560	72.689
24.570	72.687
24.580	72.685
24.590	72.683
24.600	72.681
24.610	72.679
24.620	72.677
24.630	72.675
24.640	72.673
24.650	72.671
24.660	72.669
24.670	72.667
24.680	72.665
24.690	72.663
24.700	72.661
24.710	72.659
24.720	72.657
24.730	72.655
24.740	72.653
24.750	72.651
24.760	72.649
24.770	72.647
24.780	72.645
24.790	72.643
24.800	72.641
24.810	72.639
24.820	72.637
24.830	72.635
24.840	72.634
24.850	72.632
24.860	72.630
24.870	72.628
24.880	72.626
24.890	72.624
24.900	72.622
24.910	72.620
24.920	72.618
24.930	72.616
24.940	72.614
24.950	72.612
24.960	72.610
24.970	72.608
24.980	72.606
24.990	72.604
25.000	72.602
25.010	72.600
25.020	72.598
25.030	72.596
25.040	72.594
25.050	72.592
25.060	72.590
25.070	72.588
25.080	72.586
25.090	72.585
25.100	72.583
25.110	72.581
25.120	72.579
25.130	72.577
25.140	72.575
25.150	72.573
25.160	72.571
25.170	72.569
25.180	72.567
25.190	72.565
25.200	72.563
25.210	72.561
25.220	72.559
25.230	72.557
25.240	72.555
25.250	72.553
25.260	72.551
25.270	72.550
25.280	72.548
25.290	72.546
25.300	72.544
25.310	72.542
25.320	72.540
25.330	72.538
25.340	72.536
25.350	72.534
25.360	72.532
25.370	72.530
25.380	72.528
25.390	72.526
25.400	72.524
25.410	72.523
25.420	72.521
25.430	72.519
25.440	72.517
25.450	72.515
25.460	72.513
25.470	72.511
25.480	72.509
25.490	72.507
25.500	72.505
25.510	72.503
25.520	72.501
25.530	72.499
25.540	72.498
25.550	72.496
25.560	72.494
25.570	72.492
25.580	72.490
25.590	72.488
25.600	72.486
25.610	72.484
25.620	72.482
25.630	72.480
25.640	72.478
25.650	72.476
25.660	72.475
25.670	72.473
25.680	72.471
25.690	72.469
25.700	72.467
25.710	72.465
25.720	72.463
25.730	72.461
25.740	72.459
25.750	72.457
25.760	72.456
25.770	72.454
25.780	72.452
25.790	72.450
25.800	72.448
25.810	72.446
25.820	72.444
25.830	72.442
25.840	72.440
25.850	72.438
25.860	72.437
25.870	72.435
25.880	72.433
25.890	72.431
25.900	72.429
25.910	72.427
25.920	72.425
25.930	72.423
25.940	72.421
25.950	72.420
25.960	72.418
25.970	72.416
25.980	72.414
25.990	72.412
26.000	72.410
26.010	72.408
26.020	72.406
26.030	72.404
26.040	72.403
26.050	72.401
26.060	72.399
26.070	72.397
26.080	72.395
26.090	72.393
26.100	72.391
26.110	72.389
26.120	72.388
26.130	72.386
26.140	72.384
26.150	72.382
26.160	72.380
26.170	72.378
26.180	72.376
26.190	72.374
26.200	72.373
26.210	72.371
26.220	72.369
26.230	72.367
26.240	72.365
26.250	72.363
26.260	72.361
26.270	72.360
26.280	72.358
26.290	72.356
26.300	72.354
26.310	72.352
26.320	72.350
26.330	72.348
26.340	72.347
26.350	72.345
26.360	72.343
26.370	72.341
26.380	72.339
26.390	72.337
26.400	72.335
26.410	72.334
26.420	72.332
26.430	72.330
26.440	72.328
26.450	72.326
26.460	72.324
26.470	72.322
26.480	72.321
26.490	72.319
26.500	72.317
26.510	72.315
26.520	72.313
26.530	72.311
26.540	72.310
26.550	72.308
26.560	72.306
26.570	72.304
26.580	72.302
26.590	72.300
26.600	72.298
26.610	72.297
26.620	72.295
26.630	72.293
26.640	72.291
26.650	72.289
26.660	72.287
26.670	72.286
26.680	72.284
26.690	72.282
26.700	72.280
26.710	72.278
26.720	72.276
26.730	72.275
26.740	72.273
26.750	72.271
26.760	72.269
26.770	72.267
26.780	72.265
26.790	72.264
26.800	72.262
26.810	72.260
26.820	72.258
26.830	72.256
26.840	72.255
26.850	72.253
26.860	72.251
26.870	72.249
26.880	72.247
26.890	72.245
26.900	72.244
26.910	72.242
26.920	72.240
26.930	72.238
26.940	72.236
26.950	72.235
26.960	72.233
26.970	72.231
26.980	72.229
26.990	72.227
27.000	72.225
27.010	72.224
27.020	72.222
27.030	72.220
27.040	72.218
27.050	72.216
27.060	72.215
27.070	72.213
27.080	72.211
27.090	72.209
27.100	72.207
27.110	72.206
27.120	72.204
27.130	72.202
27.140	72.200
27.150	72.198
27.160	72.197
27.170	72.195
27.180	72.193
27.190	72.191
27.200	72.189
27.210	72.188
27.220	72.186
27.230	72.184
27.240	72.182
27.250	72.180
27.260	72.179
27.270	72.177
27.280	72.175
27.290	72.173
27.300	72.171
27.310	72.170
27.320	72.168
27.330	72.166
27.340	72.164
27.350	72.163
27.360	72.161
27.370	72.159
27.380	72.157
27.390	72.155
27.400	72.154
27.410	72.152
27.420	72.150
27.430	72.148
27.440	72.146
27.450	72.145
27.460	72.143
27.470	72.141
27.480	72.139
27.490	72.138
27.500	72.136
27.510	72.134
27.520	72.132
27.530	72.131
27.540	72.129
27.550	72.127
27.560	72.125
27.570	72.123
27.580	72.122
27.590	72.120
27.600	72.118
27.610	72.116
27.620	72.115
27.630	72.113
27.640	72.111
27.650	72.109
27.660	72.108
27.670	72.106
27.680	72.104
27.690	72.102
27.700	72.100
27.710	72.099
27.720	72.097
27.730	72.095
27.740	72.093
27.750	72.092
27.760	72.090
27.770	72.088
27.780	72.086
27.790	72.085
27.800	72.083
27.810	72.081
27.820	72.079
27.830	72.078
27.840	72.076
27.850	72.074
27.860	72.072
27.870	72.071
27.880	72.069
27.890	72.067
27.900	72.065
27.910	72.064
27.920	72.062
27.930	72.060
27.940	72.058
27.950	72.057
27.960	72.055
27.970	72.053
27.980	72.051
27.990	72.050
28.000	72.048
28.010	72.046
28.020	72.045
28.030	72.043
28.040	72.041
28.050	72.039
28.060	72.038
28.070	72.036
28.080	72.034
28.090	72.032
28.100	72.031
28.110	72.029
28.120	72.027
28.130	72.025
28.140	72.024
28.150	72.022
28.160	72.020
28.170	72.019
28.180	72.017
28.190	72.015
28.200	72.013
28.210	72.012
28.220	72.010
28.230	72.008
28.240	72.006
28.250	72.005
28.260	72.003
28.270	72.001
28.280	72.000
28.290	71.998
28.300	71.996
28.310	71.994
28.320	71.993
28.330	71.991
28.340	71.989
28.350	71.988
28.360	71.986
28.370	71.984
28.380	71.982
28.390	71.981
28.400	71.979
28.410	71.977
28.420	71.976
28.430	71.974
28.440	71.972
28.450	71.970
28.460	71.969
28.470	71.967
28.480	71.965
28.490	71.964
28.500	71.962
28.510	71.960
28.520	71.959
28.530	71.957
28.540	71.955
28.550	71.953
28.560	71.952
28.570	71.950
28.580	71.948
28.590	71.947
28.600	71.945
28.610	71.943
28.620	71.942
28.630	71.940
28.640	71.938
28.650	71.937
28.660	71.935
28.670	71.933
28.680	71.931
28.690	71.930
28.700	71.928
28.710	71.926
28.720	71.925
28.730	71.923
28.740	71.921
28.750	71.920
28.760	71.918
28.770	71.916
28.780	71.915
28.790	71.913
28.800	71.911
28.810	71.910
28.820	71.908
28.830	71.906
28.840	71.904
28.850	71.903
28.860	71.901
28.870	71.899
28.880	71.898
28.890	71.896
28.900	71.894
28.910	71.893
28.920	71.891
28.930	71.889
28.940	71.888
28.950	71.886
28.960	71.884
28.970	71.883
28.980	71.881
28.990	71.879
29.000	71.878
29.010	71.876
29.020	71.874
29.030	71.873
29.040	71.871
29.050	71.869
29.060	71.868
29.070	71.866
29.080	71.864
29.090	71.863
29.100	71.861
29.110	71.859
29.120	71.858
29.130	71.856
29.140	71.854
29.150	71.853
29.160	71.851
29.170	71.849
29.180	71.848
29.190	71.846
29.200	71.844
29.210	71.843
29.220	71.841
29.230	71.840
29.240	71.838
29.250	71.836
29.260	71.835
29.270	71.833
29.280	71.831
29.290	71.830
29.300	71.828
29.310	71.826
29.320	71.825
29.330	71.823
29.340	71.821
29.350	71.820
29.360	71.818
29.370	71.816
29.380	71.815
29.390	71.813
29.400	71.812
29.410	71.810
29.420	71.808
29.430	71.807
29.440	71.805
29.450	71.803
29.460	71.802
29.470	71.800
29.480	71.798
29.490	71.797
29.500	71.795
29.510	71.794
29.520	71.792
29.530	71.790
29.540	71.789
29.550	71.787
29.560	71.785
29.570	71.784
29.580	71.782
29.590	71.781
29.600	71.779
29.610	71.777
29.620	71.776
29.630	71.774
29.640	71.772
29.650	71.771
29.660	71.769
29.670	71.768
29.680	71.766
29.690	71.764
29.700	71.763
29.710	71.761
29.720	71.759
29.730	71.758
29.740	71.756
29.750	71.755
29.760	71.753
29.770	71.751
29.780	71.750
29.790	71.748
29.800	71.747
29.810	71.745
29.820	71.743
29.830	71.742
29.840	71.740
29.850	71.738
29.860	71.737
29.870	71.735
29.880	71.734
29.890	71.732
29.900	71.730
29.910	71.729
29.920	71.727
29.930	71.726
29.940	71.724
29.950	71.722
29.960	71.721
29.970	71.719
29.980	71.718
29.990	71.716
30.000	71.714
