t(c)	x(m)
0.000	0.00
0.010	0.01
0.020	0.02
0.030	0.03
0.040	0.04
0.050	0.05
0.060	0.06
0.070	0.07
0.080	0.08
0.090	0.09
0.100	0.11
0.110	0.12
0.120	0.13
0.130	0.14
0.140	0.16
0.150	0.17
0.160	0.19
0.170	0.20
0.180	0.22
0.190	0.24
0.200	0.25
0.210	0.27
0.220	0.29
0.230	0.31
0.240	0.32
0.250	0.34
0.260	0.36
0.270	0.38
0.280	0.40
0.290	0.42
0.300	0.45
0.310	0.47
0.320	0.49
0.330	0.51
0.340	0.54
0.350	0.56
0.360	0.58
0.370	0.61
0.380	0.63
0.390	0.66
0.400	0.69
0.410	0.71
0.420	0.74
0.430	0.77
0.440	0.80
0.450	0.82
0.460	0.85
0.470	0.88
0.480	0.91
0.490	0.94
0.500	0.98
0.510	1.01
0.520	1.04
0.530	1.07
0.540	1.11
0.550	1.14
0.560	1.18
0.570	1.21
0.580	1.25
0.590	1.28
0.600	1.32
0.610	1.36
0.620	1.39
0.630	1.43
0.640	1.47
0.650	1.51
0.660	1.55
0.670	1.59
0.680	1.63
0.690	1.67
0.700	1.71
0.710	1.76
0.720	1.80
0.730	1.84
0.740	1.89
0.750	1.93
0.760	1.98
0.770	2.03
0.780	2.07
0.790	2.12
0.800	2.17
0.810	2.22
0.820	2.26
0.830	2.31
0.840	2.36
0.850	2.41
0.860	2.47
0.870	2.52
0.880	2.57
0.890	2.62
0.900	2.68
0.910	2.73
0.920	2.78
0.930	2.84
0.940	2.90
0.950	2.95
0.960	3.01
0.970	3.07
0.980	3.13
0.990	3.18
1.000	3.24
1.010	3.30
1.020	3.36
1.030	3.43
1.040	3.49
1.050	3.55
1.060	3.61
1.070	3.68
1.080	3.74
1.090	3.81
1.100	3.87
1.110	3.94
1.120	4.00
1.130	4.07
1.140	4.14
1.150	4.21
1.160	4.28
1.170	4.35
1.180	4.42
1.190	4.49
1.200	4.56
1.210	4.63
1.220	4.71
1.230	4.78
1.240	4.85
1.250	4.93
1.260	5.00
1.270	5.08
1.280	5.16
1.290	5.23
1.300	5.31
1.310	5.39
1.320	5.47
1.330	5.55
1.340	5.63
1.350	5.71
1.360	5.79
1.370	5.88
1.380	5.96
1.390	6.04
1.400	6.13
1.410	6.21
1.420	6.30
1.430	6.39
1.440	6.47
1.450	6.56
1.460	6.65
1.470	6.74
1.480	6.83
1.490	6.92
1.500	7.01
1.510	7.10
1.520	7.19
1.530	7.29
1.540	7.38
1.550	7.47
1.560	7.57
1.570	7.67
1.580	7.76
1.590	7.86
1.600	7.96
1.610	8.06
1.620	8.15
1.630	8.25
1.640	8.35
1.650	8.46
1.660	8.56
1.670	8.66
1.680	8.76
1.690	8.87
1.700	8.97
1.710	9.08
1.720	9.18
1.730	9.29
1.740	9.40
1.750	9.50
1.760	9.61
1.770	9.72
1.780	9.83
1.790	9.94
1.800	10.05
1.810	10.17
1.820	10.28
1.830	10.39
1.840	10.51
1.850	10.62
1.860	10.74
1.870	10.85
1.880	10.97
1.890	11.09
1.900	11.21
1.910	11.33
1.920	11.45
1.930	11.57
1.940	11.69
1.950	11.81
1.960	11.93
1.970	12.06
1.980	12.18
1.990	12.30
2.000	12.43
2.010	12.56
2.020	12.68
2.030	12.81
2.040	12.94
2.050	13.07
2.060	13.20
2.070	13.33
2.080	13.46
2.090	13.59
2.100	13.72
2.110	13.86
2.120	13.99
2.130	14.13
2.140	14.26
2.150	14.40
2.160	14.54
2.170	14.67
2.180	14.81
2.190	14.95
2.200	15.09
2.210	15.23
2.220	15.37
2.230	15.52
2.240	15.66
2.250	15.80
2.260	15.95
2.270	16.09
2.280	16.24
2.290	16.38
2.300	16.53
2.310	16.68
2.320	16.83
2.330	16.98
2.340	17.13
2.350	17.28
2.360	17.43
2.370	17.58
2.380	17.74
2.390	17.89
2.400	18.04
2.410	18.20
2.420	18.36
2.430	18.51
2.440	18.67
2.450	18.83
2.460	18.99
2.470	19.15
2.480	19.31
2.490	19.47
2.500	19.63
2.510	19.80
2.520	19.96
2.530	20.13
2.540	20.29
2.550	20.46
2.560	20.62
2.570	20.79
2.580	20.96
2.590	21.13
2.600	21.30
2.610	21.47
2.620	21.64
2.630	21.81
2.640	21.99
2.650	22.16
2.660	22.33
2.670	22.51
2.680	22.69
2.690	22.86
2.700	23.04
2.710	23.22
2.720	23.40
2.730	23.58
2.740	23.76
2.750	23.94
2.760	24.12
2.770	24.30
2.780	24.49
2.790	24.67
2.800	24.86
2.810	25.04
2.820	25.23
2.830	25.42
2.840	25.61
2.850	25.80
2.860	25.99
2.870	26.18
2.880	26.37
2.890	26.56
2.900	26.75
2.910	26.95
2.920	27.14
2.930	27.34
2.940	27.54
2.950	27.73
2.960	27.93
2.970	28.13
2.980	28.33
2.990	28.53
3.000	28.73
3.010	28.93
3.020	29.13
3.030	29.34
3.040	29.54
3.050	29.75
3.060	29.95
3.070	30.16
3.080	30.37
3.090	30.58
3.100	30.79
3.110	31.00
3.120	31.21
3.130	31.42
3.140	31.63
3.150	31.84
3.160	32.06
3.170	32.27
3.180	32.49
3.190	32.70
3.200	32.92
3.210	33.14
3.220	33.36
3.230	33.58
3.240	33.80
3.250	34.02
3.260	34.24
3.270	34.46
3.280	34.69
3.290	34.91
3.300	35.14
3.310	35.36
3.320	35.59
3.330	35.82
3.340	36.05
3.350	36.28
3.360	36.51
3.370	36.74
3.380	36.97
3.390	37.20
3.400	37.44
3.410	37.67
3.420	37.91
3.430	38.14
3.440	38.38
3.450	38.62
3.460	38.86
3.470	39.09
3.480	39.33
3.490	39.58
3.500	39.82
3.510	40.06
3.520	40.30
3.530	40.55
3.540	40.79
3.550	41.04
3.560	41.29
3.570	41.53
3.580	41.78
3.590	42.03
3.600	42.28
3.610	42.53
3.620	42.78
3.630	43.04
3.640	43.29
3.650	43.55
3.660	43.80
3.670	44.06
3.680	44.31
3.690	44.57
3.700	44.83
3.710	45.09
3.720	45.35
3.730	45.61
3.740	45.87
3.750	46.14
3.760	46.40
3.770	46.66
3.780	46.93
3.790	47.20
3.800	47.46
3.810	47.73
3.820	48.00
3.830	48.27
3.840	48.54
3.850	48.81
3.860	49.08
3.870	49.36
3.880	49.63
3.890	49.90
3.900	50.18
3.910	50.46
3.920	50.73
3.930	51.01
3.940	51.29
3.950	51.57
3.960	51.85
3.970	52.13
3.980	52.42
3.990	52.70
4.000	52.98
4.010	53.27
4.020	53.55
4.030	53.84
4.040	54.13
4.050	54.42
4.060	54.71
4.070	55.00
4.080	55.29
4.090	55.58
4.100	55.87
4.110	56.17
4.120	56.46
4.130	56.76
4.140	57.05
4.150	57.35
4.160	57.65
4.170	57.95
4.180	58.25
4.190	58.55
4.200	58.85
4.210	59.15
4.220	59.46
4.230	59.76
4.240	60.07
4.250	60.37
4.260	60.68
4.270	60.99
4.280	61.30
4.290	61.60
4.300	61.92
4.310	62.23
4.320	62.54
4.330	62.85
4.340	63.17
4.350	63.48
4.360	63.80
4.370	64.11
4.380	64.43
4.390	64.75
4.400	65.07
4.410	65.39
4.420	65.71
4.430	66.03
4.440	66.35
4.450	66.68
4.460	67.00
4.470	67.33
4.480	67.65
4.490	67.98
4.500	68.31
4.510	68.64
4.520	68.97
4.530	69.30
4.540	69.63
4.550	69.96
4.560	70.30
4.570	70.63
4.580	70.97
4.590	71.30
4.600	71.64
4.610	71.98
4.620	72.32
4.630	72.66
4.640	73.00
4.650	73.34
4.660	73.68
4.670	74.03
4.680	74.37
4.690	74.71
4.700	75.06
4.710	75.41
4.720	75.76
4.730	76.10
4.740	76.45
4.750	76.81
4.760	77.16
4.770	77.51
4.780	77.86
4.790	78.22
4.800	78.57
4.810	78.93
4.820	79.29
4.830	79.64
4.840	80.00
4.850	80.36
4.860	80.72
4.870	81.08
4.880	81.45
4.890	81.81
4.900	82.17
4.910	82.54
4.920	82.91
4.930	83.27
4.940	83.64
4.950	84.01
4.960	84.38
4.970	84.75
4.980	85.12
4.990	85.49
5.000	85.87
5.010	86.24
5.020	86.62
5.030	86.99
5.040	87.37
5.050	87.75
5.060	88.13
5.070	88.51
5.080	88.89
5.090	89.27
5.100	89.65
5.110	90.04
5.120	90.42
5.130	90.81
5.140	91.19
5.150	91.58
5.160	91.97
5.170	92.36
5.180	92.75
5.190	93.14
5.200	93.53
5.210	93.92
5.220	94.32
5.230	94.71
5.240	95.11
5.250	95.51
5.260	95.90
5.270	96.30
5.280	96.70
5.290	97.10
5.300	97.50
5.310	97.90
5.320	98.31
5.330	98.71
5.340	99.12
5.350	99.52
5.360	99.93
5.370	100.34
5.380	100.75
5.390	101.16
5.400	101.57
5.410	101.98
5.420	102.39
5.430	102.80
5.440	103.22
5.450	103.63
5.460	104.05
5.470	104.47
5.480	104.89
5.490	105.30
5.500	105.72
5.510	106.15
5.520	106.57
5.530	106.99
5.540	107.41
5.550	107.84
5.560	108.26
5.570	108.69
5.580	109.12
5.590	109.55
5.600	109.98
5.610	110.41
5.620	110.84
5.630	111.27
5.640	111.70
5.650	112.14
5.660	112.57
5.670	113.01
5.680	113.44
5.690	113.88
5.700	114.32
5.710	114.76
5.720	115.20
5.730	115.64
5.740	116.09
5.750	116.53
5.760	116.97
5.770	117.42
5.780	117.87
5.790	118.31
5.800	118.76
5.810	119.21
5.820	119.66
5.830	120.11
5.840	120.56
5.850	121.02
5.860	121.47
5.870	121.93
5.880	122.38
5.890	122.84
5.900	123.30
5.910	123.76
5.920	124.22
5.930	124.68
5.940	125.14
5.950	125.60
5.960	126.06
5.970	126.53
5.980	126.99
5.990	127.46
6.000	127.93
6.010	128.40
6.020	128.86
6.030	129.33
6.040	129.81
6.050	130.28
6.060	130.75
6.070	131.22
6.080	131.70
6.090	132.18
6.100	132.65
6.110	133.13
6.120	133.61
6.130	134.09
6.140	134.57
6.150	135.05
6.160	135.53
6.170	136.02
6.180	136.50
6.190	136.99
6.200	137.47
6.210	137.96
6.220	138.45
6.230	138.94
6.240	139.43
6.250	139.92
6.260	140.41
6.270	140.91
6.280	141.40
6.290	141.90
6.300	142.39
6.310	142.89
6.320	143.39
6.330	143.89
6.340	144.39
6.350	144.89
6.360	145.39
6.370	145.89
6.380	146.39
6.390	146.90
6.400	147.40
6.410	147.91
6.420	148.42
6.430	148.93
6.440	149.44
6.450	149.95
6.460	150.46
6.470	150.97
6.480	151.48
6.490	152.00
6.500	152.51
6.510	153.03
6.520	153.55
6.530	154.07
6.540	154.59
6.550	155.11
6.560	155.63
6.570	156.15
6.580	156.67
6.590	157.20
6.600	157.72
6.610	158.25
6.620	158.77
6.630	159.30
6.640	159.83
6.650	160.36
6.660	160.89
6.670	161.42
6.680	161.96
6.690	162.49
6.700	163.02
6.710	163.56
6.720	164.10
6.730	164.63
6.740	165.17
6.750	165.71
6.760	166.25
6.770	166.79
6.780	167.34
6.790	167.88
6.800	168.42
6.810	168.97
6.820	169.52
6.830	170.06
6.840	170.61
6.850	171.16
6.860	171.71
6.870	172.26
6.880	172.81
6.890	173.37
6.900	173.92
6.910	174.48
6.920	175.03
6.930	175.59
6.940	176.15
6.950	176.71
6.960	177.27
6.970	177.83
6.980	178.39
6.990	178.95
7.000	179.52
7.010	180.08
7.020	180.65
7.030	181.21
7.040	181.78
7.050	182.35
7.060	182.92
7.070	183.49
7.080	184.06
7.090	184.63
7.100	185.21
7.110	185.78
7.120	186.36
7.130	186.93
7.140	187.51
7.150	188.09
7.160	188.67
7.170	189.25
7.180	189.83
7.190	190.41
7.200	191.00
7.210	191.58
7.220	192.17
7.230	192.75
7.240	193.34
7.250	193.93
7.260	194.52
7.270	195.11
7.280	195.70
7.290	196.29
7.300	196.88
7.310	197.48
7.320	198.07
7.330	198.67
7.340	199.26
7.350	199.86
7.360	200.46
7.370	201.06
7.380	201.66
7.390	202.26
7.400	202.87
7.410	203.47
7.420	204.07
7.430	204.68
7.440	205.29
7.450	205.89
7.460	206.50
7.470	207.11
7.480	207.72
7.490	208.33
7.500	208.95
7.510	209.56
7.520	210.17
7.530	210.79
7.540	211.41
7.550	212.02
7.560	212.64
7.570	213.26
7.580	213.88
7.590	214.50
7.600	215.12
7.610	215.75
7.620	216.37
7.630	217.00
7.640	217.62
7.650	218.25
7.660	218.88
7.670	219.51
7.680	220.14
7.690	220.77
7.700	221.40
7.710	222.03
7.720	222.67
7.730	223.30
7.740	223.94
7.750	224.57
7.760	225.21
7.770	225.85
7.780	226.49
7.790	227.13
7.800	227.77
7.810	228.41
7.820	229.06
7.830	229.70
7.840	230.35
7.850	230.99
7.860	231.64
7.870	232.29
7.880	232.94
7.890	233.59
7.900	234.24
7.910	234.89
7.920	235.55
7.930	236.20
7.940	236.86
7.950	237.51
7.960	238.17
7.970	238.83
7.980	239.49
7.990	240.15
8.000	240.81
8.010	241.47
8.020	242.13
8.030	242.79
8.040	243.46
8.050	244.12
8.060	244.79
8.070	245.46
8.080	246.13
8.090	246.80
8.100	247.47
8.110	248.14
8.120	248.81
8.130	249.49
8.140	250.16
8.150	250.83
8.160	251.51
8.170	252.19
8.180	252.87
8.190	253.55
8.200	254.23
8.210	254.91
8.220	255.59
8.230	256.27
8.240	256.96
8.250	257.64
8.260	258.33
8.270	259.01
8.280	259.70
8.290	260.39
8.300	261.08
8.310	261.77
8.320	262.46
8.330	263.16
8.340	263.85
8.350	264.54
8.360	265.24
8.370	265.94
8.380	266.63
8.390	267.33
8.400	268.03
8.410	268.73
8.420	269.43
8.430	270.13
8.440	270.84
8.450	271.54
8.460	272.25
8.470	272.95
8.480	273.66
8.490	274.37
8.500	275.08
8.510	275.79
8.520	276.50
8.530	277.21
8.540	277.92
8.550	278.63
8.560	279.35
8.570	280.06
8.580	280.78
8.590	281.50
8.600	282.22
8.610	282.94
8.620	283.66
8.630	284.38
8.640	285.10
8.650	285.82
8.660	286.55
8.670	287.27
8.680	288.00
8.690	288.72
8.700	289.45
8.710	290.18
8.720	290.91
8.730	291.64
8.740	292.37
8.750	293.11
8.760	293.84
8.770	294.57
8.780	295.31
8.790	296.05
8.800	296.78
8.810	297.52
8.820	298.26
8.830	299.00
8.840	299.74
8.850	300.48
8.860	301.23
8.870	301.97
8.880	302.72
8.890	303.46
8.900	304.21
8.910	304.96
8.920	305.71
8.930	306.46
8.940	307.21
8.950	307.96
8.960	308.71
8.970	309.46
8.980	310.22
8.990	310.97
9.000	311.73
9.010	312.49
9.020	313.24
9.030	314.00
9.040	314.76
9.050	315.52
9.060	316.29
9.070	317.05
9.080	317.81
9.090	318.58
9.100	319.34
9.110	320.11
9.120	320.88
9.130	321.64
9.140	322.41
9.150	323.18
9.160	323.96
9.170	324.73
9.180	325.50
9.190	326.27
9.200	327.05
9.210	327.83
9.220	328.60
9.230	329.38
9.240	330.16
9.250	330.94
9.260	331.72
9.270	332.50
9.280	333.28
9.290	334.07
9.300	334.85
9.310	335.64
9.320	336.42
9.330	337.21
9.340	338.00
9.350	338.79
9.360	339.58
9.370	340.37
9.380	341.16
9.390	341.95
9.400	342.74
9.410	343.54
9.420	344.34
9.430	345.13
9.440	345.93
9.450	346.73
9.460	347.53
9.470	348.33
9.480	349.13
9.490	349.93
9.500	350.73
9.510	351.54
9.520	352.34
9.530	353.15
9.540	353.95
9.550	354.76
9.560	355.57
9.570	356.38
9.580	357.19
9.590	358.00
9.600	358.82
9.610	359.63
9.620	360.44
9.630	361.26
9.640	362.07
9.650	362.89
9.660	363.71
9.670	364.53
9.680	365.35
9.690	366.17
9.700	366.99
9.710	367.81
9.720	368.64
9.730	369.46
9.740	370.29
9.750	371.11
9.760	371.94
9.770	372.77
9.780	373.60
9.790	374.43
9.800	375.26
9.810	376.09
9.820	376.92
9.830	377.76
9.840	378.59
9.850	379.43
9.860	380.27
9.870	381.10
9.880	381.94
9.890	382.78
9.900	383.62
9.910	384.46
9.920	385.31
9.930	386.15
9.940	386.99
9.950	387.84
9.960	388.68
9.970	389.53
9.980	390.38
9.990	391.23
10.000	392.08
10.010	392.93
10.020	393.78
10.030	394.63
10.040	395.49
10.050	396.34
10.060	397.20
10.070	398.05
10.080	398.91
10.090	399.77
10.100	400.63
10.110	401.49
10.120	402.35
10.130	403.21
10.140	404.07
10.150	404.94
10.160	405.80
10.170	406.67
10.180	407.53
10.190	408.40
10.200	409.27
10.210	410.14
10.220	411.01
10.230	411.88
10.240	412.75
10.250	413.63
10.260	414.50
10.270	415.37
10.280	416.25
10.290	417.13
10.300	418.00
10.310	418.88
10.320	419.76
10.330	420.64
10.340	421.53
10.350	422.41
10.360	423.29
10.370	424.18
10.380	425.06
10.390	425.95
10.400	426.83
10.410	427.72
10.420	428.61
10.430	429.50
10.440	430.39
10.450	431.28
10.460	432.18
10.470	433.07
10.480	433.97
10.490	434.86
10.500	435.76
10.510	436.66
10.520	437.55
10.530	438.45
10.540	439.35
10.550	440.26
10.560	441.16
10.570	442.06
10.580	442.96
10.590	443.87
10.600	444.78
10.610	445.68
10.620	446.59
10.630	447.50
10.640	448.41
10.650	449.32
10.660	450.23
10.670	451.14
10.680	452.06
10.690	452.97
10.700	453.89
10.710	454.80
10.720	455.72
10.730	456.64
10.740	457.56
10.750	458.48
10.760	459.40
10.770	460.32
10.780	461.24
10.790	462.17
10.800	463.09
10.810	464.02
10.820	464.95
10.830	465.87
10.840	466.80
10.850	467.73
10.860	468.66
10.870	469.59
10.880	470.53
10.890	471.46
10.900	472.39
10.910	473.33
10.920	474.27
10.930	475.20
10.940	476.14
10.950	477.08
10.960	478.02
10.970	478.96
10.980	479.90
10.990	480.85
11.000	481.79
11.010	482.73
11.020	483.68
11.030	484.63
11.040	485.57
11.050	486.52
11.060	487.47
11.070	488.42
11.080	489.37
11.090	490.33
11.100	491.28
11.110	492.23
11.120	493.19
11.130	494.15
11.140	495.10
11.150	496.06
11.160	497.02
11.170	497.98
11.180	498.94
11.190	499.90
11.200	500.87
11.210	501.83
11.220	502.79
11.230	503.76
11.240	504.73
11.250	505.69
11.260	506.66
11.270	507.63
11.280	508.60
11.290	509.57
11.300	510.55
11.310	511.52
11.320	512.49
11.330	513.47
11.340	514.44
11.350	515.42
11.360	516.40
11.370	517.38
11.380	518.36
11.390	519.34
11.400	520.32
11.410	521.30
11.420	522.29
11.430	523.27
11.440	524.26
11.450	525.25
11.460	526.23
11.470	527.22
11.480	528.21
11.490	529.20
11.500	530.19
11.510	531.19
11.520	532.18
11.530	533.17
11.540	534.17
11.550	535.17
11.560	536.16
11.570	537.16
11.580	538.16
11.590	539.16
11.600	540.16
11.610	541.16
11.620	542.17
11.630	543.17
11.640	544.17
11.650	545.18
11.660	546.19
11.670	547.19
11.680	548.20
11.690	549.21
11.700	550.22
11.710	551.24
11.720	552.25
11.730	553.26
11.740	554.28
11.750	555.29
11.760	556.31
11.770	557.32
11.780	558.34
11.790	559.36
11.800	560.38
11.810	561.40
11.820	562.43
11.830	563.45
11.840	564.47
11.850	565.50
11.860	566.52
11.870	567.55
11.880	568.58
11.890	569.61
11.900	570.64
11.910	571.67
11.920	572.70
11.930	573.73
11.940	574.77
11.950	575.80
11.960	576.84
11.970	577.87
11.980	578.91
11.990	579.95
12.000	580.99
12.010	582.03
12.020	583.07
12.030	584.11
12.040	585.16
12.050	586.20
12.060	587.25
12.070	588.29
12.080	589.34
12.090	590.39
12.100	591.44
12.110	592.49
12.120	593.54
12.130	594.59
12.140	595.64
12.150	596.70
12.160	597.75
12.170	598.81
12.180	599.86
12.190	600.92
12.200	601.98
12.210	603.04
12.220	604.10
12.230	605.16
12.240	606.23
12.250	607.29
12.260	608.35
12.270	609.42
12.280	610.49
12.290	611.55
12.300	612.62
12.310	613.69
12.320	614.76
12.330	615.83
12.340	616.91
12.350	617.98
12.360	619.05
12.370	620.13
12.380	621.21
12.390	622.28
12.400	623.36
12.410	624.44
12.420	625.52
12.430	626.60
12.440	627.68
12.450	628.77
12.460	629.85
12.470	630.93
12.480	632.02
12.490	633.11
12.500	634.20
12.510	635.28
12.520	636.37
12.530	637.46
12.540	638.56
12.550	639.65
12.560	640.74
12.570	641.84
12.580	642.93
12.590	644.03
12.600	645.13
12.610	646.23
12.620	647.33
12.630	648.43
12.640	649.53
12.650	650.63
12.660	651.73
12.670	652.84
12.680	653.94
12.690	655.05
12.700	656.16
12.710	657.26
12.720	658.37
12.730	659.48
12.740	660.59
12.750	661.71
12.760	662.82
12.770	663.93
12.780	665.05
12.790	666.16
12.800	667.28
12.810	668.40
12.820	669.52
12.830	670.64
12.840	671.76
12.850	672.88
12.860	674.00
12.870	675.13
12.880	676.25
12.890	677.38
12.900	678.50
12.910	679.63
12.920	680.76
12.930	681.89
12.940	683.02
12.950	684.15
12.960	685.29
12.970	686.42
12.980	687.55
12.990	688.69
13.000	689.83
13.010	690.96
13.020	692.10
13.030	693.24
13.040	694.38
13.050	695.52
13.060	696.66
13.070	697.81
13.080	698.95
13.090	700.10
13.100	701.24
13.110	702.39
13.120	703.54
13.130	704.69
13.140	705.84
13.150	706.99
13.160	708.14
13.170	709.29
13.180	710.45
13.190	711.60
13.200	712.76
13.210	713.91
13.220	715.07
13.230	716.23
13.240	717.39
13.250	718.55
13.260	719.71
13.270	720.88
13.280	722.04
13.290	723.21
13.300	724.37
13.310	725.54
13.320	726.71
13.330	727.87
13.340	729.04
13.350	730.21
13.360	731.39
13.370	732.56
13.380	733.73
13.390	734.91
13.400	736.08
13.410	737.26
13.420	738.44
13.430	739.61
13.440	740.79
13.450	741.97
13.460	743.15
13.470	744.34
13.480	745.52
13.490	746.70
13.500	747.89
13.510	749.08
13.520	750.26
13.530	751.45
13.540	752.64
13.550	753.83
13.560	755.02
13.570	756.21
13.580	757.41
13.590	758.60
13.600	759.80
13.610	760.99
13.620	762.19
13.630	763.39
13.640	764.59
13.650	765.79
13.660	766.99
13.670	768.19
13.680	769.39
13.690	770.60
13.700	771.80
13.710	773.01
13.720	774.21
13.730	775.42
13.740	776.63
13.750	777.84
13.760	779.05
13.770	780.26
13.780	781.48
13.790	782.69
13.800	783.90
13.810	785.12
13.820	786.34
13.830	787.55
13.840	788.77
13.850	789.99
13.860	791.21
13.870	792.44
13.880	793.66
13.890	794.88
13.900	796.11
13.910	797.33
13.920	798.56
13.930	799.79
13.940	801.02
13.950	802.24
13.960	803.48
13.970	804.71
13.980	805.94
13.990	807.17
14.000	808.41
14.010	809.64
14.020	810.88
14.030	812.12
14.040	813.36
14.050	814.60
14.060	815.84
14.070	817.08
14.080	818.32
14.090	819.56
14.100	820.81
14.110	822.05
14.120	823.30
14.130	824.55
14.140	825.80
14.150	827.04
14.160	828.29
14.170	829.55
14.180	830.80
14.190	832.05
14.200	833.31
14.210	834.56
14.220	835.82
14.230	837.08
14.240	838.33
14.250	839.59
14.260	840.85
14.270	842.12
14.280	843.38
14.290	844.64
14.300	845.91
14.310	847.17
14.320	848.44
14.330	849.70
14.340	850.97
14.350	852.24
14.360	853.51
14.370	854.78
14.380	856.06
14.390	857.33
14.400	858.60
14.410	859.88
14.420	861.15
14.430	862.43
14.440	863.71
14.450	864.99
14.460	866.27
14.470	867.55
14.480	868.83
14.490	870.12
14.500	871.40
14.510	872.69
14.520	873.97
14.530	875.26
14.540	876.55
14.550	877.84
14.560	879.13
14.570	880.42
14.580	881.71
14.590	883.01
14.600	884.30
14.610	885.59
14.620	886.89
14.630	888.19
14.640	889.49
14.650	890.79
14.660	892.09
14.670	893.39
14.680	894.69
14.690	895.99
14.700	897.30
14.710	898.60
14.720	899.91
14.730	901.22
14.740	902.53
14.750	903.84
14.760	905.15
14.770	906.46
14.780	907.77
14.790	909.08
14.800	910.40
14.810	911.71
14.820	913.03
14.830	914.35
14.840	915.66
14.850	916.98
14.860	918.30
14.870	919.63
14.880	920.95
14.890	922.27
14.900	923.60
14.910	924.92
14.920	926.25
14.930	927.58
14.940	928.90
14.950	930.23
14.960	931.57
14.970	932.90
14.980	934.23
14.990	935.56
15.000	936.90
15.010	938.23
15.020	939.57
15.030	940.91
15.040	942.25
15.050	943.59
15.060	944.93
15.070	946.27
15.080	947.61
15.090	948.95
15.100	950.30
15.110	951.65
15.120	952.99
15.130	954.34
15.140	955.69
15.150	957.04
15.160	958.39
15.170	959.74
15.180	961.09
15.190	962.45
15.200	963.80
15.210	965.16
15.220	966.52
15.230	967.87
15.240	969.23
15.250	970.59
15.260	971.95
15.270	973.32
15.280	974.68
15.290	976.04
15.300	977.41
15.310	978.77
15.320	980.14
15.330	981.51
15.340	982.88
15.350	984.25
15.360	985.62
15.370	986.99
15.380	988.37
15.390	989.74
15.400	991.11
15.410	992.49
15.420	993.87
15.430	995.25
15.440	996.63
15.450	998.01
15.460	999.39
15.470	1000.77
15.480	1002.15
15.490	1003.54
15.500	1004.92
15.510	1006.31
15.520	1007.70
15.530	1009.09
15.540	1010.48
15.550	1011.87
15.560	1013.26
15.570	1014.65
15.580	1016.05
15.590	1017.44
15.600	1018.84
15.610	1020.23
15.620	1021.63
15.630	1023.03
15.640	1024.43
15.650	1025.83
15.660	1027.23
15.670	1028.64
15.680	1030.04
15.690	1031.44
15.700	1032.85
15.710	1034.26
15.720	1035.67
15.730	1037.07
15.740	1038.49
15.750	1039.90
15.760	1041.31
15.770	1042.72
15.780	1044.14
15.790	1045.55
15.800	1046.97
15.810	1048.39
15.820	1049.80
15.830	1051.22
15.840	1052.64
15.850	1054.07
15.860	1055.49
15.870	1056.91
15.880	1058.34
15.890	1059.76
15.900	1061.19
15.910	1062.62
15.920	1064.05
15.930	1065.48
15.940	1066.91
15.950	1068.34
15.960	1069.77
15.970	1071.20
15.980	1072.64
15.990	1074.08
16.000	1075.51
16.010	1076.95
16.020	1078.39
16.030	1079.83
16.040	1081.27
16.050	1082.71
16.060	1084.16
16.070	1085.60
16.080	1087.05
16.090	1088.49
16.100	1089.94
16.110	1091.39
16.120	1092.84
16.130	1094.29
16.140	1095.74
16.150	1097.19
16.160	1098.65
16.170	1100.10
16.180	1101.56
16.190	1103.02
16.200	1104.47
16.210	1105.93
16.220	1107.39
16.230	1108.85
16.240	1110.32
16.250	1111.78
16.260	1113.24
16.270	1114.71
16.280	1116.17
16.290	1117.64
16.300	1119.11
16.310	1120.58
16.320	1122.05
16.330	1123.52
16.340	1124.99
16.350	1126.47
16.360	1127.94
16.370	1129.42
16.380	1130.90
16.390	1132.37
16.400	1133.85
16.410	1135.33
16.420	1136.81
16.430	1138.30
16.440	1139.78
16.450	1141.26
16.460	1142.75
16.470	1144.23
16.480	1145.72
16.490	1147.21
16.500	1148.70
16.510	1150.19
16.520	1151.68
16.530	1153.17
16.540	1154.67
16.550	1156.16
16.560	1157.66
16.570	1159.15
16.580	1160.65
16.590	1162.15
16.600	1163.65
16.610	1165.15
16.620	1166.65
16.630	1168.16
16.640	1169.66
16.650	1171.17
16.660	1172.67
16.670	1174.18
16.680	1175.69
16.690	1177.20
16.700	1178.71
16.710	1180.22
16.720	1181.73
16.730	1183.25
16.740	1184.76
16.750	1186.28
16.760	1187.79
16.770	1189.31
16.780	1190.83
16.790	1192.35
16.800	1193.87
16.810	1195.40
16.820	1196.92
16.830	1198.44
16.840	1199.97
16.850	1201.49
16.860	1203.02
16.870	1204.55
16.880	1206.08
16.890	1207.61
16.900	1209.14
16.910	1210.68
16.920	1212.21
16.930	1213.75
16.940	1215.28
16.950	1216.82
16.960	1218.36
16.970	1219.90
16.980	1221.44
16.990	1222.98
17.000	1224.52
17.010	1226.06
17.020	1227.61
17.030	1229.15
17.040	1230.70
17.050	1232.25
17.060	1233.80
17.070	1235.35
17.080	1236.90
17.090	1238.45
17.100	1240.00
17.110	1241.56
17.120	1243.11
17.130	1244.67
17.140	1246.23
17.150	1247.79
17.160	1249.35
17.170	1250.91
17.180	1252.47
17.190	1254.03
17.200	1255.60
17.210	1257.16
17.220	1258.73
17.230	1260.29
17.240	1261.86
17.250	1263.43
17.260	1265.00
17.270	1266.57
17.280	1268.15
17.290	1269.72
17.300	1271.30
17.310	1272.87
17.320	1274.45
17.330	1276.03
17.340	1277.61
17.350	1279.19
17.360	1280.77
17.370	1282.35
17.380	1283.93
17.390	1285.52
17.400	1287.10
17.410	1288.69
17.420	1290.28
17.430	1291.87
17.440	1293.46
17.450	1295.05
17.460	1296.64
17.470	1298.23
17.480	1299.83
17.490	1301.42
17.500	1303.02
17.510	1304.62
17.520	1306.22
17.530	1307.82
17.540	1309.42
17.550	1311.02
17.560	1312.62
17.570	1314.23
17.580	1315.83
17.590	1317.44
17.600	1319.04
17.610	1320.65
17.620	1322.26
17.630	1323.87
17.640	1325.48
17.650	1327.10
17.660	1328.71
17.670	1330.33
17.680	1331.94
17.690	1333.56
17.700	1335.18
17.710	1336.80
17.720	1338.42
17.730	1340.04
17.740	1341.66
17.750	1343.29
17.760	1344.91
17.770	1346.54
17.780	1348.16
17.790	1349.79
17.800	1351.42
17.810	1353.05
17.820	1354.68
17.830	1356.32
17.840	1357.95
17.850	1359.59
17.860	1361.22
17.870	1362.86
17.880	1364.50
17.890	1366.14
17.900	1367.78
17.910	1369.42
17.920	1371.06
17.930	1372.70
17.940	1374.35
17.950	1376.00
17.960	1377.64
17.970	1379.29
17.980	1380.94
17.990	1382.59
18.000	1384.24
18.010	1385.89
18.020	1387.55
18.030	1389.20
18.040	1390.86
18.050	1392.52
18.060	1394.17
18.070	1395.83
18.080	1397.49
18.090	1399.15
18.100	1400.82
18.110	1402.48
18.120	1404.15
18.130	1405.81
18.140	1407.48
18.150	1409.15
18.160	1410.82
18.170	1412.49
18.180	1414.16
18.190	1415.83
18.200	1417.50
18.210	1419.18
18.220	1420.85
18.230	1422.53
18.240	1424.21
18.250	1425.89
18.260	1427.57
18.270	1429.25
18.280	1430.93
18.290	1432.62
18.300	1434.30
18.310	1435.99
18.320	1437.68
18.330	1439.36
18.340	1441.05
18.350	1442.74
18.360	1444.44
18.370	1446.13
18.380	1447.82
18.390	1449.52
18.400	1451.21
18.410	1452.91
18.420	1454.61
18.430	1456.31
18.440	1458.01
18.450	1459.71
18.460	1461.41
18.470	1463.12
18.480	1464.82
18.490	1466.53
18.500	1468.24
18.510	1469.95
18.520	1471.66
18.530	1473.37
18.540	1475.08
18.550	1476.79
18.560	1478.51
18.570	1480.22
18.580	1481.94
18.590	1483.65
18.600	1485.37
18.610	1487.09
18.620	1488.81
18.630	1490.54
18.640	1492.26
18.650	1493.98
18.660	1495.71
18.670	1497.44
18.680	1499.16
18.690	1500.89
18.700	1502.62
18.710	1504.36
18.720	1506.09
18.730	1507.82
18.740	1509.56
18.750	1511.29
18.760	1513.03
18.770	1514.77
18.780	1516.51
18.790	1518.25
18.800	1519.99
18.810	1521.73
18.820	1523.47
18.830	1525.22
18.840	1526.97
18.850	1528.71
18.860	1530.46
18.870	1532.21
18.880	1533.96
18.890	1535.71
18.900	1537.47
18.910	1539.22
18.920	1540.98
18.930	1542.73
18.940	1544.49
18.950	1546.25
18.960	1548.01
18.970	1549.77
18.980	1551.53
18.990	1553.30
19.000	1555.06
19.010	1556.83
19.020	1558.59
19.030	1560.36
19.040	1562.13
19.050	1563.90
19.060	1565.67
19.070	1567.45
19.080	1569.22
19.090	1570.99
19.100	1572.77
19.110	1574.55
19.120	1576.33
19.130	1578.11
19.140	1579.89
19.150	1581.67
19.160	1583.45
19.170	1585.24
19.180	1587.02
19.190	1588.81
19.200	1590.59
19.210	1592.38
19.220	1594.17
19.230	1595.97
19.240	1597.76
19.250	1599.55
19.260	1601.35
19.270	1603.14
19.280	1604.94
19.290	1606.74
19.300	1608.54
19.310	1610.34
19.320	1612.14
19.330	1613.94
19.340	1615.75
19.350	1617.55
19.360	1619.36
19.370	1621.16
19.380	1622.97
19.390	1624.78
19.400	1626.59
19.410	1628.41
19.420	1630.22
19.430	1632.03
19.440	1633.85
19.450	1635.67
19.460	1637.48
19.470	1639.30
19.480	1641.12
19.490	1642.95
19.500	1644.77
19.510	1646.59
19.520	1648.42
19.530	1650.24
19.540	1652.07
19.550	1653.90
19.560	1655.73
19.570	1657.56
19.580	1659.39
19.590	1661.23
19.600	1663.06
19.610	1664.90
19.620	1666.73
19.630	1668.57
19.640	1670.41
19.650	1672.25
19.660	1674.09
19.670	1675.94
19.680	1677.78
19.690	1679.63
19.700	1681.47
19.710	1683.32
19.720	1685.17
19.730	1687.02
19.740	1688.87
19.750	1690.72
19.760	1692.57
19.770	1694.43
19.780	1696.29
19.790	1698.14
19.800	1700.00
19.810	1701.86
19.820	1703.72
19.830	1705.58
19.840	1707.45
19.850	1709.31
19.860	1711.17
19.870	1713.04
19.880	1714.91
19.890	1716.78
19.900	1718.65
19.910	1720.52
19.920	1722.39
19.930	1724.27
19.940	1726.14
19.950	1728.02
19.960	1729.89
19.970	1731.77
19.980	1733.65
19.990	1735.53
20.000	1737.42
20.010	1739.30
20.020	1741.18
20.030	1743.07
20.040	1744.96
20.050	1746.84
20.060	1748.73
20.070	1750.62
20.080	1752.52
20.090	1754.41
20.100	1756.30
20.110	1758.20
20.120	1760.09
20.130	1761.99
20.140	1763.89
20.150	1765.79
20.160	1767.69
20.170	1769.60
20.180	1771.50
20.190	1773.40
20.200	1775.31
20.210	1777.22
20.220	1779.13
20.230	1781.04
20.240	1782.95
20.250	1784.86
20.260	1786.77
20.270	1788.69
20.280	1790.60
20.290	1792.52
20.300	1794.44
20.310	1796.36
20.320	1798.28
20.330	1800.20
20.340	1802.12
20.350	1804.05
20.360	1805.97
20.370	1807.90
20.380	1809.83
20.390	1811.76
20.400	1813.69
20.410	1815.62
20.420	1817.55
20.430	1819.49
20.440	1821.42
20.450	1823.36
20.460	1825.30
20.470	1827.24
20.480	1829.18
20.490	1831.12
20.500	1833.06
20.510	1835.00
20.520	1836.95
20.530	1838.90
20.540	1840.84
20.550	1842.79
20.560	1844.74
20.570	1846.69
20.580	1848.65
20.590	1850.60
20.600	1852.55
20.610	1854.51
20.620	1856.47
20.630	1858.43
20.640	1860.39
20.650	1862.35
20.660	1864.31
20.670	1866.27
20.680	1868.24
20.690	1870.20
20.700	1872.17
20.710	1874.14
20.720	1876.11
20.730	1878.08
20.740	1880.05
20.750	1882.03
20.760	1884.00
20.770	1885.98
20.780	1887.95
20.790	1889.93
20.800	1891.91
20.810	1893.89
20.820	1895.88
20.830	1897.86
20.840	1899.84
20.850	1901.83
20.860	1903.82
20.870	1905.80
20.880	1907.79
20.890	1909.79
20.900	1911.78
20.910	1913.77
20.920	1915.77
20.930	1917.76
20.940	1919.76
20.950	1921.76
20.960	1923.76
20.970	1925.76
20.980	1927.76
20.990	1929.76
21.000	1931.77
21.010	1933.77
21.020	1935.78
21.030	1937.79
21.040	1939.80
21.050	1941.81
21.060	1943.82
21.070	1945.83
21.080	1947.85
21.090	1949.86
21.100	1951.88
21.110	1953.90
21.120	1955.92
21.130	1957.94
21.140	1959.96
21.150	1961.99
21.160	1964.01
21.170	1966.04
21.180	1968.06
21.190	1970.09
21.200	1972.12
21.210	1974.15
21.220	1976.19
21.230	1978.22
21.240	1980.25
21.250	1982.29
21.260	1984.33
21.270	1986.37
21.280	1988.41
21.290	1990.45
21.300	1992.49
21.310	1994.53
21.320	1996.58
21.330	1998.62
21.340	2000.67
21.350	2002.72
21.360	2004.77
21.370	2006.82
21.380	2008.87
21.390	2010.93
21.400	2012.98
21.410	2015.04
21.420	2017.10
21.430	2019.16
21.440	2021.22
21.450	2023.28
21.460	2025.34
21.470	2027.40
21.480	2029.47
21.490	2031.54
21.500	2033.60
21.510	2035.67
21.520	2037.74
21.530	2039.82
21.540	2041.89
21.550	2043.96
21.560	2046.04
21.570	2048.11
21.580	2050.19
21.590	2052.27
21.600	2054.35
21.610	2056.44
21.620	2058.52
21.630	2060.60
21.640	2062.69
21.650	2064.78
21.660	2066.86
21.670	2068.95
21.680	2071.05
21.690	2073.14
21.700	2075.23
21.710	2077.33
21.720	2079.42
21.730	2081.52
21.740	2083.62
21.750	2085.72
21.760	2087.82
21.770	2089.92
21.780	2092.03
21.790	2094.13
21.800	2096.24
21.810	2098.35
21.820	2100.46
21.830	2102.57
21.840	2104.68
21.850	2106.79
21.860	2108.91
21.870	2111.02
21.880	2113.14
21.890	2115.26
21.900	2117.38
21.910	2119.50
21.920	2121.62
21.930	2123.74
21.940	2125.87
21.950	2127.99
21.960	2130.12
21.970	2132.25
21.980	2134.38
21.990	2136.51
22.000	2138.65
22.010	2140.78
22.020	2142.91
22.030	2145.05
22.040	2147.19
22.050	2149.33
22.060	2151.47
22.070	2153.61
22.080	2155.75
22.090	2157.90
22.100	2160.05
22.110	2162.19
22.120	2164.34
22.130	2166.49
22.140	2168.64
22.150	2170.79
22.160	2172.95
22.170	2175.10
22.180	2177.26
22.190	2179.42
22.200	2181.58
22.210	2183.74
22.220	2185.90
22.230	2188.06
22.240	2190.23
22.250	2192.39
22.260	2194.56
22.270	2196.73
22.280	2198.90
22.290	2201.07
22.300	2203.24
22.310	2205.42
22.320	2207.59
22.330	2209.77
22.340	2211.94
22.350	2214.12
22.360	2216.30
22.370	2218.49
22.380	2220.67
22.390	2222.85
22.400	2225.04
22.410	2227.23
22.420	2229.42
22.430	2231.61
22.440	2233.80
22.450	2235.99
22.460	2238.18
22.470	2240.38
22.480	2242.57
22.490	2244.77
22.500	2246.97
22.510	2249.17
22.520	2251.37
22.530	2253.58
22.540	2255.78
22.550	2257.99
22.560	2260.20
22.570	2262.40
22.580	2264.61
22.590	2266.83
22.600	2269.04
22.610	2271.25
22.620	2273.47
22.630	2275.68
22.640	2277.90
22.650	2280.12
22.660	2282.34
22.670	2284.57
22.680	2286.79
22.690	2289.01
22.700	2291.24
22.710	2293.47
22.720	2295.70
22.730	2297.93
22.740	2300.16
22.750	2302.39
22.760	2304.63
22.770	2306.86
22.780	2309.10
22.790	2311.34
22.800	2313.58
22.810	2315.82
22.820	2318.06
22.830	2320.31
22.840	2322.55
22.850	2324.80
22.860	2327.05
22.870	2329.30
22.880	2331.55
22.890	2333.80
22.900	2336.05
22.910	2338.31
22.920	2340.57
22.930	2342.82
22.940	2345.08
22.950	2347.34
22.960	2349.61
22.970	2351.87
22.980	2354.13
22.990	2356.40
23.000	2358.67
23.010	2360.94
23.020	2363.21
23.030	2365.48
23.040	2367.75
23.050	2370.03
23.060	2372.30
23.070	2374.58
23.080	2376.86
23.090	2379.14
23.100	2381.42
23.110	2383.70
23.120	2385.99
23.130	2388.27
23.140	2390.56
23.150	2392.85
23.160	2395.14
23.170	2397.43
23.180	2399.72
23.190	2402.01
23.200	2404.31
23.210	2406.61
23.220	2408.90
23.230	2411.20
23.240	2413.51
23.250	2415.81
23.260	2418.11
23.270	2420.42
23.280	2422.72
23.290	2425.03
23.300	2427.34
23.310	2429.65
23.320	2431.96
23.330	2434.28
23.340	2436.59
23.350	2438.91
23.360	2441.23
23.370	2443.55
23.380	2445.87
23.390	2448.19
23.400	2450.51
23.410	2452.84
23.420	2455.16
23.430	2457.49
23.440	2459.82
23.450	2462.15
23.460	2464.48
23.470	2466.82
23.480	2469.15
23.490	2471.49
23.500	2473.82
23.510	2476.16
23.520	2478.50
23.530	2480.85
23.540	2483.19
23.550	2485.53
23.560	2487.88
23.570	2490.23
23.580	2492.58
23.590	2494.93
23.600	2497.28
23.610	2499.63
23.620	2501.99
23.630	2504.34
23.640	2506.70
23.650	2509.06
23.660	2511.42
23.670	2513.78
23.680	2516.15
23.690	2518.51
23.700	2520.88
23.710	2523.24
23.720	2525.61
23.730	2527.98
23.740	2530.36
23.750	2532.73
23.760	2535.10
23.770	2537.48
23.780	2539.86
23.790	2542.24
23.800	2544.62
23.810	2547.00
23.820	2549.38
23.830	2551.77
23.840	2554.15
23.850	2556.54
23.860	2558.93
23.870	2561.32
23.880	2563.71
23.890	2566.11
23.900	2568.50
23.910	2570.90
23.920	2573.30
23.930	2575.70
23.940	2578.10
23.950	2580.50
23.960	2582.90
23.970	2585.31
23.980	2587.71
23.990	2590.12
24.000	2592.53
24.010	2594.94
24.020	2597.35
24.030	2599.77
24.040	2602.18
24.050	2604.60
24.060	2607.02
24.070	2609.44
24.080	2611.86
24.090	2614.28
24.100	2616.71
24.110	2619.13
24.120	2621.56
24.130	2623.99
24.140	2626.42
24.150	2628.85
24.160	2631.28
24.170	2633.71
24.180	2636.15
24.190	2638.59
24.200	2641.03
24.210	2643.47
24.220	2645.91
24.230	2648.35
24.240	2650.79
24.250	2653.24
24.260	2655.69
24.270	2658.14
24.280	2660.59
24.290	2663.04
24.300	2665.49
24.310	2667.95
24.320	2670.40
24.330	2672.86
24.340	2675.32
24.350	2677.78
24.360	2680.24
24.370	2682.71
24.380	2685.17
24.390	2687.64
24.400	2690.11
24.410	2692.58
24.420	2695.05
24.430	2697.52
24.440	2699.99
24.450	2702.47
24.460	2704.94
24.470	2707.42
24.480	2709.90
24.490	2712.38
24.500	2714.87
24.510	2717.35
24.520	2719.84
24.530	2722.32
24.540	2724.81
24.550	2727.30
24.560	2729.80
24.570	2732.29
24.580	2734.78
24.590	2737.28
24.600	2739.78
24.610	2742.28
24.620	2744.78
24.630	2747.28
24.640	2749.78
24.650	2752.29
24.660	2754.79
24.670	2757.30
24.680	2759.81
24.690	2762.32
24.700	2764.84
24.710	2767.35
24.720	2769.87
24.730	2772.38
24.740	2774.90
24.750	2777.42
24.760	2779.94
24.770	2782.47
24.780	2784.99
24.790	2787.52
24.800	2790.05
24.810	2792.57
24.820	2795.11
24.830	2797.64
24.840	2800.17
24.850	2802.71
24.860	2805.24
24.870	2807.78
24.880	2810.32
24.890	2812.86
24.900	2815.41
24.910	2817.95
24.920	2820.50
24.930	2823.04
24.940	2825.59
24.950	2828.14
24.960	2830.69
24.970	2833.25
24.980	2835.80
24.990	2838.36
25.000	2840.92
25.010	2843.48
25.020	2846.04
25.030	2848.60
25.040	2851.16
25.050	2853.73
25.060	2856.30
25.070	2858.87
25.080	2861.44
25.090	2864.01
25.100	2866.58
25.110	2869.16
25.120	2871.73
25.130	2874.31
25.140	2876.89
25.150	2879.47
25.160	2882.05
25.170	2884.64
25.180	2887.22
25.190	2889.81
25.200	2892.40
25.210	2894.99
25.220	2897.58
25.230	2900.17
25.240	2902.77
25.250	2905.36
25.260	2907.96
25.270	2910.56
25.280	2913.16
25.290	2915.76
25.300	2918.37
25.310	2920.97
25.320	2923.58
25.330	2926.19
25.340	2928.80
25.350	2931.41
25.360	2934.02
25.370	2936.64
25.380	2939.25
25.390	2941.87
25.400	2944.49
25.410	2947.11
25.420	2949.73
25.430	2952.36
25.440	2954.98
25.450	2957.61
25.460	2960.24
25.470	2962.87
25.480	2965.50
25.490	2968.14
25.500	2970.77
25.510	2973.41
25.520	2976.05
25.530	2978.69
25.540	2981.33
25.550	2983.97
25.560	2986.61
25.570	2989.26
25.580	2991.91
25.590	2994.56
25.600	2997.21
25.610	2999.86
25.620	3002.51
25.630	3005.17
25.640	3007.82
25.650	3010.48
25.660	3013.14
25.670	3015.80
25.680	3018.47
25.690	3021.13
25.700	3023.80
25.710	3026.47
25.720	3029.14
25.730	3031.81
25.740	3034.48
25.750	3037.15
25.760	3039.83
25.770	3042.51
25.780	3045.19
25.790	3047.87
25.800	3050.55
25.810	3053.23
25.820	3055.92
25.830	3058.61
25.840	3061.29
25.850	3063.98
25.860	3066.68
25.870	3069.37
25.880	3072.06
25.890	3074.76
25.900	3077.46
25.910	3080.16
25.920	3082.86
25.930	3085.56
25.940	3088.27
25.950	3090.97
25.960	3093.68
25.970	3096.39
25.980	3099.10
25.990	3101.81
26.000	3104.53
26.010	3107.24
26.020	3109.96
26.030	3112.68
26.040	3115.40
26.050	3118.12
26.060	3120.85
26.070	3123.57
26.080	3126.30
26.090	3129.03
26.100	3131.76
26.110	3134.49
26.120	3137.22
26.130	3139.96
26.140	3142.69
26.150	3145.43
26.160	3148.17
26.170	3150.91
26.180	3153.66
26.190	3156.40
26.200	3159.15
26.210	3161.90
26.220	3164.65
26.230	3167.40
26.240	3170.15
26.250	3172.91
26.260	3175.66
26.270	3178.42
26.280	3181.18
26.290	3183.94
26.300	3186.70
26.310	3189.47
26.320	3192.23
26.330	3195.00
26.340	3197.77
26.350	3200.54
26.360	3203.31
26.370	3206.09
26.380	3208.87
26.390	3211.64
26.400	3214.42
26.410	3217.20
26.420	3219.99
26.430	3222.77
26.440	3225.56
26.450	3228.34
26.460	3231.13
26.470	3233.92
26.480	3236.72
26.490	3239.51
26.500	3242.30
26.510	3245.10
26.520	3247.90
26.530	3250.70
26.540	3253.50
26.550	3256.31
26.560	3259.11
26.570	3261.92
26.580	3264.73
26.590	3267.54
26.600	3270.35
26.610	3273.17
26.620	3275.98
26.630	3278.80
26.640	3281.62
26.650	3284.44
26.660	3287.26
26.670	3290.09
26.680	3292.91
26.690	3295.74
26.700	3298.57
26.710	3301.40
26.720	3304.23
26.730	3307.07
26.740	3309.90
26.750	3312.74
26.760	3315.58
26.770	3318.42
26.780	3321.26
26.790	3324.11
26.800	3326.95
26.810	3329.80
26.820	3332.65
26.830	3335.50
26.840	3338.35
26.850	3341.21
26.860	3344.06
26.870	3346.92
26.880	3349.78
26.890	3352.64
26.900	3355.50
26.910	3358.37
26.920	3361.24
26.930	3364.10
26.940	3366.97
26.950	3369.84
26.960	3372.72
26.970	3375.59
26.980	3378.47
26.990	3381.35
27.000	3384.23
27.010	3387.11
27.020	3389.99
27.030	3392.88
27.040	3395.76
27.050	3398.65
27.060	3401.54
27.070	3404.43
27.080	3407.33
27.090	3410.22
27.100	3413.12
27.110	3416.02
27.120	3418.92
27.130	3421.82
27.140	3424.73
27.150	3427.63
27.160	3430.54
27.170	3433.45
27.180	3436.36
27.190	3439.27
27.200	3442.19
27.210	3445.10
27.220	3448.02
27.230	3450.94
27.240	3453.86
27.250	3456.78
27.260	3459.71
27.270	3462.63
27.280	3465.56
27.290	3468.49
27.300	3471.42
27.310	3474.36
27.320	3477.29
27.330	3480.23
27.340	3483.17
27.350	3486.11
27.360	3489.05
27.370	3492.00
27.380	3494.94
27.390	3497.89
27.400	3500.84
27.410	3503.79
27.420	3506.74
27.430	3509.70
27.440	3512.65
27.450	3515.61
27.460	3518.57
27.470	3521.53
27.480	3524.49
27.490	3527.46
27.500	3530.43
27.510	3533.39
27.520	3536.36
27.530	3539.34
27.540	3542.31
27.550	3545.29
27.560	3548.26
27.570	3551.24
27.580	3554.22
27.590	3557.21
27.600	3560.19
27.610	3563.18
27.620	3566.16
27.630	3569.15
27.640	3572.15
27.650	3575.14
27.660	3578.13
27.670	3581.13
27.680	3584.13
27.690	3587.13
27.700	3590.13
27.710	3593.14
27.720	3596.14
27.730	3599.15
27.740	3602.16
27.750	3605.17
27.760	3608.18
27.770	3611.20
27.780	3614.21
27.790	3617.23
27.800	3620.25
27.810	3623.28
27.820	3626.30
27.830	3629.32
27.840	3632.35
27.850	3635.38
27.860	3638.41
27.870	3641.45
27.880	3644.48
27.890	3647.52
27.900	3650.55
27.910	3653.59
27.920	3656.64
27.930	3659.68
27.940	3662.73
27.950	3665.77
27.960	3668.82
27.970	3671.87
27.980	3674.93
27.990	3677.98
28.000	3681.04
28.010	3684.09
28.020	3687.15
28.030	3690.22
28.040	3693.28
28.050	3696.34
28.060	3699.41
28.070	3702.48
28.080	3705.55
28.090	3708.63
28.100	3711.70
28.110	3714.78
28.120	3717.85
28.130	3720.93
28.140	3724.02
28.150	3727.10
28.160	3730.19
28.170	3733.27
28.180	3736.36
28.190	3739.45
28.200	3742.55
28.210	3745.64
28.220	3748.74
28.230	3751.84
28.240	3754.94
28.250	3758.04
28.260	3761.14
28.270	3764.25
28.280	3767.36
28.290	3770.47
28.300	3773.58
28.310	3776.69
28.320	3779.81
28.330	3782.92
28.340	3786.04
28.350	3789.16
28.360	3792.29
28.370	3795.41
28.380	3798.54
28.390	3801.66
28.400	3804.79
28.410	3807.93
28.420	3811.06
28.430	3814.20
28.440	3817.33
28.450	3820.47
28.460	3823.61
28.470	3826.76
28.480	3829.90
28.490	3833.05
28.500	3836.20
28.510	3839.35
28.520	3842.50
28.530	3845.66
28.540	3848.81
28.550	3851.97
28.560	3855.13
28.570	3858.29
28.580	3861.46
28.590	3864.62
28.600	3867.79
28.610	3870.96
28.620	3874.13
28.630	3877.30
28.640	3880.48
28.650	3883.66
28.660	3886.83
28.670	3890.02
28.680	3893.20
28.690	3896.38
28.700	3899.57
28.710	3902.76
28.720	3905.95
28.730	3909.14
28.740	3912.33
28.750	3915.53
28.760	3918.73
28.770	3921.93
28.780	3925.13
28.790	3928.33
28.800	3931.54
28.810	3934.75
28.820	3937.96
28.830	3941.17
28.840	3944.38
28.850	3947.60
28.860	3950.81
28.870	3954.03
28.880	3957.25
28.890	3960.48
28.900	3963.70
28.910	3966.93
28.920	3970.16
28.930	3973.39
28.940	3976.62
28.950	3979.85
28.960	3983.09
28.970	3986.33
28.980	3989.57
28.990	3992.81
29.000	3996.05
29.010	3999.30
29.020	4002.55
29.030	4005.80
29.040	4009.05
29.050	4012.30
29.060	4015.56
29.070	4018.82
29.080	4022.07
29.090	4025.34
29.100	4028.60
29.110	4031.86
29.120	4035.13
29.130	4038.40
29.140	4041.67
29.150	4044.95
29.160	4048.22
29.170	4051.50
29.180	4054.78
29.190	4058.06
29.200	4061.34
29.210	4064.62
29.220	4067.91
29.230	4071.20
29.240	4074.49
29.250	4077.78
29.260	4081.08
29.270	4084.37
29.280	4087.67
29.290	4090.97
29.300	4094.28
29.310	4097.58
29.320	4100.89
29.330	4104.20
29.340	4107.51
29.350	4110.82
29.360	4114.13
29.370	4117.45
29.380	4120.77
29.390	4124.09
29.400	4127.41
29.410	4130.73
29.420	4134.06
29.430	4137.39
29.440	4140.72
29.450	4144.05
29.460	4147.38
29.470	4150.72
29.480	4154.06
29.490	4157.40
29.500	4160.74
29.510	4164.08
29.520	4167.43
29.530	4170.78
29.540	4174.13
29.550	4177.48
29.560	4180.83
29.570	4184.19
29.580	4187.55
29.590	4190.91
29.600	4194.27
29.610	4197.63
29.620	4201.00
29.630	4204.37
29.640	4207.74
29.650	4211.11
29.660	4214.48
29.670	4217.86
29.680	4221.24
29.690	4224.62
29.700	4228.00
29.710	4231.38
29.720	4234.77
29.730	4238.16
29.740	4241.55
29.750	4244.94
29.760	4248.34
29.770	4251.73
29.780	4255.13
29.790	4258.53
29.800	4261.93
29.810	4265.34
29.820	4268.74
29.830	4272.15
29.840	4275.56
29.850	4278.97
29.860	4282.39
29.870	4285.80
29.880	4289.22
29.890	4292.64
29.900	4296.07
29.910	4299.49
29.920	4302.92
29.930	4306.35
29.940	4309.78
29.950	4313.21
29.960	4316.64
29.970	4320.08
29.980	4323.52
29.990	4326.96
30.000	4330.40
