x(m)	theta_c(grad)
0.00	85.000
0.01	84.951
0.02	84.905
0.03	84.863
0.04	84.823
0.05	84.785
0.06	84.750
0.07	84.717
0.08	84.685
0.09	84.655
0.10	84.627
0.12	84.601
0.13	84.575
0.14	84.551
0.16	84.528
0.17	84.507
0.19	84.486
0.20	84.466
0.22	84.447
0.23	84.429
0.25	84.411
0.27	84.395
0.28	84.379
0.30	84.363
0.32	84.348
0.34	84.334
0.35	84.320
0.37	84.307
0.39	84.295
0.41	84.282
0.43	84.271
0.45	84.259
0.47	84.248
0.49	84.237
0.52	84.227
0.54	84.217
0.56	84.207
0.58	84.198
0.61	84.189
0.63	84.180
0.65	84.172
0.68	84.163
0.70	84.155
0.73	84.148
0.75	84.140
0.78	84.133
0.81	84.126
0.83	84.119
0.86	84.112
0.89	84.105
0.92	84.099
0.94	84.093
0.97	84.086
1.00	84.080
1.03	84.075
1.06	84.069
1.09	84.064
1.12	84.058
1.15	84.053
1.18	84.048
1.22	84.043
1.25	84.038
1.28	84.033
1.31	84.028
1.35	84.024
1.38	84.019
1.41	84.015
1.45	84.011
1.48	84.007
1.52	84.003
1.56	83.999
1.59	83.995
1.63	83.991
1.66	83.987
1.70	83.983
1.74	83.980
1.78	83.976
1.82	83.973
1.86	83.969
1.89	83.966
1.93	83.963
1.97	83.960
2.01	83.956
2.06	83.953
2.10	83.950
2.14	83.947
2.18	83.945
2.22	83.942
2.27	83.939
2.31	83.936
2.35	83.933
2.40	83.931
2.44	83.928
2.49	83.926
2.53	83.923
2.58	83.921
2.62	83.918
2.67	83.916
2.72	83.913
2.76	83.911
2.81	83.909
2.86	83.907
2.91	83.904
2.96	83.902
3.00	83.900
3.05	83.898
3.10	83.896
3.15	83.894
3.21	83.892
3.26	83.890
3.31	83.888
3.36	83.886
3.41	83.884
3.46	83.883
3.52	83.881
3.57	83.879
3.63	83.877
3.68	83.875
3.73	83.874
3.79	83.872
3.84	83.870
3.90	83.869
3.96	83.867
4.01	83.866
4.07	83.864
4.13	83.862
4.19	83.861
4.24	83.859
4.30	83.858
4.36	83.857
4.42	83.855
4.48	83.854
4.54	83.852
4.60	83.851
4.66	83.850
4.72	83.848
4.79	83.847
4.85	83.846
4.91	83.844
4.97	83.843
5.04	83.842
5.10	83.841
5.16	83.839
5.23	83.838
5.29	83.837
5.36	83.836
5.43	83.835
5.49	83.834
5.56	83.832
5.62	83.831
5.69	83.830
5.76	83.829
5.83	83.828
5.90	83.827
5.97	83.826
6.03	83.825
6.10	83.824
6.17	83.823
6.25	83.822
6.32	83.821
6.39	83.820
6.46	83.819
6.53	83.818
6.60	83.817
6.68	83.816
6.75	83.815
6.82	83.815
6.90	83.814
6.97	83.813
7.05	83.812
7.12	83.811
7.20	83.810
7.27	83.809
7.35	83.809
7.43	83.808
7.50	83.807
7.58	83.806
7.66	83.805
7.74	83.805
7.82	83.804
7.90	83.803
7.98	83.802
8.06	83.802
8.14	83.801
8.22	83.800
8.30	83.800
8.38	83.799
8.46	83.798
8.55	83.797
8.63	83.797
8.71	83.796
8.79	83.795
8.88	83.795
8.96	83.794
9.05	83.794
9.13	83.793
9.22	83.792
9.31	83.792
9.39	83.791
9.48	83.790
9.57	83.790
9.65	83.789
9.74	83.789
9.83	83.788
9.92	83.788
10.01	83.787
10.10	83.786
10.19	83.786
10.28	83.785
10.37	83.785
10.46	83.784
10.55	83.784
10.64	83.783
10.74	83.783
10.83	83.782
10.92	83.782
11.02	83.781
11.11	83.781
11.20	83.780
11.30	83.780
11.39	83.779
11.49	83.779
11.59	83.778
11.68	83.778
11.78	83.777
11.88	83.777
11.97	83.776
12.07	83.776
12.17	83.776
12.27	83.775
12.37	83.775
12.47	83.774
12.57	83.774
12.67	83.773
12.77	83.773
12.87	83.773
12.97	83.772
13.07	83.772
13.18	83.771
13.28	83.771
13.38	83.771
13.49	83.770
13.59	83.770
13.69	83.770
13.80	83.769
13.90	83.769
14.01	83.769
14.12	83.768
14.22	83.768
14.33	83.767
14.44	83.767
14.54	83.767
14.65	83.766
14.76	83.766
14.87	83.766
14.98	83.765
15.09	83.765
15.20	83.765
15.31	83.765
15.42	83.764
15.53	83.764
15.64	83.764
15.75	83.763
15.87	83.763
15.98	83.763
16.09	83.762
16.21	83.762
16.32	83.762
16.43	83.762
16.55	83.761
16.66	83.761
16.78	83.761
16.90	83.760
17.01	83.760
17.13	83.760
17.25	83.760
17.36	83.759
17.48	83.759
17.60	83.759
17.72	83.759
17.84	83.758
17.96	83.758
18.08	83.758
18.20	83.758
18.32	83.757
18.44	83.757
18.56	83.757
18.68	83.757
18.81	83.757
18.93	83.756
19.05	83.756
19.18	83.756
19.30	83.756
19.43	83.755
19.55	83.755
19.68	83.755
19.80	83.755
19.93	83.755
20.05	83.754
20.18	83.754
20.31	83.754
20.44	83.754
20.56	83.754
20.69	83.754
20.82	83.753
20.95	83.753
21.08	83.753
21.21	83.753
21.34	83.753
21.47	83.752
21.60	83.752
21.73	83.752
21.87	83.752
22.00	83.752
22.13	83.752
22.27	83.751
22.40	83.751
22.53	83.751
22.67	83.751
22.80	83.751
22.94	83.751
23.07	83.751
23.21	83.750
23.35	83.750
23.48	83.750
23.62	83.750
23.76	83.750
23.90	83.750
24.04	83.750
24.17	83.749
24.31	83.749
24.45	83.749
24.59	83.749
24.73	83.749
24.88	83.749
25.02	83.749
25.16	83.749
25.30	83.748
25.44	83.748
25.59	83.748
25.73	83.748
25.87	83.748
26.02	83.748
26.16	83.748
26.31	83.748
26.45	83.747
26.60	83.747
26.74	83.747
26.89	83.747
27.04	83.747
27.19	83.747
27.33	83.747
27.48	83.747
27.63	83.747
27.78	83.747
27.93	83.747
28.08	83.746
28.23	83.746
28.38	83.746
28.53	83.746
28.68	83.746
28.83	83.746
28.99	83.746
29.14	83.746
29.29	83.746
29.45	83.746
29.60	83.746
29.75	83.746
29.91	83.745
30.06	83.745
30.22	83.745
30.38	83.745
30.53	83.745
30.69	83.745
30.85	83.745
31.00	83.745
31.16	83.745
31.32	83.745
31.48	83.745
31.64	83.745
31.80	83.745
31.96	83.745
32.12	83.745
32.28	83.745
32.44	83.745
32.60	83.744
32.76	83.744
32.93	83.744
33.09	83.744
33.25	83.744
33.41	83.744
33.58	83.744
33.74	83.744
33.91	83.744
34.07	83.744
34.24	83.744
34.40	83.744
34.57	83.744
34.74	83.744
34.91	83.744
35.07	83.744
35.24	83.744
35.41	83.744
35.58	83.744
35.75	83.744
35.92	83.744
36.09	83.744
36.26	83.744
36.43	83.744
36.60	83.744
36.77	83.744
36.94	83.744
37.12	83.744
37.29	83.744
37.46	83.743
37.64	83.743
37.81	83.743
37.99	83.743
38.16	83.743
38.34	83.743
38.51	83.743
38.69	83.743
38.86	83.743
39.04	83.743
39.22	83.743
39.40	83.743
39.57	83.743
39.75	83.743
39.93	83.743
40.11	83.743
40.29	83.743
40.47	83.743
40.65	83.743
40.83	83.743
41.01	83.743
41.20	83.743
41.38	83.743
41.56	83.743
41.74	83.743
41.93	83.743
42.11	83.743
42.30	83.743
42.48	83.743
42.67	83.743
42.85	83.743
43.04	83.743
43.22	83.743
43.41	83.743
43.60	83.743
43.78	83.743
43.97	83.743
44.16	83.743
44.35	83.744
44.54	83.744
44.73	83.744
44.92	83.744
45.11	83.744
45.30	83.744
45.49	83.744
45.68	83.744
45.87	83.744
46.07	83.744
46.26	83.744
46.45	83.744
46.65	83.744
46.84	83.744
47.03	83.744
47.23	83.744
47.42	83.744
47.62	83.744
47.82	83.744
48.01	83.744
48.21	83.744
48.41	83.744
48.60	83.744
48.80	83.744
49.00	83.744
49.20	83.744
49.40	83.744
49.60	83.744
49.80	83.744
50.00	83.744
50.20	83.744
50.40	83.744
50.60	83.744
50.80	83.744
51.01	83.744
51.21	83.745
51.41	83.745
51.62	83.745
51.82	83.745
52.03	83.745
52.23	83.745
52.44	83.745
52.64	83.745
52.85	83.745
53.05	83.745
53.26	83.745
53.47	83.745
53.68	83.745
53.88	83.745
54.09	83.745
54.30	83.745
54.51	83.745
54.72	83.745
54.93	83.745
55.14	83.745
55.35	83.746
55.57	83.746
55.78	83.746
55.99	83.746
56.20	83.746
56.42	83.746
56.63	83.746
56.84	83.746
57.06	83.746
57.27	83.746
57.49	83.746
57.70	83.746
57.92	83.746
58.13	83.746
58.35	83.746
58.57	83.746
58.79	83.746
59.00	83.747
59.22	83.747
59.44	83.747
59.66	83.747
59.88	83.747
60.10	83.747
60.32	83.747
60.54	83.747
60.76	83.747
60.98	83.747
61.20	83.747
61.43	83.747
61.65	83.747
61.87	83.747
62.10	83.747
62.32	83.748
62.55	83.748
62.77	83.748
63.00	83.748
63.22	83.748
63.45	83.748
63.67	83.748
63.90	83.748
64.13	83.748
64.35	83.748
64.58	83.748
64.81	83.748
65.04	83.748
65.27	83.749
65.50	83.749
65.73	83.749
65.96	83.749
66.19	83.749
66.42	83.749
66.65	83.749
66.88	83.749
67.12	83.749
67.35	83.749
67.58	83.749
67.82	83.749
68.05	83.750
68.29	83.750
68.52	83.750
68.76	83.750
68.99	83.750
69.23	83.750
69.46	83.750
69.70	83.750
69.94	83.750
70.18	83.750
70.41	83.750
70.65	83.750
70.89	83.751
71.13	83.751
71.37	83.751
71.61	83.751
71.85	83.751
72.09	83.751
72.33	83.751
72.57	83.751
72.82	83.751
73.06	83.751
73.30	83.751
73.54	83.752
73.79	83.752
74.03	83.752
74.28	83.752
74.52	83.752
74.77	83.752
75.01	83.752
75.26	83.752
75.51	83.752
75.75	83.752
76.00	83.753
76.25	83.753
76.50	83.753
76.74	83.753
76.99	83.753
77.24	83.753
77.49	83.753
77.74	83.753
77.99	83.753
78.24	83.753
78.49	83.754
78.75	83.754
79.00	83.754
79.25	83.754
79.50	83.754
79.76	83.754
80.01	83.754
80.26	83.754
80.52	83.754
80.77	83.755
81.03	83.755
81.28	83.755
81.54	83.755
81.80	83.755
82.05	83.755
82.31	83.755
82.57	83.755
82.83	83.755
83.08	83.755
83.34	83.756
83.60	83.756
83.86	83.756
84.12	83.756
84.38	83.756
84.64	83.756
84.90	83.756
85.17	83.756
85.43	83.756
85.69	83.757
85.95	83.757
86.22	83.757
86.48	83.757
86.74	83.757
87.01	83.757
87.27	83.757
87.54	83.757
87.80	83.758
88.07	83.758
88.33	83.758
88.60	83.758
88.87	83.758
89.14	83.758
89.40	83.758
89.67	83.758
89.94	83.758
90.21	83.759
90.48	83.759
90.75	83.759
91.02	83.759
91.29	83.759
91.56	83.759
91.83	83.759
92.10	83.759
92.38	83.760
92.65	83.760
92.92	83.760
93.20	83.760
93.47	83.760
93.74	83.760
94.02	83.760
94.29	83.760
94.57	83.761
94.84	83.761
95.12	83.761
95.40	83.761
95.67	83.761
95.95	83.761
96.23	83.761
96.51	83.761
96.78	83.762
97.06	83.762
97.34	83.762
97.62	83.762
97.90	83.762
98.18	83.762
98.46	83.762
98.74	83.762
99.03	83.763
99.31	83.763
99.59	83.763
99.87	83.763
100.16	83.763
100.44	83.763
100.72	83.763
101.01	83.763
101.29	83.764
101.58	83.764
101.86	83.764
102.15	83.764
102.43	83.764
102.72	83.764
103.01	83.764
103.30	83.765
103.58	83.765
103.87	83.765
104.16	83.765
104.45	83.765
104.74	83.765
105.03	83.765
105.32	83.765
105.61	83.766
105.90	83.766
106.19	83.766
106.48	83.766
106.77	83.766
107.07	83.766
107.36	83.766
107.65	83.767
107.94	83.767
108.24	83.767
108.53	83.767
108.83	83.767
109.12	83.767
109.42	83.767
109.71	83.768
110.01	83.768
110.31	83.768
110.60	83.768
110.90	83.768
111.20	83.768
111.50	83.768
111.80	83.768
112.09	83.769
112.39	83.769
112.69	83.769
112.99	83.769
113.29	83.769
113.59	83.769
113.90	83.769
114.20	83.770
114.50	83.770
114.80	83.770
115.10	83.770
115.41	83.770
115.71	83.770
116.01	83.770
116.32	83.771
116.62	83.771
116.93	83.771
117.23	83.771
117.54	83.771
117.84	83.771
118.15	83.771
118.46	83.772
118.76	83.772
119.07	83.772
119.38	83.772
119.69	83.772
120.00	83.772
120.31	83.772
120.62	83.772
120.93	83.773
121.24	83.773
121.55	83.773
121.86	83.773
122.17	83.773
122.48	83.773
122.79	83.773
123.10	83.774
123.42	83.774
123.73	83.774
124.04	83.774
124.36	83.774
124.67	83.774
124.99	83.774
125.30	83.775
125.62	83.775
125.93	83.775
126.25	83.775
126.57	83.775
126.88	83.775
127.20	83.775
127.52	83.776
127.84	83.776
128.15	83.776
128.47	83.776
128.79	83.776
129.11	83.776
129.43	83.776
129.75	83.776
130.07	83.777
130.39	83.777
130.71	83.777
131.03	83.777
131.36	83.777
131.68	83.777
132.00	83.777
132.33	83.778
132.65	83.778
132.97	83.778
133.30	83.778
133.62	83.778
133.95	83.778
134.27	83.778
134.60	83.779
134.92	83.779
135.25	83.779
135.58	83.779
135.90	83.779
136.23	83.779
136.56	83.779
136.89	83.780
137.22	83.780
137.54	83.780
137.87	83.780
138.20	83.780
138.53	83.780
138.86	83.780
139.19	83.781
139.53	83.781
139.86	83.781
140.19	83.781
140.52	83.781
140.85	83.781
141.19	83.781
141.52	83.782
141.85	83.782
142.19	83.782
142.52	83.782
142.86	83.782
143.19	83.782
143.53	83.782
143.86	83.783
144.20	83.783
144.53	83.783
144.87	83.783
145.21	83.783
145.55	83.783
145.88	83.784
146.22	83.784
146.56	83.784
146.90	83.784
147.24	83.784
147.58	83.784
147.92	83.785
148.26	83.785
148.60	83.785
148.94	83.785
149.28	83.785
149.62	83.785
149.97	83.785
150.31	83.786
150.65	83.786
150.99	83.786
151.34	83.786
151.68	83.786
152.03	83.786
152.37	83.787
152.72	83.787
153.06	83.787
153.41	83.787
153.75	83.787
154.10	83.788
154.44	83.788
154.79	83.788
155.14	83.788
155.49	83.788
155.83	83.788
156.18	83.789
156.53	83.789
156.88	83.789
157.23	83.789
157.58	83.789
157.93	83.789
158.28	83.790
158.63	83.790
158.98	83.790
159.33	83.790
159.69	83.790
160.04	83.791
160.39	83.791
160.74	83.791
161.10	83.791
161.45	83.791
161.80	83.791
162.16	83.792
162.51	83.792
162.87	83.792
163.22	83.792
163.58	83.792
163.93	83.793
164.29	83.793
164.65	83.793
165.00	83.793
165.36	83.793
165.72	83.794
166.08	83.794
166.43	83.794
166.79	83.794
167.15	83.794
167.51	83.795
167.87	83.795
168.23	83.795
168.59	83.795
168.95	83.795
169.31	83.795
169.67	83.796
170.03	83.796
170.40	83.796
170.76	83.796
171.12	83.796
171.48	83.797
171.85	83.797
172.21	83.797
172.57	83.797
172.94	83.797
173.30	83.798
173.67	83.798
174.03	83.798
174.40	83.798
174.76	83.798
175.13	83.799
175.50	83.799
175.86	83.799
176.23	83.799
176.60	83.799
176.96	83.800
177.33	83.800
177.70	83.800
178.07	83.800
178.44	83.801
178.81	83.801
179.18	83.801
179.55	83.801
179.92	83.801
180.29	83.802
180.66	83.802
181.03	83.802
181.40	83.802
181.78	83.802
182.15	83.803
182.52	83.803
182.89	83.803
183.27	83.803
183.64	83.803
184.01	83.804
184.39	83.804
184.76	83.804
185.14	83.804
185.51	83.804
185.89	83.805
186.27	83.805
186.64	83.805
187.02	83.805
187.40	83.805
187.77	83.806
188.15	83.806
188.53	83.806
188.91	83.806
189.28	83.806
189.66	83.807
190.04	83.807
190.42	83.807
190.80	83.807
191.18	83.808
191.56	83.808
191.94	83.808
192.32	83.808
192.71	83.808
193.09	83.809
193.47	83.809
193.85	83.809
194.23	83.809
194.62	83.809
195.00	83.810
195.38	83.810
195.77	83.810
196.15	83.810
196.54	83.810
196.92	83.811
197.31	83.811
197.69	83.811
198.08	83.811
198.47	83.811
198.85	83.812
199.24	83.812
199.63	83.812
200.01	83.812
200.40	83.812
200.79	83.813
201.18	83.813
201.57	83.813
201.96	83.813
202.34	83.813
202.73	83.814
203.12	83.814
203.51	83.814
203.91	83.814
204.30	83.814
204.69	83.815
205.08	83.815
205.47	83.815
205.86	83.815
206.26	83.815
206.65	83.816
207.04	83.816
207.44	83.816
207.83	83.816
208.22	83.816
208.62	83.816
209.01	83.817
209.41	83.817
209.80	83.817
210.20	83.817
210.59	83.817
210.99	83.818
211.39	83.818
211.78	83.818
212.18	83.818
212.58	83.818
212.98	83.819
213.38	83.819
213.77	83.819
214.17	83.819
214.57	83.819
214.97	83.819
215.37	83.820
215.77	83.820
216.17	83.820
216.57	83.820
216.97	83.820
217.38	83.821
217.78	83.821
218.18	83.821
218.58	83.821
218.98	83.821
219.39	83.822
219.79	83.822
220.19	83.822
220.60	83.822
221.00	83.822
221.41	83.822
221.81	83.823
222.22	83.823
222.62	83.823
223.03	83.823
223.43	83.823
223.84	83.824
224.25	83.824
224.65	83.824
225.06	83.824
225.47	83.824
225.88	83.825
226.29	83.825
226.69	83.825
227.10	83.825
227.51	83.825
227.92	83.826
228.33	83.826
228.74	83.826
229.15	83.826
229.56	83.826
229.97	83.827
230.38	83.827
230.80	83.827
231.21	83.827
231.62	83.827
232.03	83.827
232.45	83.828
232.86	83.828
233.27	83.828
233.69	83.828
234.10	83.828
234.52	83.829
234.93	83.829
235.35	83.829
235.76	83.829
236.18	83.829
236.59	83.830
237.01	83.830
237.43	83.830
237.84	83.830
238.26	83.830
238.68	83.831
239.10	83.831
239.51	83.831
239.93	83.831
240.35	83.831
240.77	83.832
241.19	83.832
241.61	83.832
242.03	83.832
242.45	83.832
242.87	83.832
243.29	83.833
243.71	83.833
244.14	83.833
244.56	83.833
244.98	83.833
245.40	83.834
245.83	83.834
246.25	83.834
246.67	83.834
247.10	83.834
247.52	83.835
247.95	83.835
248.37	83.835
248.79	83.835
249.22	83.835
249.65	83.836
250.07	83.836
250.50	83.836
250.93	83.836
251.35	83.836
251.78	83.837
252.21	83.837
252.63	83.837
253.06	83.837
253.49	83.837
253.92	83.838
254.35	83.838
254.78	83.838
255.21	83.838
255.64	83.838
256.07	83.839
256.50	83.839
256.93	83.839
257.36	83.839
257.79	83.839
258.23	83.840
258.66	83.840
259.09	83.840
259.52	83.840
259.96	83.840
260.39	83.841
260.82	83.841
261.26	83.841
261.69	83.841
262.13	83.841
262.56	83.842
263.00	83.842
263.43	83.842
263.87	83.842
264.30	83.842
264.74	83.843
265.18	83.843
265.62	83.843
266.05	83.843
266.49	83.843
266.93	83.844
267.37	83.844
267.81	83.844
268.24	83.844
268.68	83.844
269.12	83.845
269.56	83.845
270.00	83.845
270.44	83.845
270.88	83.845
271.33	83.846
271.77	83.846
272.21	83.846
272.65	83.846
273.09	83.846
273.54	83.847
273.98	83.847
274.42	83.847
274.87	83.847
275.31	83.847
275.75	83.848
276.20	83.848
276.64	83.848
277.09	83.848
277.53	83.848
277.98	83.849
278.43	83.849
278.87	83.849
279.32	83.849
279.77	83.849
280.21	83.850
280.66	83.850
281.11	83.850
281.56	83.850
282.01	83.850
282.45	83.851
282.90	83.851
283.35	83.851
283.80	83.851
284.25	83.851
284.70	83.852
285.15	83.852
285.60	83.852
286.06	83.852
286.51	83.852
286.96	83.853
287.41	83.853
287.86	83.853
288.32	83.853
288.77	83.853
289.22	83.854
289.68	83.854
290.13	83.854
290.59	83.854
291.04	83.854
291.49	83.855
291.95	83.855
292.41	83.855
292.86	83.855
293.32	83.855
293.77	83.856
294.23	83.856
294.69	83.856
295.15	83.856
295.60	83.856
296.06	83.857
296.52	83.857
296.98	83.857
297.44	83.857
297.90	83.857
298.36	83.858
298.82	83.858
299.28	83.858
299.74	83.858
300.20	83.858
300.66	83.859
301.12	83.859
301.58	83.859
302.04	83.859
302.50	83.859
302.97	83.860
303.43	83.860
303.89	83.860
304.36	83.860
304.82	83.861
305.28	83.861
305.75	83.861
306.21	83.861
306.68	83.861
307.14	83.862
307.61	83.862
308.08	83.862
308.54	83.862
309.01	83.862
309.47	83.863
309.94	83.863
310.41	83.863
310.88	83.863
311.34	83.863
311.81	83.864
312.28	83.864
312.75	83.864
313.22	83.864
313.69	83.864
314.16	83.865
314.63	83.865
315.10	83.865
315.57	83.865
316.04	83.865
316.51	83.866
316.98	83.866
317.46	83.866
317.93	83.866
318.40	83.866
318.87	83.867
319.35	83.867
319.82	83.867
320.29	83.867
320.77	83.868
321.24	83.868
321.72	83.868
322.19	83.868
322.67	83.868
323.14	83.869
323.62	83.869
324.09	83.869
324.57	83.869
325.05	83.869
325.52	83.870
326.00	83.870
326.48	83.870
326.96	83.870
327.44	83.870
327.91	83.871
328.39	83.871
328.87	83.871
329.35	83.871
329.83	83.871
330.31	83.872
330.79	83.872
331.27	83.872
331.75	83.872
332.23	83.872
332.72	83.873
333.20	83.873
333.68	83.873
334.16	83.873
334.64	83.874
335.13	83.874
335.61	83.874
336.09	83.874
336.58	83.874
337.06	83.875
337.55	83.875
338.03	83.875
338.52	83.875
339.00	83.875
339.49	83.876
339.97	83.876
340.46	83.876
340.95	83.876
341.43	83.876
341.92	83.877
342.41	83.877
342.90	83.877
343.38	83.877
343.87	83.877
344.36	83.878
344.85	83.878
345.34	83.878
345.83	83.878
346.32	83.879
346.81	83.879
347.30	83.879
347.79	83.879
348.28	83.879
348.77	83.880
349.26	83.880
349.76	83.880
350.25	83.880
350.74	83.880
351.23	83.881
351.73	83.881
352.22	83.881
352.71	83.881
353.21	83.881
353.70	83.882
354.20	83.882
354.69	83.882
355.19	83.882
355.68	83.883
356.18	83.883
356.67	83.883
357.17	83.883
357.67	83.883
358.16	83.884
358.66	83.884
359.16	83.884
359.66	83.884
360.16	83.884
360.65	83.885
361.15	83.885
361.65	83.885
362.15	83.885
362.65	83.885
363.15	83.886
363.65	83.886
364.15	83.886
364.65	83.886
365.15	83.887
365.65	83.887
366.16	83.887
366.66	83.887
367.16	83.887
367.66	83.888
368.17	83.888
368.67	83.888
369.17	83.888
369.68	83.888
370.18	83.889
370.68	83.889
371.19	83.889
371.69	83.889
372.20	83.889
372.71	83.890
373.21	83.890
373.72	83.890
374.22	83.890
374.73	83.891
375.24	83.891
375.74	83.891
376.25	83.891
376.76	83.891
377.27	83.892
377.78	83.892
378.29	83.892
378.79	83.892
379.30	83.892
379.81	83.893
380.32	83.893
380.83	83.893
381.34	83.893
381.86	83.894
382.37	83.894
382.88	83.894
383.39	83.894
383.90	83.894
384.41	83.895
384.93	83.895
385.44	83.895
385.95	83.895
386.47	83.895
386.98	83.896
387.49	83.896
388.01	83.896
388.52	83.896
389.04	83.896
389.55	83.897
390.07	83.897
390.58	83.897
391.10	83.897
391.62	83.898
392.13	83.898
392.65	83.898
393.17	83.898
393.69	83.898
394.20	83.899
394.72	83.899
395.24	83.899
395.76	83.899
396.28	83.899
396.80	83.900
397.32	83.900
397.84	83.900
398.36	83.900
398.88	83.901
399.40	83.901
399.92	83.901
400.44	83.901
400.96	83.901
401.49	83.902
402.01	83.902
402.53	83.902
403.05	83.902
403.58	83.902
404.10	83.903
404.62	83.903
405.15	83.903
405.67	83.903
406.20	83.904
406.72	83.904
407.25	83.904
407.77	83.904
408.30	83.904
408.83	83.905
409.35	83.905
409.88	83.905
410.41	83.905
410.93	83.905
411.46	83.906
411.99	83.906
412.52	83.906
413.05	83.906
413.57	83.906
414.10	83.907
414.63	83.907
415.16	83.907
415.69	83.907
416.22	83.908
416.75	83.908
417.28	83.908
417.81	83.908
418.35	83.908
418.88	83.909
419.41	83.909
419.94	83.909
420.48	83.909
421.01	83.909
421.54	83.910
422.07	83.910
422.61	83.910
423.14	83.910
423.68	83.911
424.21	83.911
424.75	83.911
425.28	83.911
425.82	83.911
426.35	83.912
426.89	83.912
427.43	83.912
427.96	83.912
428.50	83.912
429.04	83.913
429.57	83.913
430.11	83.913
430.65	83.913
431.19	83.914
431.73	83.914
432.27	83.914
432.81	83.914
433.35	83.914
433.89	83.915
434.43	83.915
434.97	83.915
435.51	83.915
436.05	83.915
436.59	83.916
437.13	83.916
437.67	83.916
438.22	83.916
438.76	83.917
439.30	83.917
439.84	83.917
440.39	83.917
440.93	83.917
441.48	83.918
442.02	83.918
442.57	83.918
443.11	83.918
443.66	83.918
444.20	83.919
444.75	83.919
445.29	83.919
445.84	83.919
446.39	83.920
446.93	83.920
447.48	83.920
448.03	83.920
448.58	83.920
449.12	83.921
449.67	83.921
450.22	83.921
450.77	83.921
451.32	83.922
451.87	83.922
452.42	83.922
452.97	83.922
453.52	83.922
454.07	83.923
454.62	83.923
455.17	83.923
455.73	83.923
456.28	83.923
456.83	83.924
457.38	83.924
457.93	83.924
458.49	83.924
459.04	83.925
459.60	83.925
460.15	83.925
460.70	83.925
461.26	83.925
461.81	83.926
462.37	83.926
462.92	83.926
463.48	83.926
464.04	83.926
464.59	83.927
465.15	83.927
465.71	83.927
466.26	83.927
466.82	83.928
467.38	83.928
467.94	83.928
468.50	83.928
469.05	83.928
469.61	83.929
470.17	83.929
470.73	83.929
471.29	83.929
471.85	83.929
472.41	83.930
472.97	83.930
473.54	83.930
474.10	83.930
474.66	83.931
475.22	83.931
475.78	83.931
476.35	83.931
476.91	83.931
477.47	83.932
478.03	83.932
478.60	83.932
479.16	83.932
479.73	83.932
480.29	83.933
480.86	83.933
481.42	83.933
481.99	83.933
482.55	83.934
483.12	83.934
483.69	83.934
484.25	83.934
484.82	83.934
485.39	83.935
485.95	83.935
486.52	83.935
487.09	83.935
487.66	83.936
488.23	83.936
488.80	83.936
489.37	83.936
489.94	83.936
490.51	83.937
491.08	83.937
491.65	83.937
492.22	83.937
492.79	83.937
493.36	83.938
493.93	83.938
494.50	83.938
495.08	83.938
495.65	83.939
496.22	83.939
496.79	83.939
497.37	83.939
497.94	83.939
498.52	83.940
499.09	83.940
499.66	83.940
500.24	83.940
500.82	83.940
501.39	83.941
501.97	83.941
502.54	83.941
503.12	83.941
503.70	83.942
504.27	83.942
504.85	83.942
505.43	83.942
506.01	83.942
506.58	83.943
507.16	83.943
507.74	83.943
508.32	83.943
508.90	83.944
509.48	83.944
510.06	83.944
510.64	83.944
511.22	83.944
511.80	83.945
512.38	83.945
512.96	83.945
513.55	83.945
514.13	83.945
514.71	83.946
515.29	83.946
515.88	83.946
516.46	83.946
517.04	83.947
517.63	83.947
518.21	83.947
518.80	83.947
519.38	83.947
519.96	83.948
520.55	83.948
521.14	83.948
521.72	83.948
522.31	83.948
522.89	83.949
523.48	83.949
524.07	83.949
524.66	83.949
525.24	83.950
525.83	83.950
526.42	83.950
527.01	83.950
527.60	83.950
528.19	83.951
528.78	83.951
529.37	83.951
529.96	83.951
530.55	83.952
531.14	83.952
531.73	83.952
532.32	83.952
532.91	83.952
533.50	83.953
534.09	83.953
534.69	83.953
535.28	83.953
535.87	83.953
536.47	83.954
537.06	83.954
537.65	83.954
538.25	83.954
538.84	83.955
539.44	83.955
540.03	83.955
540.63	83.955
541.22	83.955
541.82	83.956
542.42	83.956
543.01	83.956
543.61	83.956
544.21	83.956
544.80	83.957
545.40	83.957
546.00	83.957
546.60	83.957
547.20	83.958
547.80	83.958
548.40	83.958
549.00	83.958
549.59	83.958
550.20	83.959
550.80	83.959
551.40	83.959
552.00	83.959
552.60	83.960
553.20	83.960
553.80	83.960
554.40	83.960
555.01	83.960
555.61	83.961
556.21	83.961
556.82	83.961
557.42	83.961
558.02	83.961
558.63	83.962
559.23	83.962
559.84	83.962
560.44	83.962
561.05	83.963
561.66	83.963
562.26	83.963
562.87	83.963
563.48	83.963
564.08	83.964
564.69	83.964
565.30	83.964
565.91	83.964
566.51	83.964
567.12	83.965
567.73	83.965
568.34	83.965
568.95	83.965
569.56	83.966
570.17	83.966
570.78	83.966
571.39	83.966
572.00	83.966
572.61	83.967
573.22	83.967
573.84	83.967
574.45	83.967
575.06	83.968
575.67	83.968
576.29	83.968
576.90	83.968
577.51	83.968
578.13	83.969
578.74	83.969
579.36	83.969
579.97	83.969
580.59	83.969
581.20	83.970
581.82	83.970
582.43	83.970
583.05	83.970
583.67	83.971
584.28	83.971
584.90	83.971
585.52	83.971
586.14	83.971
586.76	83.972
587.37	83.972
587.99	83.972
588.61	83.972
589.23	83.972
589.85	83.973
590.47	83.973
591.09	83.973
591.71	83.973
592.33	83.974
592.95	83.974
593.58	83.974
594.20	83.974
594.82	83.974
595.44	83.975
596.06	83.975
596.69	83.975
597.31	83.975
597.93	83.976
598.56	83.976
599.18	83.976
599.81	83.976
600.43	83.976
601.06	83.977
601.68	83.977
602.31	83.977
602.93	83.977
603.56	83.977
604.19	83.978
604.81	83.978
605.44	83.978
606.07	83.978
606.70	83.979
607.33	83.979
607.95	83.979
608.58	83.979
609.21	83.979
609.84	83.980
610.47	83.980
611.10	83.980
611.73	83.980
612.36	83.980
612.99	83.981
613.62	83.981
614.26	83.981
614.89	83.981
615.52	83.982
616.15	83.982
616.79	83.982
617.42	83.982
618.05	83.982
618.69	83.983
619.32	83.983
619.95	83.983
620.59	83.983
621.22	83.983
621.86	83.984
622.49	83.984
623.13	83.984
623.77	83.984
624.40	83.985
625.04	83.985
625.68	83.985
626.31	83.985
626.95	83.985
627.59	83.986
628.23	83.986
628.87	83.986
629.51	83.986
630.14	83.986
630.78	83.987
631.42	83.987
632.06	83.987
632.70	83.987
633.35	83.988
633.99	83.988
634.63	83.988
635.27	83.988
635.91	83.988
636.55	83.989
637.20	83.989
637.84	83.989
638.48	83.989
639.13	83.990
639.77	83.990
640.41	83.990
641.06	83.990
641.70	83.990
642.35	83.991
642.99	83.991
643.64	83.991
644.29	83.991
644.93	83.991
645.58	83.992
646.22	83.992
646.87	83.992
647.52	83.992
648.17	83.993
648.82	83.993
649.46	83.993
650.11	83.993
650.76	83.993
651.41	83.994
652.06	83.994
652.71	83.994
653.36	83.994
654.01	83.994
654.66	83.995
655.31	83.995
655.97	83.995
656.62	83.995
657.27	83.996
657.92	83.996
658.58	83.996
659.23	83.996
659.88	83.996
660.54	83.997
661.19	83.997
661.84	83.997
662.50	83.997
663.15	83.997
663.81	83.998
664.46	83.998
665.12	83.998
665.78	83.998
666.43	83.999
667.09	83.999
667.75	83.999
668.40	83.999
669.06	83.999
669.72	84.000
670.38	84.000
671.04	84.000
671.70	84.000
672.36	84.000
673.02	84.001
673.68	84.001
674.34	84.001
675.00	84.001
675.66	84.002
676.32	84.002
676.98	84.002
677.64	84.002
678.30	84.002
678.97	84.003
679.63	84.003
680.29	84.003
680.96	84.003
681.62	84.003
682.28	84.004
682.95	84.004
683.61	84.004
684.28	84.004
684.94	84.005
685.61	84.005
686.27	84.005
686.94	84.005
687.61	84.005
688.27	84.006
688.94	84.006
689.61	84.006
690.28	84.006
690.95	84.006
691.61	84.007
692.28	84.007
692.95	84.007
693.62	84.007
694.29	84.008
694.96	84.008
695.63	84.008
696.30	84.008
696.97	84.008
697.64	84.009
698.32	84.009
698.99	84.009
699.66	84.009
700.33	84.009
701.01	84.010
701.68	84.010
702.35	84.010
703.03	84.010
703.70	84.011
704.37	84.011
705.05	84.011
705.72	84.011
706.40	84.011
707.08	84.012
707.75	84.012
708.43	84.012
709.10	84.012
709.78	84.012
710.46	84.013
711.14	84.013
711.81	84.013
712.49	84.013
713.17	84.014
713.85	84.014
714.53	84.014
715.21	84.014
715.89	84.014
716.57	84.015
717.25	84.015
717.93	84.015
718.61	84.015
719.29	84.015
719.98	84.016
720.66	84.016
721.34	84.016
722.02	84.016
722.71	84.016
723.39	84.017
724.07	84.017
724.76	84.017
725.44	84.017
726.13	84.018
726.81	84.018
727.50	84.018
728.18	84.018
728.87	84.018
729.55	84.019
730.24	84.019
730.93	84.019
731.61	84.019
732.30	84.019
732.99	84.020
733.68	84.020
734.37	84.020
735.06	84.020
735.74	84.021
736.43	84.021
737.12	84.021
737.81	84.021
738.50	84.021
739.20	84.022
739.89	84.022
740.58	84.022
741.27	84.022
741.96	84.022
742.65	84.023
743.35	84.023
744.04	84.023
744.73	84.023
745.43	84.024
746.12	84.024
746.81	84.024
747.51	84.024
748.20	84.024
748.90	84.025
749.60	84.025
750.29	84.025
750.99	84.025
751.68	84.025
752.38	84.026
753.08	84.026
753.78	84.026
754.47	84.026
755.17	84.026
755.87	84.027
756.57	84.027
757.27	84.027
757.97	84.027
758.67	84.028
759.37	84.028
760.07	84.028
760.77	84.028
761.47	84.028
762.17	84.029
762.87	84.029
763.57	84.029
764.28	84.029
764.98	84.029
765.68	84.030
766.39	84.030
767.09	84.030
767.79	84.030
768.50	84.030
769.20	84.031
769.91	84.031
770.61	84.031
771.32	84.031
772.03	84.032
772.73	84.032
773.44	84.032
774.15	84.032
774.85	84.032
775.56	84.033
776.27	84.033
776.98	84.033
777.68	84.033
778.39	84.033
779.10	84.034
779.81	84.034
780.52	84.034
781.23	84.034
781.94	84.035
782.65	84.035
783.37	84.035
784.08	84.035
784.79	84.035
785.50	84.036
786.21	84.036
786.93	84.036
787.64	84.036
788.35	84.036
789.07	84.037
789.78	84.037
790.50	84.037
791.21	84.037
791.93	84.037
792.64	84.038
793.36	84.038
794.07	84.038
794.79	84.038
795.51	84.039
796.22	84.039
796.94	84.039
797.66	84.039
798.38	84.039
799.10	84.040
799.81	84.040
800.53	84.040
801.25	84.040
801.97	84.040
802.69	84.041
803.41	84.041
804.13	84.041
804.86	84.041
805.58	84.041
806.30	84.042
807.02	84.042
807.74	84.042
808.47	84.042
809.19	84.043
809.91	84.043
810.64	84.043
811.36	84.043
812.09	84.043
812.81	84.044
813.54	84.044
814.26	84.044
814.99	84.044
815.71	84.044
816.44	84.045
817.17	84.045
817.89	84.045
818.62	84.045
819.35	84.045
820.08	84.046
820.80	84.046
821.53	84.046
822.26	84.046
822.99	84.046
823.72	84.047
824.45	84.047
825.18	84.047
825.91	84.047
826.64	84.048
827.38	84.048
828.11	84.048
828.84	84.048
829.57	84.048
830.31	84.049
831.04	84.049
831.77	84.049
832.51	84.049
833.24	84.049
833.97	84.050
834.71	84.050
835.45	84.050
836.18	84.050
836.92	84.050
837.65	84.051
838.39	84.051
839.13	84.051
839.86	84.051
840.60	84.052
841.34	84.052
842.08	84.052
842.82	84.052
843.55	84.052
844.29	84.053
845.03	84.053
845.77	84.053
846.51	84.053
847.25	84.053
848.00	84.054
848.74	84.054
849.48	84.054
850.22	84.054
850.96	84.054
851.71	84.055
852.45	84.055
853.19	84.055
853.94	84.055
854.68	84.055
855.42	84.056
856.17	84.056
856.91	84.056
857.66	84.056
858.40	84.056
859.15	84.057
859.90	84.057
860.64	84.057
861.39	84.057
862.14	84.058
862.89	84.058
863.63	84.058
864.38	84.058
865.13	84.058
865.88	84.059
866.63	84.059
867.38	84.059
868.13	84.059
868.88	84.059
869.63	84.060
870.38	84.060
871.13	84.060
871.89	84.060
872.64	84.060
873.39	84.061
874.14	84.061
874.90	84.061
875.65	84.061
876.41	84.061
877.16	84.062
877.91	84.062
878.67	84.062
879.42	84.062
880.18	84.063
880.94	84.063
881.69	84.063
882.45	84.063
883.21	84.063
883.96	84.064
884.72	84.064
885.48	84.064
886.24	84.064
887.00	84.064
887.76	84.065
888.52	84.065
889.28	84.065
890.04	84.065
890.80	84.065
891.56	84.066
892.32	84.066
893.08	84.066
893.84	84.066
894.61	84.066
895.37	84.067
896.13	84.067
896.89	84.067
897.66	84.067
898.42	84.067
899.19	84.068
899.95	84.068
900.72	84.068
901.48	84.068
902.25	84.069
903.01	84.069
903.78	84.069
904.55	84.069
905.32	84.069
906.08	84.070
906.85	84.070
907.62	84.070
908.39	84.070
909.16	84.070
909.93	84.071
910.70	84.071
911.47	84.071
912.24	84.071
913.01	84.071
913.78	84.072
914.55	84.072
915.32	84.072
916.09	84.072
916.87	84.072
917.64	84.073
918.41	84.073
919.19	84.073
919.96	84.073
920.73	84.073
921.51	84.074
922.28	84.074
923.06	84.074
923.84	84.074
924.61	84.074
925.39	84.075
926.16	84.075
926.94	84.075
927.72	84.075
928.50	84.075
929.28	84.076
930.05	84.076
930.83	84.076
931.61	84.076
932.39	84.077
933.17	84.077
933.95	84.077
934.73	84.077
935.51	84.077
936.30	84.078
937.08	84.078
937.86	84.078
938.64	84.078
939.43	84.078
940.21	84.079
940.99	84.079
941.78	84.079
942.56	84.079
943.34	84.079
944.13	84.080
944.92	84.080
945.70	84.080
946.49	84.080
947.27	84.080
948.06	84.081
948.85	84.081
949.64	84.081
950.42	84.081
951.21	84.081
952.00	84.082
952.79	84.082
953.58	84.082
954.37	84.082
955.16	84.082
955.95	84.083
956.74	84.083
957.53	84.083
958.32	84.083
959.12	84.083
959.91	84.084
960.70	84.084
961.49	84.084
962.29	84.084
963.08	84.084
963.87	84.085
964.67	84.085
965.46	84.085
966.26	84.085
967.05	84.085
967.85	84.086
968.65	84.086
969.44	84.086
970.24	84.086
971.04	84.086
971.84	84.087
972.63	84.087
973.43	84.087
974.23	84.087
975.03	84.088
975.83	84.088
976.63	84.088
977.43	84.088
978.23	84.088
979.03	84.089
979.83	84.089
980.64	84.089
981.44	84.089
982.24	84.089
983.04	84.090
983.85	84.090
984.65	84.090
985.45	84.090
986.26	84.090
987.06	84.091
987.87	84.091
988.67	84.091
989.48	84.091
990.29	84.091
991.09	84.092
991.90	84.092
992.71	84.092
993.52	84.092
994.32	84.092
995.13	84.093
995.94	84.093
996.75	84.093
997.56	84.093
998.37	84.093
999.18	84.094
999.99	84.094
1000.80	84.094
1001.61	84.094
1002.43	84.094
1003.24	84.095
1004.05	84.095
1004.86	84.095
1005.68	84.095
1006.49	84.095
1007.31	84.096
1008.12	84.096
1008.94	84.096
1009.75	84.096
1010.57	84.096
1011.38	84.097
1012.20	84.097
1013.02	84.097
1013.83	84.097
1014.65	84.097
1015.47	84.098
1016.29	84.098
1017.10	84.098
1017.92	84.098
1018.74	84.098
1019.56	84.099
1020.38	84.099
1021.20	84.099
1022.02	84.099
1022.85	84.099
1023.67	84.100
1024.49	84.100
1025.31	84.100
1026.13	84.100
1026.96	84.100
1027.78	84.101
1028.61	84.101
1029.43	84.101
1030.25	84.101
1031.08	84.101
1031.91	84.102
1032.73	84.102
1033.56	84.102
1034.38	84.102
1035.21	84.102
1036.04	84.103
1036.87	84.103
1037.69	84.103
1038.52	84.103
1039.35	84.103
1040.18	84.104
1041.01	84.104
1041.84	84.104
1042.67	84.104
1043.50	84.104
1044.33	84.105
1045.16	84.105
1046.00	84.105
1046.83	84.105
1047.66	84.105
1048.49	84.106
1049.33	84.106
1050.16	84.106
1051.00	84.106
1051.83	84.106
1052.67	84.107
1053.50	84.107
1054.34	84.107
1055.17	84.107
1056.01	84.107
1056.85	84.108
1057.68	84.108
1058.52	84.108
1059.36	84.108
1060.20	84.108
1061.04	84.109
1061.88	84.109
1062.72	84.109
1063.56	84.109
1064.40	84.109
1065.24	84.110
1066.08	84.110
1066.92	84.110
1067.76	84.110
1068.60	84.110
1069.45	84.111
1070.29	84.111
1071.13	84.111
1071.98	84.111
1072.82	84.111
1073.67	84.112
1074.51	84.112
1075.36	84.112
1076.20	84.112
1077.05	84.112
1077.89	84.113
1078.74	84.113
1079.59	84.113
1080.44	84.113
1081.29	84.113
1082.13	84.113
1082.98	84.114
1083.83	84.114
1084.68	84.114
1085.53	84.114
1086.38	84.114
1087.23	84.115
1088.08	84.115
1088.94	84.115
1089.79	84.115
1090.64	84.115
1091.49	84.116
1092.35	84.116
1093.20	84.116
1094.05	84.116
1094.91	84.116
1095.76	84.117
1096.62	84.117
1097.47	84.117
1098.33	84.117
1099.19	84.117
1100.04	84.118
1100.90	84.118
1101.76	84.118
1102.62	84.118
1103.47	84.118
1104.33	84.119
1105.19	84.119
1106.05	84.119
1106.91	84.119
1107.77	84.119
1108.63	84.120
1109.49	84.120
1110.35	84.120
1111.22	84.120
1112.08	84.120
1112.94	84.121
1113.80	84.121
1114.67	84.121
1115.53	84.121
1116.40	84.121
1117.26	84.122
1118.12	84.122
1118.99	84.122
1119.86	84.122
1120.72	84.122
1121.59	84.123
1122.46	84.123
1123.32	84.123
1124.19	84.123
1125.06	84.123
1125.93	84.124
1126.80	84.124
1127.67	84.124
1128.54	84.124
1129.41	84.124
1130.28	84.124
1131.15	84.125
1132.02	84.125
1132.89	84.125
1133.76	84.125
1134.64	84.125
1135.51	84.126
1136.38	84.126
1137.26	84.126
1138.13	84.126
1139.00	84.126
1139.88	84.127
1140.75	84.127
1141.63	84.127
1142.51	84.127
1143.38	84.127
1144.26	84.128
1145.14	84.128
1146.02	84.128
1146.89	84.128
1147.77	84.128
1148.65	84.129
1149.53	84.129
1150.41	84.129
1151.29	84.129
1152.17	84.129
1153.05	84.130
1153.93	84.130
1154.82	84.130
1155.70	84.130
1156.58	84.130
1157.46	84.130
1158.35	84.131
1159.23	84.131
1160.12	84.131
1161.00	84.131
1161.88	84.131
1162.77	84.132
1163.66	84.132
1164.54	84.132
1165.43	84.132
1166.32	84.132
1167.20	84.133
1168.09	84.133
1168.98	84.133
1169.87	84.133
1170.76	84.133
1171.65	84.134
1172.54	84.134
1173.43	84.134
1174.32	84.134
1175.21	84.134
1176.10	84.135
1176.99	84.135
1177.89	84.135
1178.78	84.135
1179.67	84.135
1180.57	84.136
1181.46	84.136
1182.35	84.136
1183.25	84.136
1184.14	84.136
1185.04	84.136
1185.94	84.137
1186.83	84.137
1187.73	84.137
1188.63	84.137
1189.52	84.137
1190.42	84.138
1191.32	84.138
1192.22	84.138
1193.12	84.138
1194.02	84.138
1194.92	84.139
1195.82	84.139
1196.72	84.139
1197.62	84.139
1198.52	84.139
1199.43	84.140
1200.33	84.140
1201.23	84.140
1202.14	84.140
1203.04	84.140
1203.94	84.140
1204.85	84.141
1205.75	84.141
1206.66	84.141
1207.57	84.141
1208.47	84.141
1209.38	84.142
1210.29	84.142
1211.20	84.142
1212.10	84.142
1213.01	84.142
1213.92	84.143
1214.83	84.143
1215.74	84.143
1216.65	84.143
1217.56	84.143
1218.47	84.143
1219.38	84.144
1220.30	84.144
1221.21	84.144
1222.12	84.144
1223.03	84.144
1223.95	84.145
1224.86	84.145
1225.78	84.145
1226.69	84.145
1227.61	84.145
1228.52	84.146
1229.44	84.146
1230.36	84.146
1231.27	84.146
1232.19	84.146
1233.11	84.146
1234.03	84.147
1234.95	84.147
1235.86	84.147
1236.78	84.147
1237.70	84.147
1238.62	84.148
1239.55	84.148
1240.47	84.148
1241.39	84.148
1242.31	84.148
1243.23	84.149
1244.16	84.149
1245.08	84.149
1246.00	84.149
1246.93	84.149
1247.85	84.149
1248.78	84.150
1249.70	84.150
1250.63	84.150
1251.56	84.150
1252.48	84.150
1253.41	84.151
1254.34	84.151
1255.27	84.151
1256.20	84.151
1257.12	84.151
1258.05	84.152
1258.98	84.152
1259.91	84.152
1260.85	84.152
1261.78	84.152
1262.71	84.152
1263.64	84.153
1264.57	84.153
1265.51	84.153
1266.44	84.153
1267.37	84.153
1268.31	84.154
1269.24	84.154
1270.18	84.154
1271.11	84.154
1272.05	84.154
1272.99	84.154
1273.92	84.155
1274.86	84.155
1275.80	84.155
1276.74	84.155
1277.68	84.155
1278.61	84.156
1279.55	84.156
1280.49	84.156
1281.43	84.156
1282.38	84.156
1283.32	84.157
1284.26	84.157
1285.20	84.157
1286.14	84.157
1287.09	84.157
1288.03	84.157
1288.97	84.158
1289.92	84.158
1290.86	84.158
1291.81	84.158
1292.75	84.158
1293.70	84.159
1294.65	84.159
1295.59	84.159
1296.54	84.159
1297.49	84.159
1298.44	84.159
1299.39	84.160
1300.34	84.160
1301.29	84.160
1302.24	84.160
1303.19	84.160
1304.14	84.161
1305.09	84.161
1306.04	84.161
1306.99	84.161
1307.95	84.161
1308.90	84.161
1309.85	84.162
1310.81	84.162
1311.76	84.162
1312.72	84.162
1313.67	84.162
1314.63	84.163
1315.59	84.163
1316.54	84.163
1317.50	84.163
1318.46	84.163
1319.42	84.163
1320.38	84.164
1321.34	84.164
1322.29	84.164
1323.25	84.164
1324.22	84.164
1325.18	84.165
1326.14	84.165
1327.10	84.165
1328.06	84.165
1329.02	84.165
1329.99	84.165
1330.95	84.166
1331.92	84.166
1332.88	84.166
1333.85	84.166
1334.81	84.166
1335.78	84.167
1336.74	84.167
1337.71	84.167
1338.68	84.167
1339.65	84.167
1340.61	84.167
1341.58	84.168
1342.55	84.168
1343.52	84.168
1344.49	84.168
1345.46	84.168
1346.43	84.169
1347.41	84.169
1348.38	84.169
1349.35	84.169
1350.32	84.169
1351.30	84.169
1352.27	84.170
1353.24	84.170
1354.22	84.170
1355.19	84.170
1356.17	84.170
1357.15	84.170
1358.12	84.171
1359.10	84.171
1360.08	84.171
1361.06	84.171
1362.03	84.171
1363.01	84.172
1363.99	84.172
1364.97	84.172
1365.95	84.172
1366.93	84.172
1367.91	84.172
1368.90	84.173
1369.88	84.173
1370.86	84.173
1371.84	84.173
1372.83	84.173
1373.81	84.174
1374.80	84.174
1375.78	84.174
1376.77	84.174
1377.75	84.174
1378.74	84.174
1379.73	84.175
1380.71	84.175
1381.70	84.175
1382.69	84.175
1383.68	84.175
1384.67	84.175
1385.66	84.176
1386.65	84.176
1387.64	84.176
1388.63	84.176
1389.62	84.176
1390.61	84.177
1391.60	84.177
1392.60	84.177
1393.59	84.177
1394.58	84.177
1395.58	84.177
1396.57	84.178
1397.57	84.178
1398.57	84.178
1399.56	84.178
1400.56	84.178
1401.56	84.178
1402.55	84.179
1403.55	84.179
1404.55	84.179
1405.55	84.179
1406.55	84.179
1407.55	84.180
1408.55	84.180
1409.55	84.180
1410.55	84.180
1411.55	84.180
1412.56	84.180
1413.56	84.181
1414.56	84.181
1415.57	84.181
1416.57	84.181
1417.58	84.181
1418.58	84.181
1419.59	84.182
1420.59	84.182
1421.60	84.182
1422.61	84.182
1423.62	84.182
1424.62	84.183
1425.63	84.183
1426.64	84.183
1427.65	84.183
1428.66	84.183
1429.67	84.183
1430.68	84.184
1431.70	84.184
1432.71	84.184
1433.72	84.184
1434.73	84.184
1435.75	84.184
1436.76	84.185
1437.78	84.185
1438.79	84.185
1439.81	84.185
1440.82	84.185
1441.84	84.185
1442.86	84.186
1443.87	84.186
1444.89	84.186
1445.91	84.186
1446.93	84.186
1447.95	84.187
1448.97	84.187
1449.99	84.187
1451.01	84.187
1452.03	84.187
1453.05	84.187
1454.08	84.188
1455.10	84.188
1456.12	84.188
1457.15	84.188
1458.17	84.188
1459.20	84.188
1460.22	84.189
1461.25	84.189
1462.27	84.189
1463.30	84.189
1464.33	84.189
1465.36	84.189
1466.39	84.190
1467.41	84.190
1468.44	84.190
1469.47	84.190
1470.50	84.190
1471.53	84.190
1472.57	84.191
1473.60	84.191
1474.63	84.191
1475.66	84.191
1476.70	84.191
1477.73	84.192
1478.76	84.192
1479.80	84.192
1480.83	84.192
1481.87	84.192
1482.91	84.192
1483.94	84.193
1484.98	84.193
1486.02	84.193
1487.06	84.193
1488.10	84.193
1489.14	84.193
1490.18	84.194
1491.22	84.194
1492.26	84.194
1493.30	84.194
1494.34	84.194
1495.38	84.194
1496.42	84.195
1497.47	84.195
1498.51	84.195
1499.56	84.195
1500.60	84.195
1501.65	84.195
1502.69	84.196
1503.74	84.196
1504.79	84.196
1505.83	84.196
1506.88	84.196
1507.93	84.196
1508.98	84.197
1510.03	84.197
1511.08	84.197
1512.13	84.197
1513.18	84.197
1514.23	84.197
1515.28	84.198
1516.34	84.198
1517.39	84.198
1518.44	84.198
1519.50	84.198
1520.55	84.199
1521.61	84.199
1522.66	84.199
1523.72	84.199
1524.77	84.199
1525.83	84.199
1526.89	84.200
1527.95	84.200
1529.01	84.200
1530.06	84.200
1531.12	84.200
1532.18	84.200
1533.25	84.201
1534.31	84.201
1535.37	84.201
1536.43	84.201
1537.49	84.201
1538.56	84.201
1539.62	84.202
1540.68	84.202
1541.75	84.202
1542.81	84.202
1543.88	84.202
1544.95	84.202
1546.01	84.203
1547.08	84.203
1548.15	84.203
1549.22	84.203
1550.29	84.203
1551.36	84.203
1552.43	84.204
1553.50	84.204
1554.57	84.204
1555.64	84.204
1556.71	84.204
1557.78	84.204
1558.86	84.205
1559.93	84.205
1561.00	84.205
1562.08	84.205
1563.15	84.205
1564.23	84.205
1565.31	84.206
1566.38	84.206
1567.46	84.206
1568.54	84.206
1569.62	84.206
1570.70	84.206
1571.77	84.207
1572.85	84.207
1573.94	84.207
1575.02	84.207
1576.10	84.207
1577.18	84.207
1578.26	84.208
1579.35	84.208
1580.43	84.208
1581.51	84.208
1582.60	84.208
1583.68	84.208
1584.77	84.209
1585.86	84.209
1586.94	84.209
1588.03	84.209
1589.12	84.209
1590.21	84.209
1591.29	84.210
1592.38	84.210
1593.47	84.210
1594.56	84.210
1595.66	84.210
1596.75	84.210
1597.84	84.211
1598.93	84.211
1600.03	84.211
1601.12	84.211
1602.21	84.211
1603.31	84.211
1604.40	84.212
1605.50	84.212
1606.60	84.212
1607.69	84.212
1608.79	84.212
1609.89	84.212
1610.99	84.213
1612.09	84.213
1613.18	84.213
1614.29	84.213
1615.39	84.213
1616.49	84.213
1617.59	84.214
1618.69	84.214
1619.79	84.214
1620.90	84.214
1622.00	84.214
1623.11	84.214
1624.21	84.215
1625.32	84.215
1626.42	84.215
1627.53	84.215
1628.64	84.215
1629.74	84.215
1630.85	84.216
1631.96	84.216
1633.07	84.216
1634.18	84.216
1635.29	84.216
