x(m)	theta_c(grad)
0.00	85.000
0.01	84.951
0.02	84.903
0.03	84.857
0.04	84.811
0.05	84.766
0.06	84.723
0.07	84.680
0.08	84.638
0.09	84.597
0.11	84.557
0.12	84.517
0.13	84.478
0.14	84.440
0.16	84.403
0.17	84.366
0.19	84.330
0.20	84.294
0.22	84.259
0.24	84.225
0.25	84.191
0.27	84.157
0.29	84.124
0.31	84.092
0.32	84.060
0.34	84.028
0.36	83.997
0.38	83.966
0.40	83.936
0.42	83.906
0.45	83.876
0.47	83.847
0.49	83.818
0.51	83.789
0.54	83.761
0.56	83.733
0.58	83.706
0.61	83.678
0.63	83.651
0.66	83.625
0.69	83.598
0.71	83.572
0.74	83.546
0.77	83.521
0.80	83.495
0.82	83.470
0.85	83.446
0.88	83.421
0.91	83.397
0.94	83.373
0.98	83.349
1.01	83.325
1.04	83.302
1.07	83.278
1.11	83.255
1.14	83.233
1.18	83.210
1.21	83.188
1.25	83.165
1.28	83.143
1.32	83.121
1.36	83.100
1.39	83.078
1.43	83.057
1.47	83.036
1.51	83.015
1.55	82.994
1.59	82.973
1.63	82.953
1.67	82.932
1.71	82.912
1.76	82.892
1.80	82.872
1.84	82.852
1.89	82.833
1.93	82.813
1.98	82.794
2.03	82.775
2.07	82.756
2.12	82.737
2.17	82.718
2.22	82.699
2.26	82.681
2.31	82.662
2.36	82.644
2.41	82.626
2.47	82.608
2.52	82.590
2.57	82.572
2.62	82.554
2.68	82.537
2.73	82.519
2.78	82.502
2.84	82.484
2.90	82.467
2.95	82.450
3.01	82.433
3.07	82.416
3.13	82.399
3.18	82.383
3.24	82.366
3.30	82.349
3.36	82.333
3.43	82.317
3.49	82.300
3.55	82.284
3.61	82.268
3.68	82.252
3.74	82.236
3.81	82.221
3.87	82.205
3.94	82.189
4.00	82.174
4.07	82.158
4.14	82.143
4.21	82.128
4.28	82.112
4.35	82.097
4.42	82.082
4.49	82.067
4.56	82.052
4.63	82.037
4.71	82.023
4.78	82.008
4.85	81.993
4.93	81.979
5.00	81.964
5.08	81.950
5.16	81.935
5.23	81.921
5.31	81.907
5.39	81.893
5.47	81.879
5.55	81.865
5.63	81.851
5.71	81.837
5.79	81.823
5.88	81.809
5.96	81.796
6.04	81.782
6.13	81.768
6.21	81.755
6.30	81.741
6.39	81.728
6.47	81.715
6.56	81.701
6.65	81.688
6.74	81.675
6.83	81.662
6.92	81.649
7.01	81.636
7.10	81.623
7.19	81.610
7.29	81.597
7.38	81.584
7.47	81.571
7.57	81.559
7.67	81.546
7.76	81.533
7.86	81.521
7.96	81.508
8.06	81.496
8.15	81.484
8.25	81.471
8.35	81.459
8.46	81.447
8.56	81.434
8.66	81.422
8.76	81.410
8.87	81.398
8.97	81.386
9.08	81.374
9.18	81.362
9.29	81.350
9.40	81.338
9.50	81.327
9.61	81.315
9.72	81.303
9.83	81.291
9.94	81.280
10.05	81.268
10.17	81.257
10.28	81.245
10.39	81.234
10.51	81.222
10.62	81.211
10.74	81.200
10.85	81.188
10.97	81.177
11.09	81.166
11.21	81.155
11.33	81.143
11.45	81.132
11.57	81.121
11.69	81.110
11.81	81.099
11.93	81.088
12.06	81.077
12.18	81.066
12.30	81.055
12.43	81.045
12.56	81.034
12.68	81.023
12.81	81.012
12.94	81.002
13.07	80.991
13.20	80.980
13.33	80.970
13.46	80.959
13.59	80.949
13.72	80.938
13.86	80.928
13.99	80.917
14.13	80.907
14.26	80.897
14.40	80.886
14.54	80.876
14.67	80.866
14.81	80.856
14.95	80.845
15.09	80.835
15.23	80.825
15.37	80.815
15.52	80.805
15.66	80.795
15.80	80.785
15.95	80.775
16.09	80.765
16.24	80.755
16.38	80.745
16.53	80.735
16.68	80.725
16.83	80.716
16.98	80.706
17.13	80.696
17.28	80.686
17.43	80.677
17.58	80.667
17.74	80.657
17.89	80.648
18.04	80.638
18.20	80.629
18.36	80.619
18.51	80.610
18.67	80.600
18.83	80.591
18.99	80.581
19.15	80.572
19.31	80.562
19.47	80.553
19.63	80.544
19.80	80.534
19.96	80.525
20.13	80.516
20.29	80.507
20.46	80.498
20.62	80.488
20.79	80.479
20.96	80.470
21.13	80.461
21.30	80.452
21.47	80.443
21.64	80.434
21.81	80.425
21.99	80.416
22.16	80.407
22.33	80.398
22.51	80.389
22.69	80.380
22.86	80.371
23.04	80.362
23.22	80.353
23.40	80.345
23.58	80.336
23.76	80.327
23.94	80.318
24.12	80.310
24.30	80.301
24.49	80.292
24.67	80.284
24.86	80.275
25.04	80.266
25.23	80.258
25.42	80.249
25.61	80.241
25.80	80.232
25.99	80.224
26.18	80.215
26.37	80.207
26.56	80.198
26.75	80.190
26.95	80.181
27.14	80.173
27.34	80.165
27.54	80.156
27.73	80.148
27.93	80.140
28.13	80.131
28.33	80.123
28.53	80.115
28.73	80.107
28.93	80.098
29.13	80.090
29.34	80.082
29.54	80.074
29.75	80.066
29.95	80.058
30.16	80.050
30.37	80.041
30.58	80.033
30.79	80.025
31.00	80.017
31.21	80.009
31.42	80.001
31.63	79.993
31.84	79.985
32.06	79.977
32.27	79.969
32.49	79.962
32.70	79.954
32.92	79.946
33.14	79.938
33.36	79.930
33.58	79.922
33.80	79.914
34.02	79.907
34.24	79.899
34.46	79.891
34.69	79.883
34.91	79.876
35.14	79.868
35.36	79.860
35.59	79.853
35.82	79.845
36.05	79.837
36.28	79.830
36.51	79.822
36.74	79.815
36.97	79.807
37.20	79.799
37.44	79.792
37.67	79.784
37.91	79.777
38.14	79.769
38.38	79.762
38.62	79.754
38.86	79.747
39.09	79.739
39.33	79.732
39.58	79.725
39.82	79.717
40.06	79.710
40.30	79.703
40.55	79.695
40.79	79.688
41.04	79.681
41.29	79.673
41.53	79.666
41.78	79.659
42.03	79.651
42.28	79.644
42.53	79.637
42.78	79.630
43.04	79.622
43.29	79.615
43.55	79.608
43.80	79.601
44.06	79.594
44.31	79.587
44.57	79.580
44.83	79.572
45.09	79.565
45.35	79.558
45.61	79.551
45.87	79.544
46.14	79.537
46.40	79.530
46.66	79.523
46.93	79.516
47.20	79.509
47.46	79.502
47.73	79.495
48.00	79.488
48.27	79.481
48.54	79.474
48.81	79.467
49.08	79.461
49.36	79.454
49.63	79.447
49.90	79.440
50.18	79.433
50.46	79.426
50.73	79.419
51.01	79.413
51.29	79.406
51.57	79.399
51.85	79.392
52.13	79.386
52.42	79.379
52.70	79.372
52.98	79.365
53.27	79.359
53.55	79.352
53.84	79.345
54.13	79.339
54.42	79.332
54.71	79.325
55.00	79.319
55.29	79.312
55.58	79.305
55.87	79.299
56.17	79.292
56.46	79.286
56.76	79.279
57.05	79.272
57.35	79.266
57.65	79.259
57.95	79.253
58.25	79.246
58.55	79.240
58.85	79.233
59.15	79.227
59.46	79.220
59.76	79.214
60.07	79.207
60.37	79.201
60.68	79.195
60.99	79.188
61.30	79.182
61.60	79.175
61.92	79.169
62.23	79.163
62.54	79.156
62.85	79.150
63.17	79.144
63.48	79.137
63.80	79.131
64.11	79.125
64.43	79.118
64.75	79.112
65.07	79.106
65.39	79.099
65.71	79.093
66.03	79.087
66.35	79.081
66.68	79.074
67.00	79.068
67.33	79.062
67.65	79.056
67.98	79.050
68.31	79.043
68.64	79.037
68.97	79.031
69.30	79.025
69.63	79.019
69.96	79.013
70.30	79.007
70.63	79.001
70.97	78.994
71.30	78.988
71.64	78.982
71.98	78.976
72.32	78.970
72.66	78.964
73.00	78.958
73.34	78.952
73.68	78.946
74.03	78.940
74.37	78.934
74.71	78.928
75.06	78.922
75.41	78.916
75.76	78.910
76.10	78.904
76.45	78.898
76.81	78.892
77.16	78.886
77.51	78.880
77.86	78.874
78.22	78.868
78.57	78.863
78.93	78.857
79.29	78.851
79.64	78.845
80.00	78.839
80.36	78.833
80.72	78.827
81.08	78.822
81.45	78.816
81.81	78.810
82.17	78.804
82.54	78.798
82.91	78.793
83.27	78.787
83.64	78.781
84.01	78.775
84.38	78.769
84.75	78.764
85.12	78.758
85.49	78.752
85.87	78.747
86.24	78.741
86.62	78.735
86.99	78.729
87.37	78.724
87.75	78.718
88.13	78.712
88.51	78.707
88.89	78.701
89.27	78.695
89.65	78.690
90.04	78.684
90.42	78.679
90.81	78.673
91.19	78.667
91.58	78.662
91.97	78.656
92.36	78.651
92.75	78.645
93.14	78.639
93.53	78.634
93.92	78.628
94.32	78.623
94.71	78.617
95.11	78.612
95.51	78.606
95.90	78.601
96.30	78.595
96.70	78.590
97.10	78.584
97.50	78.579
97.90	78.573
98.31	78.568
98.71	78.562
99.12	78.557
99.52	78.551
99.93	78.546
100.34	78.540
100.75	78.535
101.16	78.530
101.57	78.524
101.98	78.519
102.39	78.513
102.80	78.508
103.22	78.503
103.63	78.497
104.05	78.492
104.47	78.486
104.89	78.481
105.30	78.476
105.72	78.470
106.15	78.465
106.57	78.460
106.99	78.454
107.41	78.449
107.84	78.444
108.26	78.439
108.69	78.433
109.12	78.428
109.55	78.423
109.98	78.417
110.41	78.412
110.84	78.407
111.27	78.402
111.70	78.396
112.14	78.391
112.57	78.386
113.01	78.381
113.44	78.376
113.88	78.370
114.32	78.365
114.76	78.360
115.20	78.355
115.64	78.350
116.09	78.344
116.53	78.339
116.97	78.334
117.42	78.329
117.87	78.324
118.31	78.319
118.76	78.313
119.21	78.308
119.66	78.303
120.11	78.298
120.56	78.293
121.02	78.288
121.47	78.283
121.93	78.278
122.38	78.273
122.84	78.268
123.30	78.262
123.76	78.257
124.22	78.252
124.68	78.247
125.14	78.242
125.60	78.237
126.06	78.232
126.53	78.227
126.99	78.222
127.46	78.217
127.93	78.212
128.40	78.207
128.86	78.202
129.33	78.197
129.81	78.192
130.28	78.187
130.75	78.182
131.22	78.177
131.70	78.172
132.18	78.167
132.65	78.162
133.13	78.157
133.61	78.152
134.09	78.147
134.57	78.142
135.05	78.138
135.53	78.133
136.02	78.128
136.50	78.123
136.99	78.118
137.47	78.113
137.96	78.108
138.45	78.103
138.94	78.098
139.43	78.094
139.92	78.089
140.41	78.084
140.91	78.079
141.40	78.074
141.90	78.069
142.39	78.064
142.89	78.060
143.39	78.055
143.89	78.050
144.39	78.045
144.89	78.040
145.39	78.035
145.89	78.031
146.39	78.026
146.90	78.021
147.40	78.016
147.91	78.012
148.42	78.007
148.93	78.002
149.44	77.997
149.95	77.992
150.46	77.988
150.97	77.983
151.48	77.978
152.00	77.973
152.51	77.969
153.03	77.964
153.55	77.959
154.07	77.955
154.59	77.950
155.11	77.945
155.63	77.940
156.15	77.936
156.67	77.931
157.20	77.926
157.72	77.922
158.25	77.917
158.77	77.912
159.30	77.908
159.83	77.903
160.36	77.898
160.89	77.894
161.42	77.889
161.96	77.884
162.49	77.880
163.02	77.875
163.56	77.871
164.10	77.866
164.63	77.861
165.17	77.857
165.71	77.852
166.25	77.847
166.79	77.843
167.34	77.838
167.88	77.834
168.42	77.829
168.97	77.825
169.52	77.820
170.06	77.815
170.61	77.811
171.16	77.806
171.71	77.802
172.26	77.797
172.81	77.793
173.37	77.788
173.92	77.784
174.48	77.779
175.03	77.774
175.59	77.770
176.15	77.765
176.71	77.761
177.27	77.756
177.83	77.752
178.39	77.747
178.95	77.743
179.52	77.738
180.08	77.734
180.65	77.729
181.21	77.725
181.78	77.720
182.35	77.716
182.92	77.712
183.49	77.707
184.06	77.703
184.63	77.698
185.21	77.694
185.78	77.689
186.36	77.685
186.93	77.680
187.51	77.676
188.09	77.672
188.67	77.667
189.25	77.663
189.83	77.658
190.41	77.654
191.00	77.650
191.58	77.645
192.17	77.641
192.75	77.636
193.34	77.632
193.93	77.628
194.52	77.623
195.11	77.619
195.70	77.614
196.29	77.610
196.88	77.606
197.48	77.601
198.07	77.597
198.67	77.593
199.26	77.588
199.86	77.584
200.46	77.580
201.06	77.575
201.66	77.571
202.26	77.567
202.87	77.562
203.47	77.558
204.07	77.554
204.68	77.549
205.29	77.545
205.89	77.541
206.50	77.537
207.11	77.532
207.72	77.528
208.33	77.524
208.95	77.519
209.56	77.515
210.17	77.511
210.79	77.507
211.41	77.502
212.02	77.498
212.64	77.494
213.26	77.490
213.88	77.485
214.50	77.481
215.12	77.477
215.75	77.473
216.37	77.468
217.00	77.464
217.62	77.460
218.25	77.456
218.88	77.451
219.51	77.447
220.14	77.443
220.77	77.439
221.40	77.435
222.03	77.430
222.67	77.426
223.30	77.422
223.94	77.418
224.57	77.414
225.21	77.409
225.85	77.405
226.49	77.401
227.13	77.397
227.77	77.393
228.41	77.389
229.06	77.384
229.70	77.380
230.35	77.376
230.99	77.372
231.64	77.368
232.29	77.364
232.94	77.360
233.59	77.355
234.24	77.351
234.89	77.347
235.55	77.343
236.20	77.339
236.86	77.335
237.51	77.331
238.17	77.327
238.83	77.322
239.49	77.318
240.15	77.314
240.81	77.310
241.47	77.306
242.13	77.302
242.79	77.298
243.46	77.294
244.12	77.290
244.79	77.286
245.46	77.282
246.13	77.277
246.80	77.273
247.47	77.269
248.14	77.265
248.81	77.261
249.49	77.257
250.16	77.253
250.83	77.249
251.51	77.245
252.19	77.241
252.87	77.237
253.55	77.233
254.23	77.229
254.91	77.225
255.59	77.221
256.27	77.217
256.96	77.213
257.64	77.209
258.33	77.205
259.01	77.201
259.70	77.197
260.39	77.193
261.08	77.189
261.77	77.185
262.46	77.181
263.16	77.177
263.85	77.173
264.54	77.169
265.24	77.165
265.94	77.161
266.63	77.157
267.33	77.153
268.03	77.149
268.73	77.145
269.43	77.141
270.13	77.137
270.84	77.133
271.54	77.129
272.25	77.125
272.95	77.121
273.66	77.117
274.37	77.113
275.08	77.109
275.79	77.105
276.50	77.101
277.21	77.097
277.92	77.094
278.63	77.090
279.35	77.086
280.06	77.082
280.78	77.078
281.50	77.074
282.22	77.070
282.94	77.066
283.66	77.062
284.38	77.058
285.10	77.054
285.82	77.051
286.55	77.047
287.27	77.043
288.00	77.039
288.72	77.035
289.45	77.031
290.18	77.027
290.91	77.023
291.64	77.019
292.37	77.016
293.11	77.012
293.84	77.008
294.57	77.004
295.31	77.000
296.05	76.996
296.78	76.992
297.52	76.989
298.26	76.985
299.00	76.981
299.74	76.977
300.48	76.973
301.23	76.969
301.97	76.965
302.72	76.962
303.46	76.958
304.21	76.954
304.96	76.950
305.71	76.946
306.46	76.942
307.21	76.939
307.96	76.935
308.71	76.931
309.46	76.927
310.22	76.923
310.97	76.920
311.73	76.916
312.49	76.912
313.24	76.908
314.00	76.904
314.76	76.901
315.52	76.897
316.29	76.893
317.05	76.889
317.81	76.885
318.58	76.882
319.34	76.878
320.11	76.874
320.88	76.870
321.64	76.867
322.41	76.863
323.18	76.859
323.96	76.855
324.73	76.852
325.50	76.848
326.27	76.844
327.05	76.840
327.83	76.837
328.60	76.833
329.38	76.829
330.16	76.825
330.94	76.822
331.72	76.818
332.50	76.814
333.28	76.810
334.07	76.807
334.85	76.803
335.64	76.799
336.42	76.795
337.21	76.792
338.00	76.788
338.79	76.784
339.58	76.781
340.37	76.777
341.16	76.773
341.95	76.769
342.74	76.766
343.54	76.762
344.34	76.758
345.13	76.755
345.93	76.751
346.73	76.747
347.53	76.743
348.33	76.740
349.13	76.736
349.93	76.732
350.73	76.729
351.54	76.725
352.34	76.721
353.15	76.718
353.95	76.714
354.76	76.710
355.57	76.707
356.38	76.703
357.19	76.699
358.00	76.696
358.82	76.692
359.63	76.688
360.44	76.685
361.26	76.681
362.07	76.677
362.89	76.674
363.71	76.670
364.53	76.666
365.35	76.663
366.17	76.659
366.99	76.656
367.81	76.652
368.64	76.648
369.46	76.645
370.29	76.641
371.11	76.637
371.94	76.634
372.77	76.630
373.60	76.627
374.43	76.623
375.26	76.619
376.09	76.616
376.92	76.612
377.76	76.608
378.59	76.605
379.43	76.601
380.27	76.598
381.10	76.594
381.94	76.590
382.78	76.587
383.62	76.583
384.46	76.580
385.31	76.576
386.15	76.572
386.99	76.569
387.84	76.565
388.68	76.562
389.53	76.558
390.38	76.555
391.23	76.551
392.08	76.547
392.93	76.544
393.78	76.540
394.63	76.537
395.49	76.533
396.34	76.530
397.20	76.526
398.05	76.522
398.91	76.519
399.77	76.515
400.63	76.512
401.49	76.508
402.35	76.505
403.21	76.501
404.07	76.498
404.94	76.494
405.80	76.490
406.67	76.487
407.53	76.483
408.40	76.480
409.27	76.476
410.14	76.473
411.01	76.469
411.88	76.466
412.75	76.462
413.63	76.459
414.50	76.455
415.37	76.452
416.25	76.448
417.13	76.445
418.00	76.441
418.88	76.438
419.76	76.434
420.64	76.431
421.53	76.427
422.41	76.424
423.29	76.420
424.18	76.417
425.06	76.413
425.95	76.410
426.83	76.406
427.72	76.403
428.61	76.399
429.50	76.396
430.39	76.392
431.28	76.389
432.18	76.385
433.07	76.382
433.97	76.378
434.86	76.375
435.76	76.371
436.66	76.368
437.55	76.364
438.45	76.361
439.35	76.357
440.26	76.354
441.16	76.350
442.06	76.347
442.96	76.343
443.87	76.340
444.78	76.337
445.68	76.333
446.59	76.330
447.50	76.326
448.41	76.323
449.32	76.319
450.23	76.316
451.14	76.312
452.06	76.309
452.97	76.306
453.89	76.302
454.80	76.299
455.72	76.295
456.64	76.292
457.56	76.288
458.48	76.285
459.40	76.282
460.32	76.278
461.24	76.275
462.17	76.271
463.09	76.268
464.02	76.264
464.95	76.261
465.87	76.258
466.80	76.254
467.73	76.251
468.66	76.247
469.59	76.244
470.53	76.241
471.46	76.237
472.39	76.234
473.33	76.230
474.27	76.227
475.20	76.224
476.14	76.220
477.08	76.217
478.02	76.213
478.96	76.210
479.90	76.207
480.85	76.203
481.79	76.200
482.73	76.196
483.68	76.193
484.63	76.190
485.57	76.186
486.52	76.183
487.47	76.180
488.42	76.176
489.37	76.173
490.33	76.169
491.28	76.166
492.23	76.163
493.19	76.159
494.15	76.156
495.10	76.153
496.06	76.149
497.02	76.146
497.98	76.143
498.94	76.139
499.90	76.136
500.87	76.133
501.83	76.129
502.79	76.126
503.76	76.122
504.73	76.119
505.69	76.116
506.66	76.112
507.63	76.109
508.60	76.106
509.57	76.102
510.55	76.099
511.52	76.096
512.49	76.092
513.47	76.089
514.44	76.086
515.42	76.083
516.40	76.079
517.38	76.076
518.36	76.073
519.34	76.069
520.32	76.066
521.30	76.063
522.29	76.059
523.27	76.056
524.26	76.053
525.25	76.049
526.23	76.046
527.22	76.043
528.21	76.039
529.20	76.036
530.19	76.033
531.19	76.030
532.18	76.026
533.17	76.023
534.17	76.020
535.17	76.016
536.16	76.013
537.16	76.010
538.16	76.007
539.16	76.003
540.16	76.000
541.16	75.997
542.17	75.993
543.17	75.990
544.17	75.987
545.18	75.984
546.19	75.980
547.19	75.977
548.20	75.974
549.21	75.971
550.22	75.967
551.24	75.964
552.25	75.961
553.26	75.957
554.28	75.954
555.29	75.951
556.31	75.948
557.32	75.944
558.34	75.941
559.36	75.938
560.38	75.935
561.40	75.931
562.43	75.928
563.45	75.925
564.47	75.922
565.50	75.918
566.52	75.915
567.55	75.912
568.58	75.909
569.61	75.906
570.64	75.902
571.67	75.899
572.70	75.896
573.73	75.893
574.77	75.889
575.80	75.886
576.84	75.883
577.87	75.880
578.91	75.876
579.95	75.873
580.99	75.870
582.03	75.867
583.07	75.864
584.11	75.860
585.16	75.857
586.20	75.854
587.25	75.851
588.29	75.848
589.34	75.844
590.39	75.841
591.44	75.838
592.49	75.835
593.54	75.832
594.59	75.828
595.64	75.825
596.70	75.822
597.75	75.819
598.81	75.816
599.86	75.812
600.92	75.809
601.98	75.806
603.04	75.803
604.10	75.800
605.16	75.796
606.23	75.793
607.29	75.790
608.35	75.787
609.42	75.784
610.49	75.781
611.55	75.777
612.62	75.774
613.69	75.771
614.76	75.768
615.83	75.765
616.91	75.762
617.98	75.758
619.05	75.755
620.13	75.752
621.21	75.749
622.28	75.746
623.36	75.743
624.44	75.739
625.52	75.736
626.60	75.733
627.68	75.730
628.77	75.727
629.85	75.724
630.93	75.721
632.02	75.717
633.11	75.714
634.20	75.711
635.28	75.708
636.37	75.705
637.46	75.702
638.56	75.699
639.65	75.695
640.74	75.692
641.84	75.689
642.93	75.686
644.03	75.683
645.13	75.680
646.23	75.677
647.33	75.674
648.43	75.670
649.53	75.667
650.63	75.664
651.73	75.661
652.84	75.658
653.94	75.655
655.05	75.652
656.16	75.649
657.26	75.645
658.37	75.642
659.48	75.639
660.59	75.636
661.71	75.633
662.82	75.630
663.93	75.627
665.05	75.624
666.16	75.621
667.28	75.618
668.40	75.614
669.52	75.611
670.64	75.608
671.76	75.605
672.88	75.602
674.00	75.599
675.13	75.596
676.25	75.593
677.38	75.590
678.50	75.587
679.63	75.584
680.76	75.580
681.89	75.577
683.02	75.574
684.15	75.571
685.29	75.568
686.42	75.565
687.55	75.562
688.69	75.559
689.83	75.556
690.96	75.553
692.10	75.550
693.24	75.547
694.38	75.544
695.52	75.540
696.66	75.537
697.81	75.534
698.95	75.531
700.10	75.528
701.24	75.525
702.39	75.522
703.54	75.519
704.69	75.516
705.84	75.513
706.99	75.510
708.14	75.507
709.29	75.504
710.45	75.501
711.60	75.498
712.76	75.495
713.91	75.492
715.07	75.489
716.23	75.486
717.39	75.483
718.55	75.479
719.71	75.476
720.88	75.473
722.04	75.470
723.21	75.467
724.37	75.464
725.54	75.461
726.71	75.458
727.87	75.455
729.04	75.452
730.21	75.449
731.39	75.446
732.56	75.443
733.73	75.440
734.91	75.437
736.08	75.434
737.26	75.431
738.44	75.428
739.61	75.425
740.79	75.422
741.97	75.419
743.15	75.416
744.34	75.413
745.52	75.410
746.70	75.407
747.89	75.404
749.08	75.401
750.26	75.398
751.45	75.395
752.64	75.392
753.83	75.389
755.02	75.386
756.21	75.383
757.41	75.380
758.60	75.377
759.80	75.374
760.99	75.371
762.19	75.368
763.39	75.365
764.59	75.362
765.79	75.359
766.99	75.356
768.19	75.353
769.39	75.350
770.60	75.347
771.80	75.344
773.01	75.341
774.21	75.338
775.42	75.335
776.63	75.332
777.84	75.329
779.05	75.326
780.26	75.323
781.48	75.320
782.69	75.317
783.90	75.314
785.12	75.311
786.34	75.308
787.55	75.305
788.77	75.302
789.99	75.300
791.21	75.297
792.44	75.294
793.66	75.291
794.88	75.288
796.11	75.285
797.33	75.282
798.56	75.279
799.79	75.276
801.02	75.273
802.24	75.270
803.48	75.267
804.71	75.264
805.94	75.261
807.17	75.258
808.41	75.255
809.64	75.252
810.88	75.249
812.12	75.246
813.36	75.243
814.60	75.241
815.84	75.238
817.08	75.235
818.32	75.232
819.56	75.229
820.81	75.226
822.05	75.223
823.30	75.220
824.55	75.217
825.80	75.214
827.04	75.211
828.29	75.208
829.55	75.205
830.80	75.202
832.05	75.200
833.31	75.197
834.56	75.194
835.82	75.191
837.08	75.188
838.33	75.185
839.59	75.182
840.85	75.179
842.12	75.176
843.38	75.173
844.64	75.170
845.91	75.167
847.17	75.165
848.44	75.162
849.70	75.159
850.97	75.156
852.24	75.153
853.51	75.150
854.78	75.147
856.06	75.144
857.33	75.141
858.60	75.138
859.88	75.136
861.15	75.133
862.43	75.130
863.71	75.127
864.99	75.124
866.27	75.121
867.55	75.118
868.83	75.115
870.12	75.112
871.40	75.110
872.69	75.107
873.97	75.104
875.26	75.101
876.55	75.098
877.84	75.095
879.13	75.092
880.42	75.089
881.71	75.087
883.01	75.084
884.30	75.081
885.59	75.078
886.89	75.075
888.19	75.072
889.49	75.069
890.79	75.066
892.09	75.064
893.39	75.061
894.69	75.058
895.99	75.055
897.30	75.052
898.60	75.049
899.91	75.046
901.22	75.044
902.53	75.041
903.84	75.038
905.15	75.035
906.46	75.032
907.77	75.029
909.08	75.026
910.40	75.024
911.71	75.021
913.03	75.018
914.35	75.015
915.66	75.012
916.98	75.009
918.30	75.006
919.63	75.004
920.95	75.001
922.27	74.998
923.60	74.995
924.92	74.992
926.25	74.989
927.58	74.987
928.90	74.984
930.23	74.981
931.57	74.978
932.90	74.975
934.23	74.972
935.56	74.970
936.90	74.967
938.23	74.964
939.57	74.961
940.91	74.958
942.25	74.955
943.59	74.953
944.93	74.950
946.27	74.947
947.61	74.944
948.95	74.941
950.30	74.939
951.65	74.936
952.99	74.933
954.34	74.930
955.69	74.927
957.04	74.925
958.39	74.922
959.74	74.919
961.09	74.916
962.45	74.913
963.80	74.910
965.16	74.908
966.52	74.905
967.87	74.902
969.23	74.899
970.59	74.896
971.95	74.894
973.32	74.891
974.68	74.888
976.04	74.885
977.41	74.882
978.77	74.880
980.14	74.877
981.51	74.874
982.88	74.871
984.25	74.869
985.62	74.866
986.99	74.863
988.37	74.860
989.74	74.857
991.11	74.855
992.49	74.852
993.87	74.849
995.25	74.846
996.63	74.843
998.01	74.841
999.39	74.838
1000.77	74.835
1002.15	74.832
1003.54	74.830
1004.92	74.827
1006.31	74.824
1007.70	74.821
1009.09	74.818
1010.48	74.816
1011.87	74.813
1013.26	74.810
1014.65	74.807
1016.05	74.805
1017.44	74.802
1018.84	74.799
1020.23	74.796
1021.63	74.794
1023.03	74.791
1024.43	74.788
1025.83	74.785
1027.23	74.783
1028.64	74.780
1030.04	74.777
1031.44	74.774
1032.85	74.772
1034.26	74.769
1035.67	74.766
1037.07	74.763
1038.49	74.761
1039.90	74.758
1041.31	74.755
1042.72	74.752
1044.14	74.750
1045.55	74.747
1046.97	74.744
1048.39	74.741
1049.80	74.739
1051.22	74.736
1052.64	74.733
1054.07	74.730
1055.49	74.728
1056.91	74.725
1058.34	74.722
1059.76	74.719
1061.19	74.717
1062.62	74.714
1064.05	74.711
1065.48	74.709
1066.91	74.706
1068.34	74.703
1069.77	74.700
1071.20	74.698
1072.64	74.695
1074.08	74.692
1075.51	74.689
1076.95	74.687
1078.39	74.684
1079.83	74.681
1081.27	74.679
1082.71	74.676
1084.16	74.673
1085.60	74.670
1087.05	74.668
1088.49	74.665
1089.94	74.662
1091.39	74.660
1092.84	74.657
1094.29	74.654
1095.74	74.651
1097.19	74.649
1098.65	74.646
1100.10	74.643
1101.56	74.641
1103.02	74.638
1104.47	74.635
1105.93	74.633
1107.39	74.630
1108.85	74.627
1110.32	74.624
1111.78	74.622
1113.24	74.619
1114.71	74.616
1116.17	74.614
1117.64	74.611
1119.11	74.608
1120.58	74.606
1122.05	74.603
1123.52	74.600
1124.99	74.598
1126.47	74.595
1127.94	74.592
1129.42	74.589
1130.90	74.587
1132.37	74.584
1133.85	74.581
1135.33	74.579
1136.81	74.576
1138.30	74.573
1139.78	74.571
1141.26	74.568
1142.75	74.565
1144.23	74.563
1145.72	74.560
1147.21	74.557
1148.70	74.555
1150.19	74.552
1151.68	74.549
1153.17	74.547
1154.67	74.544
1156.16	74.541
1157.66	74.539
1159.15	74.536
1160.65	74.533
1162.15	74.531
1163.65	74.528
1165.15	74.525
1166.65	74.523
1168.16	74.520
1169.66	74.517
1171.17	74.515
1172.67	74.512
1174.18	74.509
1175.69	74.507
1177.20	74.504
1178.71	74.501
1180.22	74.499
1181.73	74.496
1183.25	74.494
1184.76	74.491
1186.28	74.488
1187.79	74.486
1189.31	74.483
1190.83	74.480
1192.35	74.478
1193.87	74.475
1195.40	74.472
1196.92	74.470
1198.44	74.467
1199.97	74.464
1201.49	74.462
1203.02	74.459
1204.55	74.457
1206.08	74.454
1207.61	74.451
1209.14	74.449
1210.68	74.446
1212.21	74.443
1213.75	74.441
1215.28	74.438
1216.82	74.436
1218.36	74.433
1219.90	74.430
1221.44	74.428
1222.98	74.425
1224.52	74.422
1226.06	74.420
1227.61	74.417
1229.15	74.415
1230.70	74.412
1232.25	74.409
1233.80	74.407
1235.35	74.404
1236.90	74.401
1238.45	74.399
1240.00	74.396
1241.56	74.394
1243.11	74.391
1244.67	74.388
1246.23	74.386
1247.79	74.383
1249.35	74.381
1250.91	74.378
1252.47	74.375
1254.03	74.373
1255.60	74.370
1257.16	74.368
1258.73	74.365
1260.29	74.362
1261.86	74.360
1263.43	74.357
1265.00	74.355
1266.57	74.352
1268.15	74.349
1269.72	74.347
1271.30	74.344
1272.87	74.342
1274.45	74.339
1276.03	74.336
1277.61	74.334
1279.19	74.331
1280.77	74.329
1282.35	74.326
1283.93	74.323
1285.52	74.321
1287.10	74.318
1288.69	74.316
1290.28	74.313
1291.87	74.311
1293.46	74.308
1295.05	74.305
1296.64	74.303
1298.23	74.300
1299.83	74.298
1301.42	74.295
1303.02	74.293
1304.62	74.290
1306.22	74.287
1307.82	74.285
1309.42	74.282
1311.02	74.280
1312.62	74.277
1314.23	74.275
1315.83	74.272
1317.44	74.269
1319.04	74.267
1320.65	74.264
1322.26	74.262
1323.87	74.259
1325.48	74.257
1327.10	74.254
1328.71	74.251
1330.33	74.249
1331.94	74.246
1333.56	74.244
1335.18	74.241
1336.80	74.239
1338.42	74.236
1340.04	74.234
1341.66	74.231
1343.29	74.228
1344.91	74.226
1346.54	74.223
1348.16	74.221
1349.79	74.218
1351.42	74.216
1353.05	74.213
1354.68	74.211
1356.32	74.208
1357.95	74.206
1359.59	74.203
1361.22	74.200
1362.86	74.198
1364.50	74.195
1366.14	74.193
1367.78	74.190
1369.42	74.188
1371.06	74.185
1372.70	74.183
1374.35	74.180
1376.00	74.178
1377.64	74.175
1379.29	74.173
1380.94	74.170
1382.59	74.168
1384.24	74.165
1385.89	74.162
1387.55	74.160
1389.20	74.157
1390.86	74.155
1392.52	74.152
1394.17	74.150
1395.83	74.147
1397.49	74.145
1399.15	74.142
1400.82	74.140
1402.48	74.137
1404.15	74.135
1405.81	74.132
1407.48	74.130
1409.15	74.127
1410.82	74.125
1412.49	74.122
1414.16	74.120
1415.83	74.117
1417.50	74.115
1419.18	74.112
1420.85	74.110
1422.53	74.107
1424.21	74.105
1425.89	74.102
1427.57	74.100
1429.25	74.097
1430.93	74.095
1432.62	74.092
1434.30	74.090
1435.99	74.087
1437.68	74.085
1439.36	74.082
1441.05	74.080
1442.74	74.077
1444.44	74.075
1446.13	74.072
1447.82	74.070
1449.52	74.067
1451.21	74.065
1452.91	74.062
1454.61	74.060
1456.31	74.057
1458.01	74.055
1459.71	74.052
1461.41	74.050
1463.12	74.047
1464.82	74.045
1466.53	74.042
1468.24	74.040
1469.95	74.037
1471.66	74.035
1473.37	74.032
1475.08	74.030
1476.79	74.027
1478.51	74.025
1480.22	74.022
1481.94	74.020
1483.65	74.017
1485.37	74.015
1487.09	74.013
1488.81	74.010
1490.54	74.008
1492.26	74.005
1493.98	74.003
1495.71	74.000
1497.44	73.998
1499.16	73.995
1500.89	73.993
1502.62	73.990
1504.36	73.988
1506.09	73.985
1507.82	73.983
1509.56	73.980
1511.29	73.978
1513.03	73.976
1514.77	73.973
1516.51	73.971
1518.25	73.968
1519.99	73.966
1521.73	73.963
1523.47	73.961
1525.22	73.958
1526.97	73.956
1528.71	73.953
1530.46	73.951
1532.21	73.949
1533.96	73.946
1535.71	73.944
1537.47	73.941
1539.22	73.939
1540.98	73.936
1542.73	73.934
1544.49	73.931
1546.25	73.929
1548.01	73.927
1549.77	73.924
1551.53	73.922
1553.30	73.919
1555.06	73.917
1556.83	73.914
1558.59	73.912
1560.36	73.909
1562.13	73.907
1563.90	73.905
1565.67	73.902
1567.45	73.900
1569.22	73.897
1570.99	73.895
1572.77	73.892
1574.55	73.890
1576.33	73.888
1578.11	73.885
1579.89	73.883
1581.67	73.880
1583.45	73.878
1585.24	73.875
1587.02	73.873
1588.81	73.871
1590.59	73.868
1592.38	73.866
1594.17	73.863
1595.97	73.861
1597.76	73.858
1599.55	73.856
1601.35	73.854
1603.14	73.851
1604.94	73.849
1606.74	73.846
1608.54	73.844
1610.34	73.842
1612.14	73.839
1613.94	73.837
1615.75	73.834
1617.55	73.832
1619.36	73.830
1621.16	73.827
1622.97	73.825
1624.78	73.822
1626.59	73.820
1628.41	73.818
1630.22	73.815
1632.03	73.813
1633.85	73.810
1635.67	73.808
1637.48	73.806
1639.30	73.803
1641.12	73.801
1642.95	73.798
1644.77	73.796
1646.59	73.794
1648.42	73.791
1650.24	73.789
1652.07	73.786
1653.90	73.784
1655.73	73.782
1657.56	73.779
1659.39	73.777
1661.23	73.774
1663.06	73.772
1664.90	73.770
1666.73	73.767
1668.57	73.765
1670.41	73.763
1672.25	73.760
1674.09	73.758
1675.94	73.755
1677.78	73.753
1679.63	73.751
1681.47	73.748
1683.32	73.746
1685.17	73.743
1687.02	73.741
1688.87	73.739
1690.72	73.736
1692.57	73.734
1694.43	73.732
1696.29	73.729
1698.14	73.727
1700.00	73.724
1701.86	73.722
1703.72	73.720
1705.58	73.717
1707.45	73.715
1709.31	73.713
1711.17	73.710
1713.04	73.708
1714.91	73.706
1716.78	73.703
1718.65	73.701
1720.52	73.698
1722.39	73.696
1724.27	73.694
1726.14	73.691
1728.02	73.689
1729.89	73.687
1731.77	73.684
1733.65	73.682
1735.53	73.680
1737.42	73.677
1739.30	73.675
1741.18	73.673
1743.07	73.670
1744.96	73.668
1746.84	73.666
1748.73	73.663
1750.62	73.661
1752.52	73.659
1754.41	73.656
1756.30	73.654
1758.20	73.651
1760.09	73.649
1761.99	73.647
1763.89	73.644
1765.79	73.642
1767.69	73.640
1769.60	73.637
1771.50	73.635
1773.40	73.633
1775.31	73.630
1777.22	73.628
1779.13	73.626
1781.04	73.623
1782.95	73.621
1784.86	73.619
1786.77	73.616
1788.69	73.614
1790.60	73.612
1792.52	73.609
1794.44	73.607
1796.36	73.605
1798.28	73.602
1800.20	73.600
1802.12	73.598
1804.05	73.595
1805.97	73.593
1807.90	73.591
1809.83	73.589
1811.76	73.586
1813.69	73.584
1815.62	73.582
1817.55	73.579
1819.49	73.577
1821.42	73.575
1823.36	73.572
1825.30	73.570
1827.24	73.568
1829.18	73.565
1831.12	73.563
1833.06	73.561
1835.00	73.558
1836.95	73.556
1838.90	73.554
1840.84	73.552
1842.79	73.549
1844.74	73.547
1846.69	73.545
1848.65	73.542
1850.60	73.540
1852.55	73.538
1854.51	73.535
1856.47	73.533
1858.43	73.531
1860.39	73.528
1862.35	73.526
1864.31	73.524
1866.27	73.522
1868.24	73.519
1870.20	73.517
1872.17	73.515
1874.14	73.512
1876.11	73.510
1878.08	73.508
1880.05	73.506
1882.03	73.503
1884.00	73.501
1885.98	73.499
1887.95	73.496
1889.93	73.494
1891.91	73.492
1893.89	73.490
1895.88	73.487
1897.86	73.485
1899.84	73.483
1901.83	73.480
1903.82	73.478
1905.80	73.476
1907.79	73.474
1909.79	73.471
1911.78	73.469
1913.77	73.467
1915.77	73.464
1917.76	73.462
1919.76	73.460
1921.76	73.458
1923.76	73.455
1925.76	73.453
1927.76	73.451
1929.76	73.449
1931.77	73.446
1933.77	73.444
1935.78	73.442
1937.79	73.439
1939.80	73.437
1941.81	73.435
1943.82	73.433
1945.83	73.430
1947.85	73.428
1949.86	73.426
1951.88	73.424
1953.90	73.421
1955.92	73.419
1957.94	73.417
1959.96	73.415
1961.99	73.412
1964.01	73.410
1966.04	73.408
1968.06	73.406
1970.09	73.403
1972.12	73.401
1974.15	73.399
1976.19	73.397
1978.22	73.394
1980.25	73.392
1982.29	73.390
1984.33	73.388
1986.37	73.385
1988.41	73.383
1990.45	73.381
1992.49	73.379
1994.53	73.376
1996.58	73.374
1998.62	73.372
2000.67	73.370
2002.72	73.367
2004.77	73.365
2006.82	73.363
2008.87	73.361
2010.93	73.358
2012.98	73.356
2015.04	73.354
2017.10	73.352
2019.16	73.349
2021.22	73.347
2023.28	73.345
2025.34	73.343
2027.40	73.341
2029.47	73.338
2031.54	73.336
2033.60	73.334
2035.67	73.332
2037.74	73.329
2039.82	73.327
2041.89	73.325
2043.96	73.323
2046.04	73.320
2048.11	73.318
2050.19	73.316
2052.27	73.314
2054.35	73.312
2056.44	73.309
2058.52	73.307
2060.60	73.305
2062.69	73.303
2064.78	73.300
2066.86	73.298
2068.95	73.296
2071.05	73.294
2073.14	73.292
2075.23	73.289
2077.33	73.287
2079.42	73.285
2081.52	73.283
2083.62	73.281
2085.72	73.278
2087.82	73.276
2089.92	73.274
2092.03	73.272
2094.13	73.270
2096.24	73.267
2098.35	73.265
2100.46	73.263
2102.57	73.261
2104.68	73.259
2106.79	73.256
2108.91	73.254
2111.02	73.252
2113.14	73.250
2115.26	73.248
2117.38	73.245
2119.50	73.243
2121.62	73.241
2123.74	73.239
2125.87	73.237
2127.99	73.234
2130.12	73.232
2132.25	73.230
2134.38	73.228
2136.51	73.226
2138.65	73.223
2140.78	73.221
2142.91	73.219
2145.05	73.217
2147.19	73.215
2149.33	73.212
2151.47	73.210
2153.61	73.208
2155.75	73.206
2157.90	73.204
2160.05	73.202
2162.19	73.199
2164.34	73.197
2166.49	73.195
2168.64	73.193
2170.79	73.191
2172.95	73.189
2175.10	73.186
2177.26	73.184
2179.42	73.182
2181.58	73.180
2183.74	73.178
2185.90	73.175
2188.06	73.173
2190.23	73.171
2192.39	73.169
2194.56	73.167
2196.73	73.165
2198.90	73.162
2201.07	73.160
2203.24	73.158
2205.42	73.156
2207.59	73.154
2209.77	73.152
2211.94	73.149
2214.12	73.147
2216.30	73.145
2218.49	73.143
2220.67	73.141
2222.85	73.139
2225.04	73.137
2227.23	73.134
2229.42	73.132
2231.61	73.130
2233.80	73.128
2235.99	73.126
2238.18	73.124
2240.38	73.121
2242.57	73.119
2244.77	73.117
2246.97	73.115
2249.17	73.113
2251.37	73.111
2253.58	73.109
2255.78	73.106
2257.99	73.104
2260.20	73.102
2262.40	73.100
2264.61	73.098
2266.83	73.096
2269.04	73.094
2271.25	73.091
2273.47	73.089
2275.68	73.087
2277.90	73.085
2280.12	73.083
2282.34	73.081
2284.57	73.079
2286.79	73.076
2289.01	73.074
2291.24	73.072
2293.47	73.070
2295.70	73.068
2297.93	73.066
2300.16	73.064
2302.39	73.062
2304.63	73.059
2306.86	73.057
2309.10	73.055
2311.34	73.053
2313.58	73.051
2315.82	73.049
2318.06	73.047
2320.31	73.045
2322.55	73.042
2324.80	73.040
2327.05	73.038
2329.30	73.036
2331.55	73.034
2333.80	73.032
2336.05	73.030
2338.31	73.028
2340.57	73.025
2342.82	73.023
2345.08	73.021
2347.34	73.019
2349.61	73.017
2351.87	73.015
2354.13	73.013
2356.40	73.011
2358.67	73.009
2360.94	73.006
2363.21	73.004
2365.48	73.002
2367.75	73.000
2370.03	72.998
2372.30	72.996
2374.58	72.994
2376.86	72.992
2379.14	72.990
2381.42	72.987
2383.70	72.985
2385.99	72.983
2388.27	72.981
2390.56	72.979
2392.85	72.977
2395.14	72.975
2397.43	72.973
2399.72	72.971
2402.01	72.969
2404.31	72.967
2406.61	72.964
2408.90	72.962
2411.20	72.960
2413.51	72.958
2415.81	72.956
2418.11	72.954
2420.42	72.952
2422.72	72.950
2425.03	72.948
2427.34	72.946
2429.65	72.944
2431.96	72.941
2434.28	72.939
2436.59	72.937
2438.91	72.935
2441.23	72.933
2443.55	72.931
2445.87	72.929
2448.19	72.927
2450.51	72.925
2452.84	72.923
2455.16	72.921
2457.49	72.919
2459.82	72.916
2462.15	72.914
2464.48	72.912
2466.82	72.910
2469.15	72.908
2471.49	72.906
2473.82	72.904
2476.16	72.902
2478.50	72.900
2480.85	72.898
2483.19	72.896
2485.53	72.894
2487.88	72.892
2490.23	72.890
2492.58	72.888
2494.93	72.885
2497.28	72.883
2499.63	72.881
2501.99	72.879
2504.34	72.877
2506.70	72.875
2509.06	72.873
2511.42	72.871
2513.78	72.869
2516.15	72.867
2518.51	72.865
2520.88	72.863
2523.24	72.861
2525.61	72.859
2527.98	72.857
2530.36	72.855
2532.73	72.853
2535.10	72.850
2537.48	72.848
2539.86	72.846
2542.24	72.844
2544.62	72.842
2547.00	72.840
2549.38	72.838
2551.77	72.836
2554.15	72.834
2556.54	72.832
2558.93	72.830
2561.32	72.828
2563.71	72.826
2566.11	72.824
2568.50	72.822
2570.90	72.820
2573.30	72.818
2575.70	72.816
2578.10	72.814
2580.50	72.812
2582.90	72.810
2585.31	72.808
2587.71	72.806
2590.12	72.804
2592.53	72.802
2594.94	72.799
2597.35	72.797
2599.77	72.795
2602.18	72.793
2604.60	72.791
2607.02	72.789
2609.44	72.787
2611.86	72.785
2614.28	72.783
2616.71	72.781
2619.13	72.779
2621.56	72.777
2623.99	72.775
2626.42	72.773
2628.85	72.771
2631.28	72.769
2633.71	72.767
2636.15	72.765
2638.59	72.763
2641.03	72.761
2643.47	72.759
2645.91	72.757
2648.35	72.755
2650.79	72.753
2653.24	72.751
2655.69	72.749
2658.14	72.747
2660.59	72.745
2663.04	72.743
2665.49	72.741
2667.95	72.739
2670.40	72.737
2672.86	72.735
2675.32	72.733
2677.78	72.731
2680.24	72.729
2682.71	72.727
2685.17	72.725
2687.64	72.723
2690.11	72.721
2692.58	72.719
2695.05	72.717
2697.52	72.715
2699.99	72.713
2702.47	72.711
2704.94	72.709
2707.42	72.707
2709.90	72.705
2712.38	72.703
2714.87	72.701
2717.35	72.699
2719.84	72.697
2722.32	72.695
2724.81	72.693
2727.30	72.691
2729.80	72.689
2732.29	72.687
2734.78	72.685
2737.28	72.683
2739.78	72.681
2742.28	72.679
2744.78	72.677
2747.28	72.675
2749.78	72.673
2752.29	72.671
2754.79	72.669
2757.30	72.667
2759.81	72.665
2762.32	72.663
2764.84	72.661
2767.35	72.659
2769.87	72.657
2772.38	72.655
2774.90	72.653
2777.42	72.651
2779.94	72.649
2782.47	72.647
2784.99	72.645
2787.52	72.643
2790.05	72.641
2792.57	72.639
2795.11	72.637
2797.64	72.635
2800.17	72.634
2802.71	72.632
2805.24	72.630
2807.78	72.628
2810.32	72.626
2812.86	72.624
2815.41	72.622
2817.95	72.620
2820.50	72.618
2823.04	72.616
2825.59	72.614
2828.14	72.612
2830.69	72.610
2833.25	72.608
2835.80	72.606
2838.36	72.604
2840.92	72.602
2843.48	72.600
2846.04	72.598
2848.60	72.596
2851.16	72.594
2853.73	72.592
2856.30	72.590
2858.87	72.588
2861.44	72.586
2864.01	72.585
2866.58	72.583
2869.16	72.581
2871.73	72.579
2874.31	72.577
2876.89	72.575
2879.47	72.573
2882.05	72.571
2884.64	72.569
2887.22	72.567
2889.81	72.565
2892.40	72.563
2894.99	72.561
2897.58	72.559
2900.17	72.557
2902.77	72.555
2905.36	72.553
2907.96	72.551
2910.56	72.550
2913.16	72.548
2915.76	72.546
2918.37	72.544
2920.97	72.542
2923.58	72.540
2926.19	72.538
2928.80	72.536
2931.41	72.534
2934.02	72.532
2936.64	72.530
2939.25	72.528
2941.87	72.526
2944.49	72.524
2947.11	72.523
2949.73	72.521
2952.36	72.519
2954.98	72.517
2957.61	72.515
2960.24	72.513
2962.87	72.511
2965.50	72.509
2968.14	72.507
2970.77	72.505
2973.41	72.503
2976.05	72.501
2978.69	72.499
2981.33	72.498
2983.97	72.496
2986.61	72.494
2989.26	72.492
2991.91	72.490
2994.56	72.488
2997.21	72.486
2999.86	72.484
3002.51	72.482
3005.17	72.480
3007.82	72.478
3010.48	72.476
3013.14	72.475
3015.80	72.473
3018.47	72.471
3021.13	72.469
3023.80	72.467
3026.47	72.465
3029.14	72.463
3031.81	72.461
3034.48	72.459
3037.15	72.457
3039.83	72.456
3042.51	72.454
3045.19	72.452
3047.87	72.450
3050.55	72.448
3053.23	72.446
3055.92	72.444
3058.61	72.442
3061.29	72.440
3063.98	72.438
3066.68	72.437
3069.37	72.435
3072.06	72.433
3074.76	72.431
3077.46	72.429
3080.16	72.427
3082.86	72.425
3085.56	72.423
3088.27	72.421
3090.97	72.420
3093.68	72.418
3096.39	72.416
3099.10	72.414
3101.81	72.412
3104.53	72.410
3107.24	72.408
3109.96	72.406
3112.68	72.404
3115.40	72.403
3118.12	72.401
3120.85	72.399
3123.57	72.397
3126.30	72.395
3129.03	72.393
3131.76	72.391
3134.49	72.389
3137.22	72.388
3139.96	72.386
3142.69	72.384
3145.43	72.382
3148.17	72.380
3150.91	72.378
3153.66	72.376
3156.40	72.374
3159.15	72.373
3161.90	72.371
3164.65	72.369
3167.40	72.367
3170.15	72.365
3172.91	72.363
3175.66	72.361
3178.42	72.360
3181.18	72.358
3183.94	72.356
3186.70	72.354
3189.47	72.352
3192.23	72.350
3195.00	72.348
3197.77	72.347
3200.54	72.345
3203.31	72.343
3206.09	72.341
3208.87	72.339
3211.64	72.337
3214.42	72.335
3217.20	72.334
3219.99	72.332
3222.77	72.330
3225.56	72.328
3228.34	72.326
3231.13	72.324
3233.92	72.322
3236.72	72.321
3239.51	72.319
3242.30	72.317
3245.10	72.315
3247.90	72.313
3250.70	72.311
3253.50	72.310
3256.31	72.308
3259.11	72.306
3261.92	72.304
3264.73	72.302
3267.54	72.300
3270.35	72.298
3273.17	72.297
3275.98	72.295
3278.80	72.293
3281.62	72.291
3284.44	72.289
3287.26	72.287
3290.09	72.286
3292.91	72.284
3295.74	72.282
3298.57	72.280
3301.40	72.278
3304.23	72.276
3307.07	72.275
3309.90	72.273
3312.74	72.271
3315.58	72.269
3318.42	72.267
3321.26	72.265
3324.11	72.264
3326.95	72.262
3329.80	72.260
3332.65	72.258
3335.50	72.256
3338.35	72.255
3341.21	72.253
3344.06	72.251
3346.92	72.249
3349.78	72.247
3352.64	72.245
3355.50	72.244
3358.37	72.242
3361.24	72.240
3364.10	72.238
3366.97	72.236
3369.84	72.235
3372.72	72.233
3375.59	72.231
3378.47	72.229
3381.35	72.227
3384.23	72.225
3387.11	72.224
3389.99	72.222
3392.88	72.220
3395.76	72.218
3398.65	72.216
3401.54	72.215
3404.43	72.213
3407.33	72.211
3410.22	72.209
3413.12	72.207
3416.02	72.206
3418.92	72.204
3421.82	72.202
3424.73	72.200
3427.63	72.198
3430.54	72.197
3433.45	72.195
3436.36	72.193
3439.27	72.191
3442.19	72.189
3445.10	72.188
3448.02	72.186
3450.94	72.184
3453.86	72.182
3456.78	72.180
3459.71	72.179
3462.63	72.177
3465.56	72.175
3468.49	72.173
3471.42	72.171
3474.36	72.170
3477.29	72.168
3480.23	72.166
3483.17	72.164
3486.11	72.163
3489.05	72.161
3492.00	72.159
3494.94	72.157
3497.89	72.155
3500.84	72.154
3503.79	72.152
3506.74	72.150
3509.70	72.148
3512.65	72.146
3515.61	72.145
3518.57	72.143
3521.53	72.141
3524.49	72.139
3527.46	72.138
3530.43	72.136
3533.39	72.134
3536.36	72.132
3539.34	72.131
3542.31	72.129
3545.29	72.127
3548.26	72.125
3551.24	72.123
3554.22	72.122
3557.21	72.120
3560.19	72.118
3563.18	72.116
3566.16	72.115
3569.15	72.113
3572.15	72.111
3575.14	72.109
3578.13	72.108
3581.13	72.106
3584.13	72.104
3587.13	72.102
3590.13	72.100
3593.14	72.099
3596.14	72.097
3599.15	72.095
3602.16	72.093
3605.17	72.092
3608.18	72.090
3611.20	72.088
3614.21	72.086
3617.23	72.085
3620.25	72.083
3623.28	72.081
3626.30	72.079
3629.32	72.078
3632.35	72.076
3635.38	72.074
3638.41	72.072
3641.45	72.071
3644.48	72.069
3647.52	72.067
3650.55	72.065
3653.59	72.064
3656.64	72.062
3659.68	72.060
3662.73	72.058
3665.77	72.057
3668.82	72.055
3671.87	72.053
3674.93	72.051
3677.98	72.050
3681.04	72.048
3684.09	72.046
3687.15	72.045
3690.22	72.043
3693.28	72.041
3696.34	72.039
3699.41	72.038
3702.48	72.036
3705.55	72.034
3708.63	72.032
3711.70	72.031
3714.78	72.029
3717.85	72.027
3720.93	72.025
3724.02	72.024
3727.10	72.022
3730.19	72.020
3733.27	72.019
3736.36	72.017
3739.45	72.015
3742.55	72.013
3745.64	72.012
3748.74	72.010
3751.84	72.008
3754.94	72.006
3758.04	72.005
3761.14	72.003
3764.25	72.001
3767.36	72.000
3770.47	71.998
3773.58	71.996
3776.69	71.994
3779.81	71.993
3782.92	71.991
3786.04	71.989
3789.16	71.988
3792.29	71.986
3795.41	71.984
3798.54	71.982
3801.66	71.981
3804.79	71.979
3807.93	71.977
3811.06	71.976
3814.20	71.974
3817.33	71.972
3820.47	71.970
3823.61	71.969
3826.76	71.967
3829.90	71.965
3833.05	71.964
3836.20	71.962
3839.35	71.960
3842.50	71.959
3845.66	71.957
3848.81	71.955
3851.97	71.953
3855.13	71.952
3858.29	71.950
3861.46	71.948
3864.62	71.947
3867.79	71.945
3870.96	71.943
3874.13	71.942
3877.30	71.940
3880.48	71.938
3883.66	71.937
3886.83	71.935
3890.02	71.933
3893.20	71.931
3896.38	71.930
3899.57	71.928
3902.76	71.926
3905.95	71.925
3909.14	71.923
3912.33	71.921
3915.53	71.920
3918.73	71.918
3921.93	71.916
3925.13	71.915
3928.33	71.913
3931.54	71.911
3934.75	71.910
3937.96	71.908
3941.17	71.906
3944.38	71.904
3947.60	71.903
3950.81	71.901
3954.03	71.899
3957.25	71.898
3960.48	71.896
3963.70	71.894
3966.93	71.893
3970.16	71.891
3973.39	71.889
3976.62	71.888
3979.85	71.886
3983.09	71.884
3986.33	71.883
3989.57	71.881
3992.81	71.879
3996.05	71.878
3999.30	71.876
4002.55	71.874
4005.80	71.873
4009.05	71.871
4012.30	71.869
4015.56	71.868
4018.82	71.866
4022.07	71.864
4025.34	71.863
4028.60	71.861
4031.86	71.859
4035.13	71.858
4038.40	71.856
4041.67	71.854
4044.95	71.853
4048.22	71.851
4051.50	71.849
4054.78	71.848
4058.06	71.846
4061.34	71.844
4064.62	71.843
4067.91	71.841
4071.20	71.840
4074.49	71.838
4077.78	71.836
4081.08	71.835
4084.37	71.833
4087.67	71.831
4090.97	71.830
4094.28	71.828
4097.58	71.826
4100.89	71.825
4104.20	71.823
4107.51	71.821
4110.82	71.820
4114.13	71.818
4117.45	71.816
4120.77	71.815
4124.09	71.813
4127.41	71.812
4130.73	71.810
4134.06	71.808
4137.39	71.807
4140.72	71.805
4144.05	71.803
4147.38	71.802
4150.72	71.800
4154.06	71.798
4157.40	71.797
4160.74	71.795
4164.08	71.794
4167.43	71.792
4170.78	71.790
4174.13	71.789
4177.48	71.787
4180.83	71.785
4184.19	71.784
4187.55	71.782
4190.91	71.781
4194.27	71.779
4197.63	71.777
4201.00	71.776
4204.37	71.774
4207.74	71.772
4211.11	71.771
4214.48	71.769
4217.86	71.768
4221.24	71.766
4224.62	71.764
4228.00	71.763
4231.38	71.761
4234.77	71.759
4238.16	71.758
4241.55	71.756
4244.94	71.755
4248.34	71.753
4251.73	71.751
4255.13	71.750
4258.53	71.748
4261.93	71.747
4265.34	71.745
4268.74	71.743
4272.15	71.742
4275.56	71.740
4278.97	71.738
4282.39	71.737
4285.80	71.735
4289.22	71.734
4292.64	71.732
4296.07	71.730
4299.49	71.729
4302.92	71.727
4306.35	71.726
4309.78	71.724
4313.21	71.722
4316.64	71.721
4320.08	71.719
4323.52	71.718
4326.96	71.716
4330.40	71.714
