t(c)	x(m)
0.000	0.00
0.010	0.01
0.020	0.02
0.030	0.03
0.040	0.04
0.050	0.05
0.060	0.06
0.070	0.07
0.080	0.08
0.090	0.09
0.100	0.10
0.110	0.12
0.120	0.13
0.130	0.14
0.140	0.16
0.150	0.17
0.160	0.19
0.170	0.20
0.180	0.22
0.190	0.23
0.200	0.25
0.210	0.27
0.220	0.28
0.230	0.30
0.240	0.32
0.250	0.34
0.260	0.35
0.270	0.37
0.280	0.39
0.290	0.41
0.300	0.43
0.310	0.45
0.320	0.47
0.330	0.49
0.340	0.52
0.350	0.54
0.360	0.56
0.370	0.58
0.380	0.61
0.390	0.63
0.400	0.65
0.410	0.68
0.420	0.70
0.430	0.73
0.440	0.75
0.450	0.78
0.460	0.81
0.470	0.83
0.480	0.86
0.490	0.89
0.500	0.92
0.510	0.94
0.520	0.97
0.530	1.00
0.540	1.03
0.550	1.06
0.560	1.09
0.570	1.12
0.580	1.15
0.590	1.18
0.600	1.22
0.610	1.25
0.620	1.28
0.630	1.31
0.640	1.35
0.650	1.38
0.660	1.41
0.670	1.45
0.680	1.48
0.690	1.52
0.700	1.56
0.710	1.59
0.720	1.63
0.730	1.66
0.740	1.70
0.750	1.74
0.760	1.78
0.770	1.82
0.780	1.86
0.790	1.89
0.800	1.93
0.810	1.97
0.820	2.01
0.830	2.06
0.840	2.10
0.850	2.14
0.860	2.18
0.870	2.22
0.880	2.27
0.890	2.31
0.900	2.35
0.910	2.40
0.920	2.44
0.930	2.49
0.940	2.53
0.950	2.58
0.960	2.62
0.970	2.67
0.980	2.72
0.990	2.76
1.000	2.81
1.010	2.86
1.020	2.91
1.030	2.96
1.040	3.00
1.050	3.05
1.060	3.10
1.070	3.15
1.080	3.21
1.090	3.26
1.100	3.31
1.110	3.36
1.120	3.41
1.130	3.46
1.140	3.52
1.150	3.57
1.160	3.63
1.170	3.68
1.180	3.73
1.190	3.79
1.200	3.84
1.210	3.90
1.220	3.96
1.230	4.01
1.240	4.07
1.250	4.13
1.260	4.19
1.270	4.24
1.280	4.30
1.290	4.36
1.300	4.42
1.310	4.48
1.320	4.54
1.330	4.60
1.340	4.66
1.350	4.72
1.360	4.79
1.370	4.85
1.380	4.91
1.390	4.97
1.400	5.04
1.410	5.10
1.420	5.16
1.430	5.23
1.440	5.29
1.450	5.36
1.460	5.43
1.470	5.49
1.480	5.56
1.490	5.62
1.500	5.69
1.510	5.76
1.520	5.83
1.530	5.90
1.540	5.97
1.550	6.03
1.560	6.10
1.570	6.17
1.580	6.25
1.590	6.32
1.600	6.39
1.610	6.46
1.620	6.53
1.630	6.60
1.640	6.68
1.650	6.75
1.660	6.82
1.670	6.90
1.680	6.97
1.690	7.05
1.700	7.12
1.710	7.20
1.720	7.27
1.730	7.35
1.740	7.43
1.750	7.50
1.760	7.58
1.770	7.66
1.780	7.74
1.790	7.82
1.800	7.90
1.810	7.98
1.820	8.06
1.830	8.14
1.840	8.22
1.850	8.30
1.860	8.38
1.870	8.46
1.880	8.55
1.890	8.63
1.900	8.71
1.910	8.79
1.920	8.88
1.930	8.96
1.940	9.05
1.950	9.13
1.960	9.22
1.970	9.31
1.980	9.39
1.990	9.48
2.000	9.57
2.010	9.65
2.020	9.74
2.030	9.83
2.040	9.92
2.050	10.01
2.060	10.10
2.070	10.19
2.080	10.28
2.090	10.37
2.100	10.46
2.110	10.55
2.120	10.64
2.130	10.74
2.140	10.83
2.150	10.92
2.160	11.02
2.170	11.11
2.180	11.20
2.190	11.30
2.200	11.39
2.210	11.49
2.220	11.59
2.230	11.68
2.240	11.78
2.250	11.88
2.260	11.97
2.270	12.07
2.280	12.17
2.290	12.27
2.300	12.37
2.310	12.47
2.320	12.57
2.330	12.67
2.340	12.77
2.350	12.87
2.360	12.97
2.370	13.07
2.380	13.18
2.390	13.28
2.400	13.38
2.410	13.49
2.420	13.59
2.430	13.69
2.440	13.80
2.450	13.90
2.460	14.01
2.470	14.12
2.480	14.22
2.490	14.33
2.500	14.44
2.510	14.54
2.520	14.65
2.530	14.76
2.540	14.87
2.550	14.98
2.560	15.09
2.570	15.20
2.580	15.31
2.590	15.42
2.600	15.53
2.610	15.64
2.620	15.75
2.630	15.87
2.640	15.98
2.650	16.09
2.660	16.21
2.670	16.32
2.680	16.43
2.690	16.55
2.700	16.66
2.710	16.78
2.720	16.90
2.730	17.01
2.740	17.13
2.750	17.25
2.760	17.36
2.770	17.48
2.780	17.60
2.790	17.72
2.800	17.84
2.810	17.96
2.820	18.08
2.830	18.20
2.840	18.32
2.850	18.44
2.860	18.56
2.870	18.68
2.880	18.81
2.890	18.93
2.900	19.05
2.910	19.18
2.920	19.30
2.930	19.43
2.940	19.55
2.950	19.68
2.960	19.80
2.970	19.93
2.980	20.05
2.990	20.18
3.000	20.31
3.010	20.44
3.020	20.56
3.030	20.69
3.040	20.82
3.050	20.95
3.060	21.08
3.070	21.21
3.080	21.34
3.090	21.47
3.100	21.60
3.110	21.73
3.120	21.87
3.130	22.00
3.140	22.13
3.150	22.27
3.160	22.40
3.170	22.53
3.180	22.67
3.190	22.80
3.200	22.94
3.210	23.07
3.220	23.21
3.230	23.35
3.240	23.48
3.250	23.62
3.260	23.76
3.270	23.90
3.280	24.04
3.290	24.17
3.300	24.31
3.310	24.45
3.320	24.59
3.330	24.73
3.340	24.88
3.350	25.02
3.360	25.16
3.370	25.30
3.380	25.44
3.390	25.59
3.400	25.73
3.410	25.87
3.420	26.02
3.430	26.16
3.440	26.31
3.450	26.45
3.460	26.60
3.470	26.74
3.480	26.89
3.490	27.04
3.500	27.19
3.510	27.33
3.520	27.48
3.530	27.63
3.540	27.78
3.550	27.93
3.560	28.08
3.570	28.23
3.580	28.38
3.590	28.53
3.600	28.68
3.610	28.83
3.620	28.99
3.630	29.14
3.640	29.29
3.650	29.45
3.660	29.60
3.670	29.75
3.680	29.91
3.690	30.06
3.700	30.22
3.710	30.38
3.720	30.53
3.730	30.69
3.740	30.85
3.750	31.00
3.760	31.16
3.770	31.32
3.780	31.48
3.790	31.64
3.800	31.80
3.810	31.96
3.820	32.12
3.830	32.28
3.840	32.44
3.850	32.60
3.860	32.76
3.870	32.93
3.880	33.09
3.890	33.25
3.900	33.41
3.910	33.58
3.920	33.74
3.930	33.91
3.940	34.07
3.950	34.24
3.960	34.40
3.970	34.57
3.980	34.74
3.990	34.91
4.000	35.07
4.010	35.24
4.020	35.41
4.030	35.58
4.040	35.75
4.050	35.92
4.060	36.09
4.070	36.26
4.080	36.43
4.090	36.60
4.100	36.77
4.110	36.94
4.120	37.12
4.130	37.29
4.140	37.46
4.150	37.64
4.160	37.81
4.170	37.99
4.180	38.16
4.190	38.34
4.200	38.51
4.210	38.69
4.220	38.86
4.230	39.04
4.240	39.22
4.250	39.40
4.260	39.57
4.270	39.75
4.280	39.93
4.290	40.11
4.300	40.29
4.310	40.47
4.320	40.65
4.330	40.83
4.340	41.01
4.350	41.20
4.360	41.38
4.370	41.56
4.380	41.74
4.390	41.93
4.400	42.11
4.410	42.30
4.420	42.48
4.430	42.67
4.440	42.85
4.450	43.04
4.460	43.22
4.470	43.41
4.480	43.60
4.490	43.78
4.500	43.97
4.510	44.16
4.520	44.35
4.530	44.54
4.540	44.73
4.550	44.92
4.560	45.11
4.570	45.30
4.580	45.49
4.590	45.68
4.600	45.87
4.610	46.07
4.620	46.26
4.630	46.45
4.640	46.65
4.650	46.84
4.660	47.03
4.670	47.23
4.680	47.42
4.690	47.62
4.700	47.82
4.710	48.01
4.720	48.21
4.730	48.41
4.740	48.60
4.750	48.80
4.760	49.00
4.770	49.20
4.780	49.40
4.790	49.60
4.800	49.80
4.810	50.00
4.820	50.20
4.830	50.40
4.840	50.60
4.850	50.80
4.860	51.01
4.870	51.21
4.880	51.41
4.890	51.62
4.900	51.82
4.910	52.03
4.920	52.23
4.930	52.44
4.940	52.64
4.950	52.85
4.960	53.05
4.970	53.26
4.980	53.47
4.990	53.68
5.000	53.88
5.010	54.09
5.020	54.30
5.030	54.51
5.040	54.72
5.050	54.93
5.060	55.14
5.070	55.35
5.080	55.57
5.090	55.78
5.100	55.99
5.110	56.20
5.120	56.42
5.130	56.63
5.140	56.84
5.150	57.06
5.160	57.27
5.170	57.49
5.180	57.70
5.190	57.92
5.200	58.13
5.210	58.35
5.220	58.57
5.230	58.79
5.240	59.00
5.250	59.22
5.260	59.44
5.270	59.66
5.280	59.88
5.290	60.10
5.300	60.32
5.310	60.54
5.320	60.76
5.330	60.98
5.340	61.20
5.350	61.43
5.360	61.65
5.370	61.87
5.380	62.10
5.390	62.32
5.400	62.55
5.410	62.77
5.420	63.00
5.430	63.22
5.440	63.45
5.450	63.67
5.460	63.90
5.470	64.13
5.480	64.35
5.490	64.58
5.500	64.81
5.510	65.04
5.520	65.27
5.530	65.50
5.540	65.73
5.550	65.96
5.560	66.19
5.570	66.42
5.580	66.65
5.590	66.88
5.600	67.12
5.610	67.35
5.620	67.58
5.630	67.82
5.640	68.05
5.650	68.29
5.660	68.52
5.670	68.76
5.680	68.99
5.690	69.23
5.700	69.46
5.710	69.70
5.720	69.94
5.730	70.18
5.740	70.41
5.750	70.65
5.760	70.89
5.770	71.13
5.780	71.37
5.790	71.61
5.800	71.85
5.810	72.09
5.820	72.33
5.830	72.57
5.840	72.82
5.850	73.06
5.860	73.30
5.870	73.54
5.880	73.79
5.890	74.03
5.900	74.28
5.910	74.52
5.920	74.77
5.930	75.01
5.940	75.26
5.950	75.51
5.960	75.75
5.970	76.00
5.980	76.25
5.990	76.50
6.000	76.74
6.010	76.99
6.020	77.24
6.030	77.49
6.040	77.74
6.050	77.99
6.060	78.24
6.070	78.49
6.080	78.75
6.090	79.00
6.100	79.25
6.110	79.50
6.120	79.76
6.130	80.01
6.140	80.26
6.150	80.52
6.160	80.77
6.170	81.03
6.180	81.28
6.190	81.54
6.200	81.80
6.210	82.05
6.220	82.31
6.230	82.57
6.240	82.83
6.250	83.08
6.260	83.34
6.270	83.60
6.280	83.86
6.290	84.12
6.300	84.38
6.310	84.64
6.320	84.90
6.330	85.17
6.340	85.43
6.350	85.69
6.360	85.95
6.370	86.22
6.380	86.48
6.390	86.74
6.400	87.01
6.410	87.27
6.420	87.54
6.430	87.80
6.440	88.07
6.450	88.33
6.460	88.60
6.470	88.87
6.480	89.14
6.490	89.40
6.500	89.67
6.510	89.94
6.520	90.21
6.530	90.48
6.540	90.75
6.550	91.02
6.560	91.29
6.570	91.56
6.580	91.83
6.590	92.10
6.600	92.38
6.610	92.65
6.620	92.92
6.630	93.20
6.640	93.47
6.650	93.74
6.660	94.02
6.670	94.29
6.680	94.57
6.690	94.84
6.700	95.12
6.710	95.40
6.720	95.67
6.730	95.95
6.740	96.23
6.750	96.51
6.760	96.78
6.770	97.06
6.780	97.34
6.790	97.62
6.800	97.90
6.810	98.18
6.820	98.46
6.830	98.74
6.840	99.03
6.850	99.31
6.860	99.59
6.870	99.87
6.880	100.16
6.890	100.44
6.900	100.72
6.910	101.01
6.920	101.29
6.930	101.58
6.940	101.86
6.950	102.15
6.960	102.43
6.970	102.72
6.980	103.01
6.990	103.30
7.000	103.58
7.010	103.87
7.020	104.16
7.030	104.45
7.040	104.74
7.050	105.03
7.060	105.32
7.070	105.61
7.080	105.90
7.090	106.19
7.100	106.48
7.110	106.77
7.120	107.07
7.130	107.36
7.140	107.65
7.150	107.94
7.160	108.24
7.170	108.53
7.180	108.83
7.190	109.12
7.200	109.42
7.210	109.71
7.220	110.01
7.230	110.31
7.240	110.60
7.250	110.90
7.260	111.20
7.270	111.50
7.280	111.80
7.290	112.09
7.300	112.39
7.310	112.69
7.320	112.99
7.330	113.29
7.340	113.59
7.350	113.90
7.360	114.20
7.370	114.50
7.380	114.80
7.390	115.10
7.400	115.41
7.410	115.71
7.420	116.01
7.430	116.32
7.440	116.62
7.450	116.93
7.460	117.23
7.470	117.54
7.480	117.84
7.490	118.15
7.500	118.46
7.510	118.76
7.520	119.07
7.530	119.38
7.540	119.69
7.550	120.00
7.560	120.31
7.570	120.62
7.580	120.93
7.590	121.24
7.600	121.55
7.610	121.86
7.620	122.17
7.630	122.48
7.640	122.79
7.650	123.10
7.660	123.42
7.670	123.73
7.680	124.04
7.690	124.36
7.700	124.67
7.710	124.99
7.720	125.30
7.730	125.62
7.740	125.93
7.750	126.25
7.760	126.57
7.770	126.88
7.780	127.20
7.790	127.52
7.800	127.84
7.810	128.15
7.820	128.47
7.830	128.79
7.840	129.11
7.850	129.43
7.860	129.75
7.870	130.07
7.880	130.39
7.890	130.71
7.900	131.03
7.910	131.36
7.920	131.68
7.930	132.00
7.940	132.33
7.950	132.65
7.960	132.97
7.970	133.30
7.980	133.62
7.990	133.95
8.000	134.27
8.010	134.60
8.020	134.92
8.030	135.25
8.040	135.58
8.050	135.90
8.060	136.23
8.070	136.56
8.080	136.89
8.090	137.22
8.100	137.54
8.110	137.87
8.120	138.20
8.130	138.53
8.140	138.86
8.150	139.19
8.160	139.53
8.170	139.86
8.180	140.19
8.190	140.52
8.200	140.85
8.210	141.19
8.220	141.52
8.230	141.85
8.240	142.19
8.250	142.52
8.260	142.86
8.270	143.19
8.280	143.53
8.290	143.86
8.300	144.20
8.310	144.53
8.320	144.87
8.330	145.21
8.340	145.55
8.350	145.88
8.360	146.22
8.370	146.56
8.380	146.90
8.390	147.24
8.400	147.58
8.410	147.92
8.420	148.26
8.430	148.60
8.440	148.94
8.450	149.28
8.460	149.62
8.470	149.97
8.480	150.31
8.490	150.65
8.500	150.99
8.510	151.34
8.520	151.68
8.530	152.03
8.540	152.37
8.550	152.72
8.560	153.06
8.570	153.41
8.580	153.75
8.590	154.10
8.600	154.44
8.610	154.79
8.620	155.14
8.630	155.49
8.640	155.83
8.650	156.18
8.660	156.53
8.670	156.88
8.680	157.23
8.690	157.58
8.700	157.93
8.710	158.28
8.720	158.63
8.730	158.98
8.740	159.33
8.750	159.69
8.760	160.04
8.770	160.39
8.780	160.74
8.790	161.10
8.800	161.45
8.810	161.80
8.820	162.16
8.830	162.51
8.840	162.87
8.850	163.22
8.860	163.58
8.870	163.93
8.880	164.29
8.890	164.65
8.900	165.00
8.910	165.36
8.920	165.72
8.930	166.08
8.940	166.43
8.950	166.79
8.960	167.15
8.970	167.51
8.980	167.87
8.990	168.23
9.000	168.59
9.010	168.95
9.020	169.31
9.030	169.67
9.040	170.03
9.050	170.40
9.060	170.76
9.070	171.12
9.080	171.48
9.090	171.85
9.100	172.21
9.110	172.57
9.120	172.94
9.130	173.30
9.140	173.67
9.150	174.03
9.160	174.40
9.170	174.76
9.180	175.13
9.190	175.50
9.200	175.86
9.210	176.23
9.220	176.60
9.230	176.96
9.240	177.33
9.250	177.70
9.260	178.07
9.270	178.44
9.280	178.81
9.290	179.18
9.300	179.55
9.310	179.92
9.320	180.29
9.330	180.66
9.340	181.03
9.350	181.40
9.360	181.78
9.370	182.15
9.380	182.52
9.390	182.89
9.400	183.27
9.410	183.64
9.420	184.01
9.430	184.39
9.440	184.76
9.450	185.14
9.460	185.51
9.470	185.89
9.480	186.27
9.490	186.64
9.500	187.02
9.510	187.40
9.520	187.77
9.530	188.15
9.540	188.53
9.550	188.91
9.560	189.28
9.570	189.66
9.580	190.04
9.590	190.42
9.600	190.80
9.610	191.18
9.620	191.56
9.630	191.94
9.640	192.32
9.650	192.71
9.660	193.09
9.670	193.47
9.680	193.85
9.690	194.23
9.700	194.62
9.710	195.00
9.720	195.38
9.730	195.77
9.740	196.15
9.750	196.54
9.760	196.92
9.770	197.31
9.780	197.69
9.790	198.08
9.800	198.47
9.810	198.85
9.820	199.24
9.830	199.63
9.840	200.01
9.850	200.40
9.860	200.79
9.870	201.18
9.880	201.57
9.890	201.96
9.900	202.34
9.910	202.73
9.920	203.12
9.930	203.51
9.940	203.91
9.950	204.30
9.960	204.69
9.970	205.08
9.980	205.47
9.990	205.86
10.000	206.26
10.010	206.65
10.020	207.04
10.030	207.44
10.040	207.83
10.050	208.22
10.060	208.62
10.070	209.01
10.080	209.41
10.090	209.80
10.100	210.20
10.110	210.59
10.120	210.99
10.130	211.39
10.140	211.78
10.150	212.18
10.160	212.58
10.170	212.98
10.180	213.38
10.190	213.77
10.200	214.17
10.210	214.57
10.220	214.97
10.230	215.37
10.240	215.77
10.250	216.17
10.260	216.57
10.270	216.97
10.280	217.38
10.290	217.78
10.300	218.18
10.310	218.58
10.320	218.98
10.330	219.39
10.340	219.79
10.350	220.19
10.360	220.60
10.370	221.00
10.380	221.41
10.390	221.81
10.400	222.22
10.410	222.62
10.420	223.03
10.430	223.43
10.440	223.84
10.450	224.25
10.460	224.65
10.470	225.06
10.480	225.47
10.490	225.88
10.500	226.29
10.510	226.69
10.520	227.10
10.530	227.51
10.540	227.92
10.550	228.33
10.560	228.74
10.570	229.15
10.580	229.56
10.590	229.97
10.600	230.38
10.610	230.80
10.620	231.21
10.630	231.62
10.640	232.03
10.650	232.45
10.660	232.86
10.670	233.27
10.680	233.69
10.690	234.10
10.700	234.52
10.710	234.93
10.720	235.35
10.730	235.76
10.740	236.18
10.750	236.59
10.760	237.01
10.770	237.43
10.780	237.84
10.790	238.26
10.800	238.68
10.810	239.10
10.820	239.51
10.830	239.93
10.840	240.35
10.850	240.77
10.860	241.19
10.870	241.61
10.880	242.03
10.890	242.45
10.900	242.87
10.910	243.29
10.920	243.71
10.930	244.14
10.940	244.56
10.950	244.98
10.960	245.40
10.970	245.83
10.980	246.25
10.990	246.67
11.000	247.10
11.010	247.52
11.020	247.95
11.030	248.37
11.040	248.79
11.050	249.22
11.060	249.65
11.070	250.07
11.080	250.50
11.090	250.93
11.100	251.35
11.110	251.78
11.120	252.21
11.130	252.63
11.140	253.06
11.150	253.49
11.160	253.92
11.170	254.35
11.180	254.78
11.190	255.21
11.200	255.64
11.210	256.07
11.220	256.50
11.230	256.93
11.240	257.36
11.250	257.79
11.260	258.23
11.270	258.66
11.280	259.09
11.290	259.52
11.300	259.96
11.310	260.39
11.320	260.82
11.330	261.26
11.340	261.69
11.350	262.13
11.360	262.56
11.370	263.00
11.380	263.43
11.390	263.87
11.400	264.30
11.410	264.74
11.420	265.18
11.430	265.62
11.440	266.05
11.450	266.49
11.460	266.93
11.470	267.37
11.480	267.81
11.490	268.24
11.500	268.68
11.510	269.12
11.520	269.56
11.530	270.00
11.540	270.44
11.550	270.88
11.560	271.33
11.570	271.77
11.580	272.21
11.590	272.65
11.600	273.09
11.610	273.54
11.620	273.98
11.630	274.42
11.640	274.87
11.650	275.31
11.660	275.75
11.670	276.20
11.680	276.64
11.690	277.09
11.700	277.53
11.710	277.98
11.720	278.43
11.730	278.87
11.740	279.32
11.750	279.77
11.760	280.21
11.770	280.66
11.780	281.11
11.790	281.56
11.800	282.01
11.810	282.45
11.820	282.90
11.830	283.35
11.840	283.80
11.850	284.25
11.860	284.70
11.870	285.15
11.880	285.60
11.890	286.06
11.900	286.51
11.910	286.96
11.920	287.41
11.930	287.86
11.940	288.32
11.950	288.77
11.960	289.22
11.970	289.68
11.980	290.13
11.990	290.59
12.000	291.04
12.010	291.49
12.020	291.95
12.030	292.41
12.040	292.86
12.050	293.32
12.060	293.77
12.070	294.23
12.080	294.69
12.090	295.15
12.100	295.60
12.110	296.06
12.120	296.52
12.130	296.98
12.140	297.44
12.150	297.90
12.160	298.36
12.170	298.82
12.180	299.28
12.190	299.74
12.200	300.20
12.210	300.66
12.220	301.12
12.230	301.58
12.240	302.04
12.250	302.50
12.260	302.97
12.270	303.43
12.280	303.89
12.290	304.36
12.300	304.82
12.310	305.28
12.320	305.75
12.330	306.21
12.340	306.68
12.350	307.14
12.360	307.61
12.370	308.08
12.380	308.54
12.390	309.01
12.400	309.47
12.410	309.94
12.420	310.41
12.430	310.88
12.440	311.34
12.450	311.81
12.460	312.28
12.470	312.75
12.480	313.22
12.490	313.69
12.500	314.16
12.510	314.63
12.520	315.10
12.530	315.57
12.540	316.04
12.550	316.51
12.560	316.98
12.570	317.46
12.580	317.93
12.590	318.40
12.600	318.87
12.610	319.35
12.620	319.82
12.630	320.29
12.640	320.77
12.650	321.24
12.660	321.72
12.670	322.19
12.680	322.67
12.690	323.14
12.700	323.62
12.710	324.09
12.720	324.57
12.730	325.05
12.740	325.52
12.750	326.00
12.760	326.48
12.770	326.96
12.780	327.44
12.790	327.91
12.800	328.39
12.810	328.87
12.820	329.35
12.830	329.83
12.840	330.31
12.850	330.79
12.860	331.27
12.870	331.75
12.880	332.23
12.890	332.72
12.900	333.20
12.910	333.68
12.920	334.16
12.930	334.64
12.940	335.13
12.950	335.61
12.960	336.09
12.970	336.58
12.980	337.06
12.990	337.55
13.000	338.03
13.010	338.52
13.020	339.00
13.030	339.49
13.040	339.97
13.050	340.46
13.060	340.95
13.070	341.43
13.080	341.92
13.090	342.41
13.100	342.90
13.110	343.38
13.120	343.87
13.130	344.36
13.140	344.85
13.150	345.34
13.160	345.83
13.170	346.32
13.180	346.81
13.190	347.30
13.200	347.79
13.210	348.28
13.220	348.77
13.230	349.26
13.240	349.76
13.250	350.25
13.260	350.74
13.270	351.23
13.280	351.73
13.290	352.22
13.300	352.71
13.310	353.21
13.320	353.70
13.330	354.20
13.340	354.69
13.350	355.19
13.360	355.68
13.370	356.18
13.380	356.67
13.390	357.17
13.400	357.67
13.410	358.16
13.420	358.66
13.430	359.16
13.440	359.66
13.450	360.16
13.460	360.65
13.470	361.15
13.480	361.65
13.490	362.15
13.500	362.65
13.510	363.15
13.520	363.65
13.530	364.15
13.540	364.65
13.550	365.15
13.560	365.65
13.570	366.16
13.580	366.66
13.590	367.16
13.600	367.66
13.610	368.17
13.620	368.67
13.630	369.17
13.640	369.68
13.650	370.18
13.660	370.68
13.670	371.19
13.680	371.69
13.690	372.20
13.700	372.71
13.710	373.21
13.720	373.72
13.730	374.22
13.740	374.73
13.750	375.24
13.760	375.74
13.770	376.25
13.780	376.76
13.790	377.27
13.800	377.78
13.810	378.29
13.820	378.79
13.830	379.30
13.840	379.81
13.850	380.32
13.860	380.83
13.870	381.34
13.880	381.86
13.890	382.37
13.900	382.88
13.910	383.39
13.920	383.90
13.930	384.41
13.940	384.93
13.950	385.44
13.960	385.95
13.970	386.47
13.980	386.98
13.990	387.49
14.000	388.01
14.010	388.52
14.020	389.04
14.030	389.55
14.040	390.07
14.050	390.58
14.060	391.10
14.070	391.62
14.080	392.13
14.090	392.65
14.100	393.17
14.110	393.69
14.120	394.20
14.130	394.72
14.140	395.24
14.150	395.76
14.160	396.28
14.170	396.80
14.180	397.32
14.190	397.84
14.200	398.36
14.210	398.88
14.220	399.40
14.230	399.92
14.240	400.44
14.250	400.96
14.260	401.49
14.270	402.01
14.280	402.53
14.290	403.05
14.300	403.58
14.310	404.10
14.320	404.62
14.330	405.15
14.340	405.67
14.350	406.20
14.360	406.72
14.370	407.25
14.380	407.77
14.390	408.30
14.400	408.83
14.410	409.35
14.420	409.88
14.430	410.41
14.440	410.93
14.450	411.46
14.460	411.99
14.470	412.52
14.480	413.05
14.490	413.57
14.500	414.10
14.510	414.63
14.520	415.16
14.530	415.69
14.540	416.22
14.550	416.75
14.560	417.28
14.570	417.81
14.580	418.35
14.590	418.88
14.600	419.41
14.610	419.94
14.620	420.48
14.630	421.01
14.640	421.54
14.650	422.07
14.660	422.61
14.670	423.14
14.680	423.68
14.690	424.21
14.700	424.75
14.710	425.28
14.720	425.82
14.730	426.35
14.740	426.89
14.750	427.43
14.760	427.96
14.770	428.50
14.780	429.04
14.790	429.57
14.800	430.11
14.810	430.65
14.820	431.19
14.830	431.73
14.840	432.27
14.850	432.81
14.860	433.35
14.870	433.89
14.880	434.43
14.890	434.97
14.900	435.51
14.910	436.05
14.920	436.59
14.930	437.13
14.940	437.67
14.950	438.22
14.960	438.76
14.970	439.30
14.980	439.84
14.990	440.39
15.000	440.93
15.010	441.48
15.020	442.02
15.030	442.57
15.040	443.11
15.050	443.66
15.060	444.20
15.070	444.75
15.080	445.29
15.090	445.84
15.100	446.39
15.110	446.93
15.120	447.48
15.130	448.03
15.140	448.58
15.150	449.12
15.160	449.67
15.170	450.22
15.180	450.77
15.190	451.32
15.200	451.87
15.210	452.42
15.220	452.97
15.230	453.52
15.240	454.07
15.250	454.62
15.260	455.17
15.270	455.73
15.280	456.28
15.290	456.83
15.300	457.38
15.310	457.93
15.320	458.49
15.330	459.04
15.340	459.60
15.350	460.15
15.360	460.70
15.370	461.26
15.380	461.81
15.390	462.37
15.400	462.92
15.410	463.48
15.420	464.04
15.430	464.59
15.440	465.15
15.450	465.71
15.460	466.26
15.470	466.82
15.480	467.38
15.490	467.94
15.500	468.50
15.510	469.05
15.520	469.61
15.530	470.17
15.540	470.73
15.550	471.29
15.560	471.85
15.570	472.41
15.580	472.97
15.590	473.54
15.600	474.10
15.610	474.66
15.620	475.22
15.630	475.78
15.640	476.35
15.650	476.91
15.660	477.47
15.670	478.03
15.680	478.60
15.690	479.16
15.700	479.73
15.710	480.29
15.720	480.86
15.730	481.42
15.740	481.99
15.750	482.55
15.760	483.12
15.770	483.69
15.780	484.25
15.790	484.82
15.800	485.39
15.810	485.95
15.820	486.52
15.830	487.09
15.840	487.66
15.850	488.23
15.860	488.80
15.870	489.37
15.880	489.94
15.890	490.51
15.900	491.08
15.910	491.65
15.920	492.22
15.930	492.79
15.940	493.36
15.950	493.93
15.960	494.50
15.970	495.08
15.980	495.65
15.990	496.22
16.000	496.79
16.010	497.37
16.020	497.94
16.030	498.52
16.040	499.09
16.050	499.66
16.060	500.24
16.070	500.82
16.080	501.39
16.090	501.97
16.100	502.54
16.110	503.12
16.120	503.70
16.130	504.27
16.140	504.85
16.150	505.43
16.160	506.01
16.170	506.58
16.180	507.16
16.190	507.74
16.200	508.32
16.210	508.90
16.220	509.48
16.230	510.06
16.240	510.64
16.250	511.22
16.260	511.80
16.270	512.38
16.280	512.96
16.290	513.55
16.300	514.13
16.310	514.71
16.320	515.29
16.330	515.88
16.340	516.46
16.350	517.04
16.360	517.63
16.370	518.21
16.380	518.80
16.390	519.38
16.400	519.96
16.410	520.55
16.420	521.14
16.430	521.72
16.440	522.31
16.450	522.89
16.460	523.48
16.470	524.07
16.480	524.66
16.490	525.24
16.500	525.83
16.510	526.42
16.520	527.01
16.530	527.60
16.540	528.19
16.550	528.78
16.560	529.37
16.570	529.96
16.580	530.55
16.590	531.14
16.600	531.73
16.610	532.32
16.620	532.91
16.630	533.50
16.640	534.09
16.650	534.69
16.660	535.28
16.670	535.87
16.680	536.47
16.690	537.06
16.700	537.65
16.710	538.25
16.720	538.84
16.730	539.44
16.740	540.03
16.750	540.63
16.760	541.22
16.770	541.82
16.780	542.42
16.790	543.01
16.800	543.61
16.810	544.21
16.820	544.80
16.830	545.40
16.840	546.00
16.850	546.60
16.860	547.20
16.870	547.80
16.880	548.40
16.890	549.00
16.900	549.59
16.910	550.20
16.920	550.80
16.930	551.40
16.940	552.00
16.950	552.60
16.960	553.20
16.970	553.80
16.980	554.40
16.990	555.01
17.000	555.61
17.010	556.21
17.020	556.82
17.030	557.42
17.040	558.02
17.050	558.63
17.060	559.23
17.070	559.84
17.080	560.44
17.090	561.05
17.100	561.66
17.110	562.26
17.120	562.87
17.130	563.48
17.140	564.08
17.150	564.69
17.160	565.30
17.170	565.91
17.180	566.51
17.190	567.12
17.200	567.73
17.210	568.34
17.220	568.95
17.230	569.56
17.240	570.17
17.250	570.78
17.260	571.39
17.270	572.00
17.280	572.61
17.290	573.22
17.300	573.84
17.310	574.45
17.320	575.06
17.330	575.67
17.340	576.29
17.350	576.90
17.360	577.51
17.370	578.13
17.380	578.74
17.390	579.36
17.400	579.97
17.410	580.59
17.420	581.20
17.430	581.82
17.440	582.43
17.450	583.05
17.460	583.67
17.470	584.28
17.480	584.90
17.490	585.52
17.500	586.14
17.510	586.76
17.520	587.37
17.530	587.99
17.540	588.61
17.550	589.23
17.560	589.85
17.570	590.47
17.580	591.09
17.590	591.71
17.600	592.33
17.610	592.95
17.620	593.58
17.630	594.20
17.640	594.82
17.650	595.44
17.660	596.06
17.670	596.69
17.680	597.31
17.690	597.93
17.700	598.56
17.710	599.18
17.720	599.81
17.730	600.43
17.740	601.06
17.750	601.68
17.760	602.31
17.770	602.93
17.780	603.56
17.790	604.19
17.800	604.81
17.810	605.44
17.820	606.07
17.830	606.70
17.840	607.33
17.850	607.95
17.860	608.58
17.870	609.21
17.880	609.84
17.890	610.47
17.900	611.10
17.910	611.73
17.920	612.36
17.930	612.99
17.940	613.62
17.950	614.26
17.960	614.89
17.970	615.52
17.980	616.15
17.990	616.79
18.000	617.42
18.010	618.05
18.020	618.69
18.030	619.32
18.040	619.95
18.050	620.59
18.060	621.22
18.070	621.86
18.080	622.49
18.090	623.13
18.100	623.77
18.110	624.40
18.120	625.04
18.130	625.68
18.140	626.31
18.150	626.95
18.160	627.59
18.170	628.23
18.180	628.87
18.190	629.51
18.200	630.14
18.210	630.78
18.220	631.42
18.230	632.06
18.240	632.70
18.250	633.35
18.260	633.99
18.270	634.63
18.280	635.27
18.290	635.91
18.300	636.55
18.310	637.20
18.320	637.84
18.330	638.48
18.340	639.13
18.350	639.77
18.360	640.41
18.370	641.06
18.380	641.70
18.390	642.35
18.400	642.99
18.410	643.64
18.420	644.29
18.430	644.93
18.440	645.58
18.450	646.22
18.460	646.87
18.470	647.52
18.480	648.17
18.490	648.82
18.500	649.46
18.510	650.11
18.520	650.76
18.530	651.41
18.540	652.06
18.550	652.71
18.560	653.36
18.570	654.01
18.580	654.66
18.590	655.31
18.600	655.97
18.610	656.62
18.620	657.27
18.630	657.92
18.640	658.58
18.650	659.23
18.660	659.88
18.670	660.54
18.680	661.19
18.690	661.84
18.700	662.50
18.710	663.15
18.720	663.81
18.730	664.46
18.740	665.12
18.750	665.78
18.760	666.43
18.770	667.09
18.780	667.75
18.790	668.40
18.800	669.06
18.810	669.72
18.820	670.38
18.830	671.04
18.840	671.70
18.850	672.36
18.860	673.02
18.870	673.68
18.880	674.34
18.890	675.00
18.900	675.66
18.910	676.32
18.920	676.98
18.930	677.64
18.940	678.30
18.950	678.97
18.960	679.63
18.970	680.29
18.980	680.96
18.990	681.62
19.000	682.28
19.010	682.95
19.020	683.61
19.030	684.28
19.040	684.94
19.050	685.61
19.060	686.27
19.070	686.94
19.080	687.61
19.090	688.27
19.100	688.94
19.110	689.61
19.120	690.28
19.130	690.95
19.140	691.61
19.150	692.28
19.160	692.95
19.170	693.62
19.180	694.29
19.190	694.96
19.200	695.63
19.210	696.30
19.220	696.97
19.230	697.64
19.240	698.32
19.250	698.99
19.260	699.66
19.270	700.33
19.280	701.01
19.290	701.68
19.300	702.35
19.310	703.03
19.320	703.70
19.330	704.37
19.340	705.05
19.350	705.72
19.360	706.40
19.370	707.08
19.380	707.75
19.390	708.43
19.400	709.10
19.410	709.78
19.420	710.46
19.430	711.14
19.440	711.81
19.450	712.49
19.460	713.17
19.470	713.85
19.480	714.53
19.490	715.21
19.500	715.89
19.510	716.57
19.520	717.25
19.530	717.93
19.540	718.61
19.550	719.29
19.560	719.98
19.570	720.66
19.580	721.34
19.590	722.02
19.600	722.71
19.610	723.39
19.620	724.07
19.630	724.76
19.640	725.44
19.650	726.13
19.660	726.81
19.670	727.50
19.680	728.18
19.690	728.87
19.700	729.55
19.710	730.24
19.720	730.93
19.730	731.61
19.740	732.30
19.750	732.99
19.760	733.68
19.770	734.37
19.780	735.06
19.790	735.74
19.800	736.43
19.810	737.12
19.820	737.81
19.830	738.50
19.840	739.20
19.850	739.89
19.860	740.58
19.870	741.27
19.880	741.96
19.890	742.65
19.900	743.35
19.910	744.04
19.920	744.73
19.930	745.43
19.940	746.12
19.950	746.81
19.960	747.51
19.970	748.20
19.980	748.90
19.990	749.60
20.000	750.29
20.010	750.99
20.020	751.68
20.030	752.38
20.040	753.08
20.050	753.78
20.060	754.47
20.070	755.17
20.080	755.87
20.090	756.57
20.100	757.27
20.110	757.97
20.120	758.67
20.130	759.37
20.140	760.07
20.150	760.77
20.160	761.47
20.170	762.17
20.180	762.87
20.190	763.57
20.200	764.28
20.210	764.98
20.220	765.68
20.230	766.39
20.240	767.09
20.250	767.79
20.260	768.50
20.270	769.20
20.280	769.91
20.290	770.61
20.300	771.32
20.310	772.03
20.320	772.73
20.330	773.44
20.340	774.15
20.350	774.85
20.360	775.56
20.370	776.27
20.380	776.98
20.390	777.68
20.400	778.39
20.410	779.10
20.420	779.81
20.430	780.52
20.440	781.23
20.450	781.94
20.460	782.65
20.470	783.37
20.480	784.08
20.490	784.79
20.500	785.50
20.510	786.21
20.520	786.93
20.530	787.64
20.540	788.35
20.550	789.07
20.560	789.78
20.570	790.50
20.580	791.21
20.590	791.93
20.600	792.64
20.610	793.36
20.620	794.07
20.630	794.79
20.640	795.51
20.650	796.22
20.660	796.94
20.670	797.66
20.680	798.38
20.690	799.10
20.700	799.81
20.710	800.53
20.720	801.25
20.730	801.97
20.740	802.69
20.750	803.41
20.760	804.13
20.770	804.86
20.780	805.58
20.790	806.30
20.800	807.02
20.810	807.74
20.820	808.47
20.830	809.19
20.840	809.91
20.850	810.64
20.860	811.36
20.870	812.09
20.880	812.81
20.890	813.54
20.900	814.26
20.910	814.99
20.920	815.71
20.930	816.44
20.940	817.17
20.950	817.89
20.960	818.62
20.970	819.35
20.980	820.08
20.990	820.80
21.000	821.53
21.010	822.26
21.020	822.99
21.030	823.72
21.040	824.45
21.050	825.18
21.060	825.91
21.070	826.64
21.080	827.38
21.090	828.11
21.100	828.84
21.110	829.57
21.120	830.31
21.130	831.04
21.140	831.77
21.150	832.51
21.160	833.24
21.170	833.97
21.180	834.71
21.190	835.45
21.200	836.18
21.210	836.92
21.220	837.65
21.230	838.39
21.240	839.13
21.250	839.86
21.260	840.60
21.270	841.34
21.280	842.08
21.290	842.82
21.300	843.55
21.310	844.29
21.320	845.03
21.330	845.77
21.340	846.51
21.350	847.25
21.360	848.00
21.370	848.74
21.380	849.48
21.390	850.22
21.400	850.96
21.410	851.71
21.420	852.45
21.430	853.19
21.440	853.94
21.450	854.68
21.460	855.42
21.470	856.17
21.480	856.91
21.490	857.66
21.500	858.40
21.510	859.15
21.520	859.90
21.530	860.64
21.540	861.39
21.550	862.14
21.560	862.89
21.570	863.63
21.580	864.38
21.590	865.13
21.600	865.88
21.610	866.63
21.620	867.38
21.630	868.13
21.640	868.88
21.650	869.63
21.660	870.38
21.670	871.13
21.680	871.89
21.690	872.64
21.700	873.39
21.710	874.14
21.720	874.90
21.730	875.65
21.740	876.41
21.750	877.16
21.760	877.91
21.770	878.67
21.780	879.42
21.790	880.18
21.800	880.94
21.810	881.69
21.820	882.45
21.830	883.21
21.840	883.96
21.850	884.72
21.860	885.48
21.870	886.24
21.880	887.00
21.890	887.76
21.900	888.52
21.910	889.28
21.920	890.04
21.930	890.80
21.940	891.56
21.950	892.32
21.960	893.08
21.970	893.84
21.980	894.61
21.990	895.37
22.000	896.13
22.010	896.89
22.020	897.66
22.030	898.42
22.040	899.19
22.050	899.95
22.060	900.72
22.070	901.48
22.080	902.25
22.090	903.01
22.100	903.78
22.110	904.55
22.120	905.32
22.130	906.08
22.140	906.85
22.150	907.62
22.160	908.39
22.170	909.16
22.180	909.93
22.190	910.70
22.200	911.47
22.210	912.24
22.220	913.01
22.230	913.78
22.240	914.55
22.250	915.32
22.260	916.09
22.270	916.87
22.280	917.64
22.290	918.41
22.300	919.19
22.310	919.96
22.320	920.73
22.330	921.51
22.340	922.28
22.350	923.06
22.360	923.84
22.370	924.61
22.380	925.39
22.390	926.16
22.400	926.94
22.410	927.72
22.420	928.50
22.430	929.28
22.440	930.05
22.450	930.83
22.460	931.61
22.470	932.39
22.480	933.17
22.490	933.95
22.500	934.73
22.510	935.51
22.520	936.30
22.530	937.08
22.540	937.86
22.550	938.64
22.560	939.43
22.570	940.21
22.580	940.99
22.590	941.78
22.600	942.56
22.610	943.34
22.620	944.13
22.630	944.92
22.640	945.70
22.650	946.49
22.660	947.27
22.670	948.06
22.680	948.85
22.690	949.64
22.700	950.42
22.710	951.21
22.720	952.00
22.730	952.79
22.740	953.58
22.750	954.37
22.760	955.16
22.770	955.95
22.780	956.74
22.790	957.53
22.800	958.32
22.810	959.12
22.820	959.91
22.830	960.70
22.840	961.49
22.850	962.29
22.860	963.08
22.870	963.87
22.880	964.67
22.890	965.46
22.900	966.26
22.910	967.05
22.920	967.85
22.930	968.65
22.940	969.44
22.950	970.24
22.960	971.04
22.970	971.84
22.980	972.63
22.990	973.43
23.000	974.23
23.010	975.03
23.020	975.83
23.030	976.63
23.040	977.43
23.050	978.23
23.060	979.03
23.070	979.83
23.080	980.64
23.090	981.44
23.100	982.24
23.110	983.04
23.120	983.85
23.130	984.65
23.140	985.45
23.150	986.26
23.160	987.06
23.170	987.87
23.180	988.67
23.190	989.48
23.200	990.29
23.210	991.09
23.220	991.90
23.230	992.71
23.240	993.52
23.250	994.32
23.260	995.13
23.270	995.94
23.280	996.75
23.290	997.56
23.300	998.37
23.310	999.18
23.320	999.99
23.330	1000.80
23.340	1001.61
23.350	1002.43
23.360	1003.24
23.370	1004.05
23.380	1004.86
23.390	1005.68
23.400	1006.49
23.410	1007.31
23.420	1008.12
23.430	1008.94
23.440	1009.75
23.450	1010.57
23.460	1011.38
23.470	1012.20
23.480	1013.02
23.490	1013.83
23.500	1014.65
23.510	1015.47
23.520	1016.29
23.530	1017.10
23.540	1017.92
23.550	1018.74
23.560	1019.56
23.570	1020.38
23.580	1021.20
23.590	1022.02
23.600	1022.85
23.610	1023.67
23.620	1024.49
23.630	1025.31
23.640	1026.13
23.650	1026.96
23.660	1027.78
23.670	1028.61
23.680	1029.43
23.690	1030.25
23.700	1031.08
23.710	1031.91
23.720	1032.73
23.730	1033.56
23.740	1034.38
23.750	1035.21
23.760	1036.04
23.770	1036.87
23.780	1037.69
23.790	1038.52
23.800	1039.35
23.810	1040.18
23.820	1041.01
23.830	1041.84
23.840	1042.67
23.850	1043.50
23.860	1044.33
23.870	1045.16
23.880	1046.00
23.890	1046.83
23.900	1047.66
23.910	1048.49
23.920	1049.33
23.930	1050.16
23.940	1051.00
23.950	1051.83
23.960	1052.67
23.970	1053.50
23.980	1054.34
23.990	1055.17
24.000	1056.01
24.010	1056.85
24.020	1057.68
24.030	1058.52
24.040	1059.36
24.050	1060.20
24.060	1061.04
24.070	1061.88
24.080	1062.72
24.090	1063.56
24.100	1064.40
24.110	1065.24
24.120	1066.08
24.130	1066.92
24.140	1067.76
24.150	1068.60
24.160	1069.45
24.170	1070.29
24.180	1071.13
24.190	1071.98
24.200	1072.82
24.210	1073.67
24.220	1074.51
24.230	1075.36
24.240	1076.20
24.250	1077.05
24.260	1077.89
24.270	1078.74
24.280	1079.59
24.290	1080.44
24.300	1081.29
24.310	1082.13
24.320	1082.98
24.330	1083.83
24.340	1084.68
24.350	1085.53
24.360	1086.38
24.370	1087.23
24.380	1088.08
24.390	1088.94
24.400	1089.79
24.410	1090.64
24.420	1091.49
24.430	1092.35
24.440	1093.20
24.450	1094.05
24.460	1094.91
24.470	1095.76
24.480	1096.62
24.490	1097.47
24.500	1098.33
24.510	1099.19
24.520	1100.04
24.530	1100.90
24.540	1101.76
24.550	1102.62
24.560	1103.47
24.570	1104.33
24.580	1105.19
24.590	1106.05
24.600	1106.91
24.610	1107.77
24.620	1108.63
24.630	1109.49
24.640	1110.35
24.650	1111.22
24.660	1112.08
24.670	1112.94
24.680	1113.80
24.690	1114.67
24.700	1115.53
24.710	1116.40
24.720	1117.26
24.730	1118.12
24.740	1118.99
24.750	1119.86
24.760	1120.72
24.770	1121.59
24.780	1122.46
24.790	1123.32
24.800	1124.19
24.810	1125.06
24.820	1125.93
24.830	1126.80
24.840	1127.67
24.850	1128.54
24.860	1129.41
24.870	1130.28
24.880	1131.15
24.890	1132.02
24.900	1132.89
24.910	1133.76
24.920	1134.64
24.930	1135.51
24.940	1136.38
24.950	1137.26
24.960	1138.13
24.970	1139.00
24.980	1139.88
24.990	1140.75
25.000	1141.63
25.010	1142.51
25.020	1143.38
25.030	1144.26
25.040	1145.14
25.050	1146.02
25.060	1146.89
25.070	1147.77
25.080	1148.65
25.090	1149.53
25.100	1150.41
25.110	1151.29
25.120	1152.17
25.130	1153.05
25.140	1153.93
25.150	1154.82
25.160	1155.70
25.170	1156.58
25.180	1157.46
25.190	1158.35
25.200	1159.23
25.210	1160.12
25.220	1161.00
25.230	1161.88
25.240	1162.77
25.250	1163.66
25.260	1164.54
25.270	1165.43
25.280	1166.32
25.290	1167.20
25.300	1168.09
25.310	1168.98
25.320	1169.87
25.330	1170.76
25.340	1171.65
25.350	1172.54
25.360	1173.43
25.370	1174.32
25.380	1175.21
25.390	1176.10
25.400	1176.99
25.410	1177.89
25.420	1178.78
25.430	1179.67
25.440	1180.57
25.450	1181.46
25.460	1182.35
25.470	1183.25
25.480	1184.14
25.490	1185.04
25.500	1185.94
25.510	1186.83
25.520	1187.73
25.530	1188.63
25.540	1189.52
25.550	1190.42
25.560	1191.32
25.570	1192.22
25.580	1193.12
25.590	1194.02
25.600	1194.92
25.610	1195.82
25.620	1196.72
25.630	1197.62
25.640	1198.52
25.650	1199.43
25.660	1200.33
25.670	1201.23
25.680	1202.14
25.690	1203.04
25.700	1203.94
25.710	1204.85
25.720	1205.75
25.730	1206.66
25.740	1207.57
25.750	1208.47
25.760	1209.38
25.770	1210.29
25.780	1211.20
25.790	1212.10
25.800	1213.01
25.810	1213.92
25.820	1214.83
25.830	1215.74
25.840	1216.65
25.850	1217.56
25.860	1218.47
25.870	1219.38
25.880	1220.30
25.890	1221.21
25.900	1222.12
25.910	1223.03
25.920	1223.95
25.930	1224.86
25.940	1225.78
25.950	1226.69
25.960	1227.61
25.970	1228.52
25.980	1229.44
25.990	1230.36
26.000	1231.27
26.010	1232.19
26.020	1233.11
26.030	1234.03
26.040	1234.95
26.050	1235.86
26.060	1236.78
26.070	1237.70
26.080	1238.62
26.090	1239.55
26.100	1240.47
26.110	1241.39
26.120	1242.31
26.130	1243.23
26.140	1244.16
26.150	1245.08
26.160	1246.00
26.170	1246.93
26.180	1247.85
26.190	1248.78
26.200	1249.70
26.210	1250.63
26.220	1251.56
26.230	1252.48
26.240	1253.41
26.250	1254.34
26.260	1255.27
26.270	1256.20
26.280	1257.12
26.290	1258.05
26.300	1258.98
26.310	1259.91
26.320	1260.85
26.330	1261.78
26.340	1262.71
26.350	1263.64
26.360	1264.57
26.370	1265.51
26.380	1266.44
26.390	1267.37
26.400	1268.31
26.410	1269.24
26.420	1270.18
26.430	1271.11
26.440	1272.05
26.450	1272.99
26.460	1273.92
26.470	1274.86
26.480	1275.80
26.490	1276.74
26.500	1277.68
26.510	1278.61
26.520	1279.55
26.530	1280.49
26.540	1281.43
26.550	1282.38
26.560	1283.32
26.570	1284.26
26.580	1285.20
26.590	1286.14
26.600	1287.09
26.610	1288.03
26.620	1288.97
26.630	1289.92
26.640	1290.86
26.650	1291.81
26.660	1292.75
26.670	1293.70
26.680	1294.65
26.690	1295.59
26.700	1296.54
26.710	1297.49
26.720	1298.44
26.730	1299.39
26.740	1300.34
26.750	1301.29
26.760	1302.24
26.770	1303.19
26.780	1304.14
26.790	1305.09
26.800	1306.04
26.810	1306.99
26.820	1307.95
26.830	1308.90
26.840	1309.85
26.850	1310.81
26.860	1311.76
26.870	1312.72
26.880	1313.67
26.890	1314.63
26.900	1315.59
26.910	1316.54
26.920	1317.50
26.930	1318.46
26.940	1319.42
26.950	1320.38
26.960	1321.34
26.970	1322.29
26.980	1323.25
26.990	1324.22
27.000	1325.18
27.010	1326.14
27.020	1327.10
27.030	1328.06
27.040	1329.02
27.050	1329.99
27.060	1330.95
27.070	1331.92
27.080	1332.88
27.090	1333.85
27.100	1334.81
27.110	1335.78
27.120	1336.74
27.130	1337.71
27.140	1338.68
27.150	1339.65
27.160	1340.61
27.170	1341.58
27.180	1342.55
27.190	1343.52
27.200	1344.49
27.210	1345.46
27.220	1346.43
27.230	1347.41
27.240	1348.38
27.250	1349.35
27.260	1350.32
27.270	1351.30
27.280	1352.27
27.290	1353.24
27.300	1354.22
27.310	1355.19
27.320	1356.17
27.330	1357.15
27.340	1358.12
27.350	1359.10
27.360	1360.08
27.370	1361.06
27.380	1362.03
27.390	1363.01
27.400	1363.99
27.410	1364.97
27.420	1365.95
27.430	1366.93
27.440	1367.91
27.450	1368.90
27.460	1369.88
27.470	1370.86
27.480	1371.84
27.490	1372.83
27.500	1373.81
27.510	1374.80
27.520	1375.78
27.530	1376.77
27.540	1377.75
27.550	1378.74
27.560	1379.73
27.570	1380.71
27.580	1381.70
27.590	1382.69
27.600	1383.68
27.610	1384.67
27.620	1385.66
27.630	1386.65
27.640	1387.64
27.650	1388.63
27.660	1389.62
27.670	1390.61
27.680	1391.60
27.690	1392.60
27.700	1393.59
27.710	1394.58
27.720	1395.58
27.730	1396.57
27.740	1397.57
27.750	1398.57
27.760	1399.56
27.770	1400.56
27.780	1401.56
27.790	1402.55
27.800	1403.55
27.810	1404.55
27.820	1405.55
27.830	1406.55
27.840	1407.55
27.850	1408.55
27.860	1409.55
27.870	1410.55
27.880	1411.55
27.890	1412.56
27.900	1413.56
27.910	1414.56
27.920	1415.57
27.930	1416.57
27.940	1417.58
27.950	1418.58
27.960	1419.59
27.970	1420.59
27.980	1421.60
27.990	1422.61
28.000	1423.62
28.010	1424.62
28.020	1425.63
28.030	1426.64
28.040	1427.65
28.050	1428.66
28.060	1429.67
28.070	1430.68
28.080	1431.70
28.090	1432.71
28.100	1433.72
28.110	1434.73
28.120	1435.75
28.130	1436.76
28.140	1437.78
28.150	1438.79
28.160	1439.81
28.170	1440.82
28.180	1441.84
28.190	1442.86
28.200	1443.87
28.210	1444.89
28.220	1445.91
28.230	1446.93
28.240	1447.95
28.250	1448.97
28.260	1449.99
28.270	1451.01
28.280	1452.03
28.290	1453.05
28.300	1454.08
28.310	1455.10
28.320	1456.12
28.330	1457.15
28.340	1458.17
28.350	1459.20
28.360	1460.22
28.370	1461.25
28.380	1462.27
28.390	1463.30
28.400	1464.33
28.410	1465.36
28.420	1466.39
28.430	1467.41
28.440	1468.44
28.450	1469.47
28.460	1470.50
28.470	1471.53
28.480	1472.57
28.490	1473.60
28.500	1474.63
28.510	1475.66
28.520	1476.70
28.530	1477.73
28.540	1478.76
28.550	1479.80
28.560	1480.83
28.570	1481.87
28.580	1482.91
28.590	1483.94
28.600	1484.98
28.610	1486.02
28.620	1487.06
28.630	1488.10
28.640	1489.14
28.650	1490.18
28.660	1491.22
28.670	1492.26
28.680	1493.30
28.690	1494.34
28.700	1495.38
28.710	1496.42
28.720	1497.47
28.730	1498.51
28.740	1499.56
28.750	1500.60
28.760	1501.65
28.770	1502.69
28.780	1503.74
28.790	1504.79
28.800	1505.83
28.810	1506.88
28.820	1507.93
28.830	1508.98
28.840	1510.03
28.850	1511.08
28.860	1512.13
28.870	1513.18
28.880	1514.23
28.890	1515.28
28.900	1516.34
28.910	1517.39
28.920	1518.44
28.930	1519.50
28.940	1520.55
28.950	1521.61
28.960	1522.66
28.970	1523.72
28.980	1524.77
28.990	1525.83
29.000	1526.89
29.010	1527.95
29.020	1529.01
29.030	1530.06
29.040	1531.12
29.050	1532.18
29.060	1533.25
29.070	1534.31
29.080	1535.37
29.090	1536.43
29.100	1537.49
29.110	1538.56
29.120	1539.62
29.130	1540.68
29.140	1541.75
29.150	1542.81
29.160	1543.88
29.170	1544.95
29.180	1546.01
29.190	1547.08
29.200	1548.15
29.210	1549.22
29.220	1550.29
29.230	1551.36
29.240	1552.43
29.250	1553.50
29.260	1554.57
29.270	1555.64
29.280	1556.71
29.290	1557.78
29.300	1558.86
29.310	1559.93
29.320	1561.00
29.330	1562.08
29.340	1563.15
29.350	1564.23
29.360	1565.31
29.370	1566.38
29.380	1567.46
29.390	1568.54
29.400	1569.62
29.410	1570.70
29.420	1571.77
29.430	1572.85
29.440	1573.94
29.450	1575.02
29.460	1576.10
29.470	1577.18
29.480	1578.26
29.490	1579.35
29.500	1580.43
29.510	1581.51
29.520	1582.60
29.530	1583.68
29.540	1584.77
29.550	1585.86
29.560	1586.94
29.570	1588.03
29.580	1589.12
29.590	1590.21
29.600	1591.29
29.610	1592.38
29.620	1593.47
29.630	1594.56
29.640	1595.66
29.650	1596.75
29.660	1597.84
29.670	1598.93
29.680	1600.03
29.690	1601.12
29.700	1602.21
29.710	1603.31
29.720	1604.40
29.730	1605.50
29.740	1606.60
29.750	1607.69
29.760	1608.79
29.770	1609.89
29.780	1610.99
29.790	1612.09
29.800	1613.18
29.810	1614.29
29.820	1615.39
29.830	1616.49
29.840	1617.59
29.850	1618.69
29.860	1619.79
29.870	1620.90
29.880	1622.00
29.890	1623.11
29.900	1624.21
29.910	1625.32
29.920	1626.42
29.930	1627.53
29.940	1628.64
29.950	1629.74
29.960	1630.85
29.970	1631.96
29.980	1633.07
29.990	1634.18
30.000	1635.29
