t(c)	V(m/s)
0.000	10.000
0.010	10.348
0.020	10.697
0.030	11.046
0.040	11.394
0.050	11.743
0.060	12.092
0.070	12.441
0.080	12.790
0.090	13.139
0.100	13.488
0.110	13.838
0.120	14.187
0.130	14.536
0.140	14.886
0.150	15.235
0.160	15.585
0.170	15.935
0.180	16.284
0.190	16.634
0.200	16.984
0.210	17.334
0.220	17.684
0.230	18.034
0.240	18.384
0.250	18.735
0.260	19.085
0.270	19.435
0.280	19.786
0.290	20.136
0.300	20.487
0.310	20.838
0.320	21.189
0.330	21.539
0.340	21.890
0.350	22.241
0.360	22.592
0.370	22.944
0.380	23.295
0.390	23.646
0.400	23.997
0.410	24.349
0.420	24.700
0.430	25.052
0.440	25.404
0.450	25.755
0.460	26.107
0.470	26.459
0.480	26.811
0.490	27.163
0.500	27.515
0.510	27.867
0.520	28.219
0.530	28.572
0.540	28.924
0.550	29.276
0.560	29.629
0.570	29.981
0.580	30.334
0.590	30.687
0.600	31.039
0.610	31.392
0.620	31.745
0.630	32.098
0.640	32.451
0.650	32.804
0.660	33.157
0.670	33.511
0.680	33.864
0.690	34.217
0.700	34.571
0.710	34.924
0.720	35.278
0.730	35.632
0.740	35.985
0.750	36.339
0.760	36.693
0.770	37.047
0.780	37.401
0.790	37.755
0.800	38.109
0.810	38.463
0.820	38.818
0.830	39.172
0.840	39.526
0.850	39.881
0.860	40.235
0.870	40.590
0.880	40.945
0.890	41.299
0.900	41.654
0.910	42.009
0.920	42.364
0.930	42.719
0.940	43.074
0.950	43.429
0.960	43.785
0.970	44.140
0.980	44.495
0.990	44.851
1.000	45.206
1.010	45.562
1.020	45.917
1.030	46.273
1.040	46.629
1.050	46.984
1.060	47.340
1.070	47.696
1.080	48.052
1.090	48.408
1.100	48.764
1.110	49.121
1.120	49.477
1.130	49.833
1.140	50.190
1.150	50.546
1.160	50.903
1.170	51.259
1.180	51.616
1.190	51.973
1.200	52.329
1.210	52.686
1.220	53.043
1.230	53.400
1.240	53.757
1.250	54.114
1.260	54.472
1.270	54.829
1.280	55.186
1.290	55.543
1.300	55.901
1.310	56.258
1.320	56.616
1.330	56.973
1.340	57.331
1.350	57.689
1.360	58.047
1.370	58.405
1.380	58.763
1.390	59.121
1.400	59.479
1.410	59.837
1.420	60.195
1.430	60.553
1.440	60.911
1.450	61.270
1.460	61.628
1.470	61.987
1.480	62.345
1.490	62.704
1.500	63.063
1.510	63.421
1.520	63.780
1.530	64.139
1.540	64.498
1.550	64.857
1.560	65.216
1.570	65.575
1.580	65.934
1.590	66.294
1.600	66.653
1.610	67.012
1.620	67.372
1.630	67.731
1.640	68.091
1.650	68.450
1.660	68.810
1.670	69.170
1.680	69.530
1.690	69.889
1.700	70.249
1.710	70.609
1.720	70.969
1.730	71.330
1.740	71.690
1.750	72.050
1.760	72.410
1.770	72.771
1.780	73.131
1.790	73.491
1.800	73.852
1.810	74.212
1.820	74.573
1.830	74.934
1.840	75.295
1.850	75.655
1.860	76.016
1.870	76.377
1.880	76.738
1.890	77.099
1.900	77.460
1.910	77.822
1.920	78.183
1.930	78.544
1.940	78.905
1.950	79.267
1.960	79.628
1.970	79.990
1.980	80.351
1.990	80.713
2.000	81.075
2.010	81.437
2.020	81.798
2.030	82.160
2.040	82.522
2.050	82.884
2.060	83.246
2.070	83.608
2.080	83.970
2.090	84.333
2.100	84.695
2.110	85.057
2.120	85.420
2.130	85.782
2.140	86.145
2.150	86.507
2.160	86.870
2.170	87.233
2.180	87.595
2.190	87.958
2.200	88.321
2.210	88.684
2.220	89.047
2.230	89.410
2.240	89.773
2.250	90.136
2.260	90.499
2.270	90.862
2.280	91.226
2.290	91.589
2.300	91.953
2.310	92.316
2.320	92.680
2.330	93.043
2.340	93.407
2.350	93.770
2.360	94.134
2.370	94.498
2.380	94.862
2.390	95.226
2.400	95.590
2.410	95.954
2.420	96.318
2.430	96.682
2.440	97.046
2.450	97.410
2.460	97.775
2.470	98.139
2.480	98.504
2.490	98.868
2.500	99.233
2.510	99.597
2.520	99.962
2.530	100.326
2.540	100.691
2.550	101.056
2.560	101.421
2.570	101.786
2.580	102.151
2.590	102.516
2.600	102.881
2.610	103.246
2.620	103.611
2.630	103.976
2.640	104.342
2.650	104.707
2.660	105.072
2.670	105.438
2.680	105.803
2.690	106.169
2.700	106.534
2.710	106.900
2.720	107.266
2.730	107.631
2.740	107.997
2.750	108.363
2.760	108.729
2.770	109.095
2.780	109.461
2.790	109.827
2.800	110.193
2.810	110.559
2.820	110.926
2.830	111.292
2.840	111.658
2.850	112.025
2.860	112.391
2.870	112.757
2.880	113.124
2.890	113.491
2.900	113.857
2.910	114.224
2.920	114.591
2.930	114.957
2.940	115.324
2.950	115.691
2.960	116.058
2.970	116.425
2.980	116.792
2.990	117.159
3.000	117.526
3.010	117.894
3.020	118.261
3.030	118.628
3.040	118.996
3.050	119.363
3.060	119.730
3.070	120.098
3.080	120.465
3.090	120.833
3.100	121.201
3.110	121.568
3.120	121.936
3.130	122.304
3.140	122.672
3.150	123.040
3.160	123.408
3.170	123.776
3.180	124.144
3.190	124.512
3.200	124.880
3.210	125.248
3.220	125.616
3.230	125.985
3.240	126.353
3.250	126.721
3.260	127.090
3.270	127.458
3.280	127.827
3.290	128.195
3.300	128.564
3.310	128.933
3.320	129.301
3.330	129.670
3.340	130.039
3.350	130.408
3.360	130.777
3.370	131.146
3.380	131.515
3.390	131.884
3.400	132.253
3.410	132.622
3.420	132.991
3.430	133.361
3.440	133.730
3.450	134.099
3.460	134.469
3.470	134.838
3.480	135.208
3.490	135.577
3.500	135.947
3.510	136.316
3.520	136.686
3.530	137.056
3.540	137.425
3.550	137.795
3.560	138.165
3.570	138.535
3.580	138.905
3.590	139.275
3.600	139.645
3.610	140.015
3.620	140.385
3.630	140.755
3.640	141.126
3.650	141.496
3.660	141.866
3.670	142.237
3.680	142.607
3.690	142.977
3.700	143.348
3.710	143.718
3.720	144.089
3.730	144.460
3.740	144.830
3.750	145.201
3.760	145.572
3.770	145.943
3.780	146.314
3.790	146.684
3.800	147.055
3.810	147.426
3.820	147.797
3.830	148.169
3.840	148.540
3.850	148.911
3.860	149.282
3.870	149.653
3.880	150.025
3.890	150.396
3.900	150.767
3.910	151.139
3.920	151.510
3.930	151.882
3.940	152.253
3.950	152.625
3.960	152.997
3.970	153.368
3.980	153.740
3.990	154.112
4.000	154.484
4.010	154.855
4.020	155.227
4.030	155.599
4.040	155.971
4.050	156.343
4.060	156.715
4.070	157.088
4.080	157.460
4.090	157.832
4.100	158.204
4.110	158.576
4.120	158.949
4.130	159.321
4.140	159.694
4.150	160.066
4.160	160.439
4.170	160.811
4.180	161.184
4.190	161.556
4.200	161.929
4.210	162.302
4.220	162.674
4.230	163.047
4.240	163.420
4.250	163.793
4.260	164.166
4.270	164.539
4.280	164.912
4.290	165.285
4.300	165.658
4.310	166.031
4.320	166.404
4.330	166.777
4.340	167.151
4.350	167.524
4.360	167.897
4.370	168.271
4.380	168.644
4.390	169.017
4.400	169.391
4.410	169.764
4.420	170.138
4.430	170.511
4.440	170.885
4.450	171.259
4.460	171.633
4.470	172.006
4.480	172.380
4.490	172.754
4.500	173.128
4.510	173.502
4.520	173.876
4.530	174.250
4.540	174.624
4.550	174.998
4.560	175.372
4.570	175.746
4.580	176.120
4.590	176.494
4.600	176.869
4.610	177.243
4.620	177.617
4.630	177.992
4.640	178.366
4.650	178.741
4.660	179.115
4.670	179.490
4.680	179.864
4.690	180.239
4.700	180.613
4.710	180.988
4.720	181.363
4.730	181.738
4.740	182.112
4.750	182.487
4.760	182.862
4.770	183.237
4.780	183.612
4.790	183.987
4.800	184.362
4.810	184.737
4.820	185.112
4.830	185.487
4.840	185.862
4.850	186.238
4.860	186.613
4.870	186.988
4.880	187.363
4.890	187.738
4.900	188.114
4.910	188.489
4.920	188.864
4.930	189.239
4.940	189.614
4.950	189.989
4.960	190.365
4.970	190.740
4.980	191.115
4.990	191.490
5.000	191.865
5.010	192.240
5.020	192.615
5.030	192.990
5.040	193.365
5.050	193.740
5.060	194.115
5.070	194.490
5.080	194.865
5.090	195.240
5.100	195.615
5.110	195.989
5.120	196.364
5.130	196.739
5.140	197.114
5.150	197.489
5.160	197.864
5.170	198.238
5.180	198.613
5.190	198.988
5.200	199.362
5.210	199.737
5.220	200.112
5.230	200.486
5.240	200.861
5.250	201.235
5.260	201.610
5.270	201.984
5.280	202.359
5.290	202.733
5.300	203.108
5.310	203.482
5.320	203.856
5.330	204.231
5.340	204.605
5.350	204.979
5.360	205.354
5.370	205.728
5.380	206.102
5.390	206.476
5.400	206.850
5.410	207.224
5.420	207.598
5.430	207.972
5.440	208.346
5.450	208.720
5.460	209.094
5.470	209.468
5.480	209.842
5.490	210.215
5.500	210.589
5.510	210.963
5.520	211.337
5.530	211.710
5.540	212.084
5.550	212.457
5.560	212.831
5.570	213.204
5.580	213.578
5.590	213.951
5.600	214.324
5.610	214.698
5.620	215.071
5.630	215.444
5.640	215.817
5.650	216.190
5.660	216.564
5.670	216.937
5.680	217.310
5.690	217.682
5.700	218.055
5.710	218.428
5.720	218.801
5.730	219.174
5.740	219.546
5.750	219.919
5.760	220.292
5.770	220.664
5.780	221.037
5.790	221.409
5.800	221.781
5.810	222.154
5.820	222.526
5.830	222.898
5.840	223.270
5.850	223.642
5.860	224.015
5.870	224.387
5.880	224.758
5.890	225.130
5.900	225.502
5.910	225.874
5.920	226.246
5.930	226.617
5.940	226.989
5.950	227.360
5.960	227.732
5.970	228.103
5.980	228.475
5.990	228.846
6.000	229.217
6.010	229.588
6.020	229.959
6.030	230.330
6.040	230.701
6.050	231.072
6.060	231.443
6.070	231.814
6.080	232.184
6.090	232.555
6.100	232.926
6.110	233.296
6.120	233.667
6.130	234.037
6.140	234.407
6.150	234.777
6.160	235.148
6.170	235.518
6.180	235.888
6.190	236.258
6.200	236.627
6.210	236.997
6.220	237.367
6.230	237.737
6.240	238.106
6.250	238.476
6.260	238.845
6.270	239.214
6.280	239.584
6.290	239.953
6.300	240.322
6.310	240.691
6.320	241.060
6.330	241.429
6.340	241.797
6.350	242.166
6.360	242.535
6.370	242.903
6.380	243.272
6.390	243.640
6.400	244.008
6.410	244.377
6.420	244.745
6.430	245.113
6.440	245.481
6.450	245.848
6.460	246.216
6.470	246.584
6.480	246.952
6.490	247.319
6.500	247.686
6.510	248.054
6.520	248.421
6.530	248.788
6.540	249.155
6.550	249.522
6.560	249.889
6.570	250.256
6.580	250.623
6.590	250.989
6.600	251.356
6.610	251.722
6.620	252.088
6.630	252.455
6.640	252.821
6.650	253.187
6.660	253.553
6.670	253.919
6.680	254.284
6.690	254.650
6.700	255.015
6.710	255.381
6.720	255.746
6.730	256.111
6.740	256.477
6.750	256.842
6.760	257.207
6.770	257.571
6.780	257.936
6.790	258.301
6.800	258.665
6.810	259.030
6.820	259.394
6.830	259.758
6.840	260.122
6.850	260.486
6.860	260.850
6.870	261.214
6.880	261.578
6.890	261.941
6.900	262.305
6.910	262.668
6.920	263.031
6.930	263.394
6.940	263.757
6.950	264.120
6.960	264.483
6.970	264.846
6.980	265.208
6.990	265.571
7.000	265.933
7.010	266.295
7.020	266.657
7.030	267.019
7.040	267.381
7.050	267.743
7.060	268.104
7.070	268.466
7.080	268.827
7.090	269.189
7.100	269.550
7.110	269.911
7.120	270.272
7.130	270.632
7.140	270.993
7.150	271.353
7.160	271.713
7.170	272.073
7.180	272.433
7.190	272.793
7.200	273.152
7.210	273.511
7.220	273.870
7.230	274.229
7.240	274.588
7.250	274.947
7.260	275.305
7.270	275.663
7.280	276.021
7.290	276.379
7.300	276.737
7.310	277.095
7.320	277.452
7.330	277.809
7.340	278.166
7.350	278.523
7.360	278.879
7.370	279.236
7.380	279.592
7.390	279.948
7.400	280.304
7.410	280.660
7.420	281.015
7.430	281.370
7.440	281.725
7.450	282.080
7.460	282.435
7.470	282.790
7.480	283.144
7.490	283.498
7.500	283.852
7.510	284.206
7.520	284.559
7.530	284.913
7.540	285.266
7.550	285.619
7.560	285.972
7.570	286.324
7.580	286.677
7.590	287.029
7.600	287.381
7.610	287.732
7.620	288.084
7.630	288.435
7.640	288.787
7.650	289.137
7.660	289.488
7.670	289.839
7.680	290.189
7.690	290.539
7.700	290.889
7.710	291.239
7.720	291.588
7.730	291.938
7.740	292.287
7.750	292.636
7.760	292.984
7.770	293.333
7.780	293.681
7.790	294.029
7.800	294.377
7.810	294.725
7.820	295.072
7.830	295.419
7.840	295.766
7.850	296.113
7.860	296.459
7.870	296.806
7.880	297.152
7.890	297.498
7.900	297.843
7.910	298.189
7.920	298.534
7.930	298.879
7.940	299.224
7.950	299.568
7.960	299.913
7.970	300.257
7.980	300.600
7.990	300.944
8.000	301.288
8.010	301.631
8.020	301.974
8.030	302.316
8.040	302.659
8.050	303.001
8.060	303.343
8.070	303.685
8.080	304.027
8.090	304.368
8.100	304.709
8.110	305.050
8.120	305.391
8.130	305.732
8.140	306.072
8.150	306.412
8.160	306.752
8.170	307.092
8.180	307.431
8.190	307.770
8.200	308.109
8.210	308.448
8.220	308.786
8.230	309.125
8.240	309.463
8.250	309.800
8.260	310.138
8.270	310.475
8.280	310.812
8.290	311.149
8.300	311.486
8.310	311.822
8.320	312.159
8.330	312.494
8.340	312.830
8.350	313.166
8.360	313.501
8.370	313.836
8.380	314.171
8.390	314.505
8.400	314.840
8.410	315.174
8.420	315.507
8.430	315.841
8.440	316.174
8.450	316.507
8.460	316.840
8.470	317.173
8.480	317.505
8.490	317.837
8.500	318.169
8.510	318.501
8.520	318.832
8.530	319.164
8.540	319.494
8.550	319.825
8.560	320.156
8.570	320.486
8.580	320.816
8.590	321.145
8.600	321.475
8.610	321.804
8.620	322.133
8.630	322.462
8.640	322.790
8.650	323.118
8.660	323.446
8.670	323.774
8.680	324.101
8.690	324.429
8.700	324.755
8.710	325.082
8.720	325.409
8.730	325.735
8.740	326.061
8.750	326.386
8.760	326.712
8.770	327.037
8.780	327.362
8.790	327.686
8.800	328.011
8.810	328.335
8.820	328.659
8.830	328.982
8.840	329.306
8.850	329.629
8.860	329.952
8.870	330.274
8.880	330.597
8.890	330.919
8.900	331.240
8.910	331.562
8.920	331.883
8.930	332.204
8.940	332.525
8.950	332.845
8.960	333.166
8.970	333.486
8.980	333.805
8.990	334.125
9.000	334.444
9.010	334.763
9.020	335.081
9.030	335.400
9.040	335.719
9.050	336.037
9.060	336.355
9.070	336.673
9.080	336.991
9.090	337.309
9.100	337.627
9.110	337.944
9.120	338.262
9.130	338.579
9.140	338.896
9.150	339.213
9.160	339.530
9.170	339.847
9.180	340.164
9.190	340.480
9.200	340.797
9.210	341.113
9.220	341.429
9.230	341.745
9.240	342.061
9.250	342.377
9.260	342.692
9.270	343.008
9.280	343.323
9.290	343.638
9.300	343.953
9.310	344.268
9.320	344.583
9.330	344.897
9.340	345.212
9.350	345.526
9.360	345.840
9.370	346.154
9.380	346.468
9.390	346.782
9.400	347.096
9.410	347.409
9.420	347.723
9.430	348.036
9.440	348.349
9.450	348.662
9.460	348.975
9.470	349.288
9.480	349.600
9.490	349.913
9.500	350.225
9.510	350.537
9.520	350.849
9.530	351.161
9.540	351.473
9.550	351.784
9.560	352.096
9.570	352.407
9.580	352.718
9.590	353.029
9.600	353.340
9.610	353.651
9.620	353.962
9.630	354.272
9.640	354.583
9.650	354.893
9.660	355.203
9.670	355.513
9.680	355.823
9.690	356.133
9.700	356.442
9.710	356.752
9.720	357.061
9.730	357.370
9.740	357.679
9.750	357.988
9.760	358.297
9.770	358.606
9.780	358.915
9.790	359.223
9.800	359.531
9.810	359.840
9.820	360.148
9.830	360.456
9.840	360.763
9.850	361.071
9.860	361.379
9.870	361.686
9.880	361.994
9.890	362.301
9.900	362.608
9.910	362.915
9.920	363.221
9.930	363.528
9.940	363.835
9.950	364.141
9.960	364.447
9.970	364.754
9.980	365.060
9.990	365.365
10.000	365.671
10.010	365.977
10.020	366.282
10.030	366.588
10.040	366.893
10.050	367.198
10.060	367.504
10.070	367.809
10.080	368.114
10.090	368.419
10.100	368.724
10.110	369.029
10.120	369.334
10.130	369.639
10.140	369.944
10.150	370.249
10.160	370.554
10.170	370.859
10.180	371.164
10.190	371.469
10.200	371.774
10.210	372.078
10.220	372.383
10.230	372.688
10.240	372.992
10.250	373.297
10.260	373.602
10.270	373.906
10.280	374.211
10.290	374.515
10.300	374.820
10.310	375.124
10.320	375.428
10.330	375.733
10.340	376.037
10.350	376.342
10.360	376.646
10.370	376.950
10.380	377.254
10.390	377.558
10.400	377.863
10.410	378.167
10.420	378.471
10.430	378.775
10.440	379.079
10.450	379.383
10.460	379.687
10.470	379.991
10.480	380.295
10.490	380.599
10.500	380.903
10.510	381.206
10.520	381.510
10.530	381.814
10.540	382.118
10.550	382.422
10.560	382.725
10.570	383.029
10.580	383.333
10.590	383.636
10.600	383.940
10.610	384.243
10.620	384.547
10.630	384.851
10.640	385.154
10.650	385.458
10.660	385.761
10.670	386.064
10.680	386.368
10.690	386.671
10.700	386.975
10.710	387.278
10.720	387.581
10.730	387.884
10.740	388.188
10.750	388.491
10.760	388.794
10.770	389.097
10.780	389.401
10.790	389.704
10.800	390.007
10.810	390.310
10.820	390.613
10.830	390.916
10.840	391.219
10.850	391.522
10.860	391.825
10.870	392.128
10.880	392.431
10.890	392.734
10.900	393.037
10.910	393.340
10.920	393.643
10.930	393.945
10.940	394.248
10.950	394.551
10.960	394.854
10.970	395.157
10.980	395.459
10.990	395.762
11.000	396.065
11.010	396.368
11.020	396.670
11.030	396.973
11.040	397.276
11.050	397.578
11.060	397.881
11.070	398.183
11.080	398.486
11.090	398.789
11.100	399.091
11.110	399.393
11.120	399.696
11.130	399.998
11.140	400.301
11.150	400.603
11.160	400.905
11.170	401.207
11.180	401.510
11.190	401.812
11.200	402.114
11.210	402.416
11.220	402.718
11.230	403.020
11.240	403.322
11.250	403.624
11.260	403.926
11.270	404.228
11.280	404.530
11.290	404.832
11.300	405.134
11.310	405.436
11.320	405.738
11.330	406.039
11.340	406.341
11.350	406.643
11.360	406.944
11.370	407.246
11.380	407.548
11.390	407.849
11.400	408.151
11.410	408.452
11.420	408.754
11.430	409.055
11.440	409.357
11.450	409.658
11.460	409.960
11.470	410.261
11.480	410.562
11.490	410.864
11.500	411.165
11.510	411.466
11.520	411.767
11.530	412.068
11.540	412.370
11.550	412.671
11.560	412.972
11.570	413.273
11.580	413.574
11.590	413.875
11.600	414.176
11.610	414.477
11.620	414.778
11.630	415.079
11.640	415.380
11.650	415.681
11.660	415.982
11.670	416.283
11.680	416.583
11.690	416.884
11.700	417.185
11.710	417.486
11.720	417.786
11.730	418.087
11.740	418.388
11.750	418.688
11.760	418.989
11.770	419.290
11.780	419.590
11.790	419.891
11.800	420.191
11.810	420.492
11.820	420.792
11.830	421.093
11.840	421.393
11.850	421.694
11.860	421.994
11.870	422.295
11.880	422.595
11.890	422.895
11.900	423.196
11.910	423.496
11.920	423.796
11.930	424.096
11.940	424.397
11.950	424.697
11.960	424.997
11.970	425.297
11.980	425.598
11.990	425.898
12.000	426.198
12.010	426.498
12.020	426.798
12.030	427.098
12.040	427.398
12.050	427.698
12.060	427.998
12.070	428.298
12.080	428.598
12.090	428.898
12.100	429.198
12.110	429.498
12.120	429.798
12.130	430.098
12.140	430.397
12.150	430.697
12.160	430.997
12.170	431.296
12.180	431.596
12.190	431.895
12.200	432.195
12.210	432.494
12.220	432.793
12.230	433.093
12.240	433.392
12.250	433.691
12.260	433.990
12.270	434.289
12.280	434.588
12.290	434.887
12.300	435.186
12.310	435.485
12.320	435.783
12.330	436.082
12.340	436.381
12.350	436.679
12.360	436.978
12.370	437.277
12.380	437.575
12.390	437.873
12.400	438.172
12.410	438.470
12.420	438.768
12.430	439.067
12.440	439.365
12.450	439.663
12.460	439.961
12.470	440.259
12.480	440.557
12.490	440.855
12.500	441.153
12.510	441.450
12.520	441.748
12.530	442.046
12.540	442.343
12.550	442.641
12.560	442.939
12.570	443.236
12.580	443.533
12.590	443.831
12.600	444.128
12.610	444.425
12.620	444.723
12.630	445.020
12.640	445.317
12.650	445.614
12.660	445.911
12.670	446.208
12.680	446.505
12.690	446.802
12.700	447.099
12.710	447.396
12.720	447.693
12.730	447.989
12.740	448.286
12.750	448.583
12.760	448.879
12.770	449.176
12.780	449.472
12.790	449.769
12.800	450.065
12.810	450.361
12.820	450.658
12.830	450.954
12.840	451.250
12.850	451.546
12.860	451.842
12.870	452.138
12.880	452.434
12.890	452.730
12.900	453.026
12.910	453.322
12.920	453.618
12.930	453.914
12.940	454.210
12.950	454.505
12.960	454.801
12.970	455.097
12.980	455.392
12.990	455.688
13.000	455.983
13.010	456.279
13.020	456.574
13.030	456.869
13.040	457.165
13.050	457.460
13.060	457.755
13.070	458.050
13.080	458.345
13.090	458.640
13.100	458.935
13.110	459.230
13.120	459.525
13.130	459.820
13.140	460.115
13.150	460.410
13.160	460.705
13.170	461.000
13.180	461.295
13.190	461.590
13.200	461.885
13.210	462.179
13.220	462.474
13.230	462.769
13.240	463.064
13.250	463.359
13.260	463.653
13.270	463.948
13.280	464.243
13.290	464.538
13.300	464.832
13.310	465.127
13.320	465.422
13.330	465.716
13.340	466.011
13.350	466.306
13.360	466.600
13.370	466.895
13.380	467.190
13.390	467.484
13.400	467.779
13.410	468.074
13.420	468.368
13.430	468.663
13.440	468.957
13.450	469.252
13.460	469.547
13.470	469.841
13.480	470.136
13.490	470.430
13.500	470.725
13.510	471.019
13.520	471.314
13.530	471.608
13.540	471.903
13.550	472.197
13.560	472.492
13.570	472.786
13.580	473.081
13.590	473.375
13.600	473.670
13.610	473.964
13.620	474.259
13.630	474.553
13.640	474.848
13.650	475.142
13.660	475.437
13.670	475.731
13.680	476.026
13.690	476.320
13.700	476.615
13.710	476.909
13.720	477.203
13.730	477.498
13.740	477.792
13.750	478.087
13.760	478.381
13.770	478.676
13.780	478.970
13.790	479.264
13.800	479.559
13.810	479.853
13.820	480.148
13.830	480.442
13.840	480.736
13.850	481.031
13.860	481.325
13.870	481.620
13.880	481.914
13.890	482.209
13.900	482.503
13.910	482.797
13.920	483.092
13.930	483.386
13.940	483.681
13.950	483.975
13.960	484.269
13.970	484.564
13.980	484.858
13.990	485.153
14.000	485.447
14.010	485.742
14.020	486.036
14.030	486.330
14.040	486.625
14.050	486.919
14.060	487.214
14.070	487.508
14.080	487.803
14.090	488.097
14.100	488.392
14.110	488.686
14.120	488.981
14.130	489.275
14.140	489.570
14.150	489.864
14.160	490.158
14.170	490.453
14.180	490.747
14.190	491.042
14.200	491.337
14.210	491.631
14.220	491.926
14.230	492.220
14.240	492.515
14.250	492.809
14.260	493.104
14.270	493.398
14.280	493.693
14.290	493.987
14.300	494.282
14.310	494.577
14.320	494.871
14.330	495.166
14.340	495.460
14.350	495.755
14.360	496.050
14.370	496.344
14.380	496.639
14.390	496.934
14.400	497.228
14.410	497.523
14.420	497.818
14.430	498.112
14.440	498.407
14.450	498.702
14.460	498.997
14.470	499.291
14.480	499.586
14.490	499.881
14.500	500.176
14.510	500.471
14.520	500.765
14.530	501.060
14.540	501.355
14.550	501.650
14.560	501.945
14.570	502.240
14.580	502.535
14.590	502.829
14.600	503.124
14.610	503.419
14.620	503.714
14.630	504.009
14.640	504.304
14.650	504.599
14.660	504.894
14.670	505.189
14.680	505.484
14.690	505.779
14.700	506.074
14.710	506.369
14.720	506.665
14.730	506.960
14.740	507.255
14.750	507.550
14.760	507.845
14.770	508.140
14.780	508.436
14.790	508.731
14.800	509.026
14.810	509.321
14.820	509.617
14.830	509.912
14.840	510.207
14.850	510.503
14.860	510.798
14.870	511.093
14.880	511.389
14.890	511.684
14.900	511.980
14.910	512.275
14.920	512.570
14.930	512.866
14.940	513.161
14.950	513.457
14.960	513.753
14.970	514.048
14.980	514.344
14.990	514.639
15.000	514.935
15.010	515.231
15.020	515.526
15.030	515.822
15.040	516.118
15.050	516.414
15.060	516.709
15.070	517.005
15.080	517.301
15.090	517.597
15.100	517.893
15.110	518.189
15.120	518.485
15.130	518.781
15.140	519.077
15.150	519.373
15.160	519.669
15.170	519.965
15.180	520.261
15.190	520.557
15.200	520.853
15.210	521.149
15.220	521.445
15.230	521.742
15.240	522.038
15.250	522.334
15.260	522.630
15.270	522.927
15.280	523.223
15.290	523.519
15.300	523.816
15.310	524.112
15.320	524.409
15.330	524.705
15.340	525.002
15.350	525.298
15.360	525.595
15.370	525.892
15.380	526.188
15.390	526.485
15.400	526.782
15.410	527.078
15.420	527.375
15.430	527.672
15.440	527.969
15.450	528.266
15.460	528.562
15.470	528.859
15.480	529.156
15.490	529.453
15.500	529.750
15.510	530.047
15.520	530.345
15.530	530.642
15.540	530.939
15.550	531.236
15.560	531.533
15.570	531.830
15.580	532.128
15.590	532.425
15.600	532.722
15.610	533.020
15.620	533.317
15.630	533.615
15.640	533.912
15.650	534.210
15.660	534.507
15.670	534.805
15.680	535.103
15.690	535.400
15.700	535.698
15.710	535.996
15.720	536.294
15.730	536.591
15.740	536.889
15.750	537.187
15.760	537.485
15.770	537.783
15.780	538.081
15.790	538.379
15.800	538.677
15.810	538.976
15.820	539.274
15.830	539.572
15.840	539.870
15.850	540.169
15.860	540.467
15.870	540.765
15.880	541.064
15.890	541.362
15.900	541.661
15.910	541.959
15.920	542.258
15.930	542.556
15.940	542.855
15.950	543.154
15.960	543.453
15.970	543.751
15.980	544.050
15.990	544.349
16.000	544.648
16.010	544.947
16.020	545.246
16.030	545.545
16.040	545.844
16.050	546.144
16.060	546.443
16.070	546.742
16.080	547.041
16.090	547.341
16.100	547.640
16.110	547.939
16.120	548.239
16.130	548.538
16.140	548.838
16.150	549.138
16.160	549.437
16.170	549.737
16.180	550.037
16.190	550.337
16.200	550.636
16.210	550.936
16.220	551.236
16.230	551.536
16.240	551.836
16.250	552.136
16.260	552.437
16.270	552.737
16.280	553.037
16.290	553.337
16.300	553.638
16.310	553.938
16.320	554.239
16.330	554.539
16.340	554.840
16.350	555.140
16.360	555.441
16.370	555.742
16.380	556.042
16.390	556.343
16.400	556.644
16.410	556.945
16.420	557.246
16.430	557.547
16.440	557.848
16.450	558.149
16.460	558.450
16.470	558.752
16.480	559.053
16.490	559.354
16.500	559.656
16.510	559.957
16.520	560.259
16.530	560.560
16.540	560.862
16.550	561.164
16.560	561.465
16.570	561.767
16.580	562.069
16.590	562.371
16.600	562.673
16.610	562.975
16.620	563.277
16.630	563.579
16.640	563.881
16.650	564.184
16.660	564.486
16.670	564.788
16.680	565.091
16.690	565.393
16.700	565.696
16.710	565.998
16.720	566.301
16.730	566.604
16.740	566.907
16.750	567.210
16.760	567.512
16.770	567.815
16.780	568.118
16.790	568.422
16.800	568.725
16.810	569.028
16.820	569.331
16.830	569.635
16.840	569.938
16.850	570.242
16.860	570.545
16.870	570.849
16.880	571.152
16.890	571.456
16.900	571.760
16.910	572.064
16.920	572.368
16.930	572.672
16.940	572.976
16.950	573.280
16.960	573.584
16.970	573.888
16.980	574.193
16.990	574.497
17.000	574.801
17.010	575.106
17.020	575.411
17.030	575.715
17.040	576.020
17.050	576.325
17.060	576.630
17.070	576.935
17.080	577.240
17.090	577.545
17.100	577.850
17.110	578.155
17.120	578.460
17.130	578.766
17.140	579.071
17.150	579.377
17.160	579.682
17.170	579.988
17.180	580.293
17.190	580.599
17.200	580.905
17.210	581.211
17.220	581.517
17.230	581.823
17.240	582.129
17.250	582.435
17.260	582.742
17.270	583.048
17.280	583.354
17.290	583.661
17.300	583.967
17.310	584.274
17.320	584.581
17.330	584.888
17.340	585.194
17.350	585.501
17.360	585.808
17.370	586.115
17.380	586.423
17.390	586.730
17.400	587.037
17.410	587.345
17.420	587.652
17.430	587.960
17.440	588.267
17.450	588.575
17.460	588.883
17.470	589.191
17.480	589.499
17.490	589.807
17.500	590.115
17.510	590.423
17.520	590.731
17.530	591.039
17.540	591.348
17.550	591.656
17.560	591.965
17.570	592.274
17.580	592.582
17.590	592.891
17.600	593.200
17.610	593.509
17.620	593.818
17.630	594.127
17.640	594.436
17.650	594.746
17.660	595.055
17.670	595.365
17.680	595.674
17.690	595.984
17.700	596.294
17.710	596.603
17.720	596.913
17.730	597.223
17.740	597.533
17.750	597.844
17.760	598.154
17.770	598.464
17.780	598.774
17.790	599.085
17.800	599.396
17.810	599.706
17.820	600.017
17.830	600.328
17.840	600.639
17.850	600.950
17.860	601.261
17.870	601.572
17.880	601.883
17.890	602.195
17.900	602.506
17.910	602.818
17.920	603.129
17.930	603.441
17.940	603.753
17.950	604.065
17.960	604.377
17.970	604.689
17.980	605.001
17.990	605.313
18.000	605.626
18.010	605.938
18.020	606.251
18.030	606.563
18.040	606.876
18.050	607.189
18.060	607.502
18.070	607.815
18.080	608.128
18.090	608.441
18.100	608.754
18.110	609.068
18.120	609.381
18.130	609.695
18.140	610.008
18.150	610.322
18.160	610.636
18.170	610.950
18.180	611.264
18.190	611.578
18.200	611.892
18.210	612.207
18.220	612.521
18.230	612.836
18.240	613.150
18.250	613.465
18.260	613.780
18.270	614.095
18.280	614.410
18.290	614.725
18.300	615.040
18.310	615.356
18.320	615.671
18.330	615.987
18.340	616.302
18.350	616.618
18.360	616.934
18.370	617.250
18.380	617.566
18.390	617.882
18.400	618.198
18.410	618.514
18.420	618.831
18.430	619.147
18.440	619.464
18.450	619.781
18.460	620.098
18.470	620.414
18.480	620.732
18.490	621.049
18.500	621.366
18.510	621.683
18.520	622.001
18.530	622.318
18.540	622.636
18.550	622.954
18.560	623.272
18.570	623.590
18.580	623.908
18.590	624.226
18.600	624.544
18.610	624.863
18.620	625.181
18.630	625.500
18.640	625.819
18.650	626.138
18.660	626.457
18.670	626.776
18.680	627.095
18.690	627.414
18.700	627.734
18.710	628.053
18.720	628.373
18.730	628.692
18.740	629.012
18.750	629.332
18.760	629.652
18.770	629.972
18.780	630.293
18.790	630.613
18.800	630.934
18.810	631.254
18.820	631.575
18.830	631.896
18.840	632.217
18.850	632.538
18.860	632.859
18.870	633.180
18.880	633.502
18.890	633.823
18.900	634.145
18.910	634.466
18.920	634.788
18.930	635.110
18.940	635.431
18.950	635.753
18.960	636.075
18.970	636.398
18.980	636.720
18.990	637.042
19.000	637.365
19.010	637.687
19.020	638.010
19.030	638.332
19.040	638.655
19.050	638.978
19.060	639.301
19.070	639.624
19.080	639.947
19.090	640.270
19.100	640.594
19.110	640.917
19.120	641.240
19.130	641.564
19.140	641.888
19.150	642.212
19.160	642.535
19.170	642.859
19.180	643.183
19.190	643.508
19.200	643.832
19.210	644.156
19.220	644.481
19.230	644.805
19.240	645.130
19.250	645.455
19.260	645.780
19.270	646.104
19.280	646.430
19.290	646.755
19.300	647.080
19.310	647.405
19.320	647.731
19.330	648.056
19.340	648.382
19.350	648.708
19.360	649.033
19.370	649.359
19.380	649.685
19.390	650.011
19.400	650.338
19.410	650.664
19.420	650.990
19.430	651.317
19.440	651.644
19.450	651.970
19.460	652.297
19.470	652.624
19.480	652.951
19.490	653.278
19.500	653.606
19.510	653.933
19.520	654.260
19.530	654.588
19.540	654.916
19.550	655.243
19.560	655.571
19.570	655.899
19.580	656.227
19.590	656.555
19.600	656.884
19.610	657.212
19.620	657.541
19.630	657.869
19.640	658.198
19.650	658.527
19.660	658.856
19.670	659.185
19.680	659.514
19.690	659.843
19.700	660.173
19.710	660.502
19.720	660.832
19.730	661.161
19.740	661.491
19.750	661.821
19.760	662.151
19.770	662.481
19.780	662.811
19.790	663.142
19.800	663.472
19.810	663.803
19.820	664.133
19.830	664.464
19.840	664.795
19.850	665.126
19.860	665.457
19.870	665.789
19.880	666.120
19.890	666.451
19.900	666.783
19.910	667.115
19.920	667.446
19.930	667.778
19.940	668.110
19.950	668.443
19.960	668.775
19.970	669.107
19.980	669.440
19.990	669.772
20.000	670.105
20.010	670.438
20.020	670.771
20.030	671.104
20.040	671.437
20.050	671.770
20.060	672.104
20.070	672.437
20.080	672.771
20.090	673.105
20.100	673.439
20.110	673.773
20.120	674.107
20.130	674.441
20.140	674.776
20.150	675.110
20.160	675.445
20.170	675.779
20.180	676.114
20.190	676.449
20.200	676.784
20.210	677.120
20.220	677.455
20.230	677.790
20.240	678.126
20.250	678.462
20.260	678.798
20.270	679.134
20.280	679.470
20.290	679.806
20.300	680.142
20.310	680.479
20.320	680.815
20.330	681.152
20.340	681.489
20.350	681.826
20.360	682.163
20.370	682.500
20.380	682.837
20.390	683.175
20.400	683.512
20.410	683.850
20.420	684.188
20.430	684.526
20.440	684.864
20.450	685.202
20.460	685.541
20.470	685.879
20.480	686.218
20.490	686.556
20.500	686.895
20.510	687.234
20.520	687.573
20.530	687.913
20.540	688.252
20.550	688.592
20.560	688.931
20.570	689.271
20.580	689.611
20.590	689.951
20.600	690.291
20.610	690.631
20.620	690.972
20.630	691.312
20.640	691.653
20.650	691.994
20.660	692.335
20.670	692.676
20.680	693.017
20.690	693.359
20.700	693.700
20.710	694.042
20.720	694.384
20.730	694.725
20.740	695.068
20.750	695.410
20.760	695.752
20.770	696.094
20.780	696.437
20.790	696.780
20.800	697.123
20.810	697.466
20.820	697.809
20.830	698.152
20.840	698.496
20.850	698.839
20.860	699.183
20.870	699.527
20.880	699.871
20.890	700.215
20.900	700.559
20.910	700.903
20.920	701.248
20.930	701.593
20.940	701.937
20.950	702.282
20.960	702.628
20.970	702.973
20.980	703.318
20.990	703.664
21.000	704.009
21.010	704.355
21.020	704.701
21.030	705.047
21.040	705.394
21.050	705.740
21.060	706.086
21.070	706.433
21.080	706.780
21.090	707.127
21.100	707.474
21.110	707.821
21.120	708.169
21.130	708.516
21.140	708.864
21.150	709.212
21.160	709.560
21.170	709.908
21.180	710.256
21.190	710.605
21.200	710.953
21.210	711.302
21.220	711.651
21.230	712.000
21.240	712.349
21.250	712.699
21.260	713.048
21.270	713.398
21.280	713.748
21.290	714.097
21.300	714.448
21.310	714.798
21.320	715.148
21.330	715.499
21.340	715.850
21.350	716.200
21.360	716.551
21.370	716.903
21.380	717.254
21.390	717.605
21.400	717.957
21.410	718.309
21.420	718.661
21.430	719.013
21.440	719.365
21.450	719.717
21.460	720.070
21.470	720.423
21.480	720.776
21.490	721.129
21.500	721.482
21.510	721.835
21.520	722.189
21.530	722.542
21.540	722.896
21.550	723.250
21.560	723.604
21.570	723.959
21.580	724.313
21.590	724.668
21.600	725.022
21.610	725.377
21.620	725.733
21.630	726.088
21.640	726.443
21.650	726.799
21.660	727.155
21.670	727.510
21.680	727.867
21.690	728.223
21.700	728.579
21.710	728.936
21.720	729.292
21.730	729.649
21.740	730.006
21.750	730.364
21.760	730.721
21.770	731.079
21.780	731.436
21.790	731.794
21.800	732.152
21.810	732.510
21.820	732.869
21.830	733.227
21.840	733.586
21.850	733.945
21.860	734.304
21.870	734.663
21.880	735.023
21.890	735.382
21.900	735.742
21.910	736.102
21.920	736.462
21.930	736.822
21.940	737.182
21.950	737.543
21.960	737.904
21.970	738.265
21.980	738.626
21.990	738.987
22.000	739.349
22.010	739.710
22.020	740.072
22.030	740.434
22.040	740.796
22.050	741.158
22.060	741.521
22.070	741.883
22.080	742.246
22.090	742.609
22.100	742.972
22.110	743.336
22.120	743.699
22.130	744.063
22.140	744.427
22.150	744.791
22.160	745.155
22.170	745.520
22.180	745.884
22.190	746.249
22.200	746.614
22.210	746.979
22.220	747.344
22.230	747.710
22.240	748.075
22.250	748.441
22.260	748.807
22.270	749.173
22.280	749.540
22.290	749.906
22.300	750.273
22.310	750.640
22.320	751.007
22.330	751.374
22.340	751.742
22.350	752.110
22.360	752.477
22.370	752.845
22.380	753.214
22.390	753.582
22.400	753.951
22.410	754.319
22.420	754.688
22.430	755.057
22.440	755.427
22.450	755.796
22.460	756.166
22.470	756.536
22.480	756.906
22.490	757.276
22.500	757.646
22.510	758.017
22.520	758.388
22.530	758.759
22.540	759.130
22.550	759.501
22.560	759.873
22.570	760.245
22.580	760.617
22.590	760.989
22.600	761.361
22.610	761.734
22.620	762.106
22.630	762.479
22.640	762.852
22.650	763.226
22.660	763.599
22.670	763.973
22.680	764.347
22.690	764.721
22.700	765.095
22.710	765.469
22.720	765.844
22.730	766.219
22.740	766.594
22.750	766.969
22.760	767.345
22.770	767.720
22.780	768.096
22.790	768.472
22.800	768.848
22.810	769.225
22.820	769.601
22.830	769.978
22.840	770.355
22.850	770.732
22.860	771.110
22.870	771.487
22.880	771.865
22.890	772.243
22.900	772.621
22.910	773.000
22.920	773.378
22.930	773.757
22.940	774.136
22.950	774.515
22.960	774.895
22.970	775.274
22.980	775.654
22.990	776.034
23.000	776.414
23.010	776.795
23.020	777.175
23.030	777.556
23.040	777.937
23.050	778.318
23.060	778.700
23.070	779.082
23.080	779.463
23.090	779.845
23.100	780.228
23.110	780.610
23.120	780.993
23.130	781.376
23.140	781.759
23.150	782.142
23.160	782.526
23.170	782.909
23.180	783.293
23.190	783.678
23.200	784.062
23.210	784.447
23.220	784.831
23.230	785.216
23.240	785.601
23.250	785.987
23.260	786.373
23.270	786.758
23.280	787.144
23.290	787.531
23.300	787.917
23.310	788.304
23.320	788.691
23.330	789.078
23.340	789.465
23.350	789.852
23.360	790.240
23.370	790.628
23.380	791.015
23.390	791.403
23.400	791.791
23.410	792.180
23.420	792.568
23.430	792.957
23.440	793.345
23.450	793.734
23.460	794.123
23.470	794.512
23.480	794.902
23.490	795.291
23.500	795.681
23.510	796.070
23.520	796.460
23.530	796.850
23.540	797.241
23.550	797.631
23.560	798.021
23.570	798.412
23.580	798.803
23.590	799.194
23.600	799.585
23.610	799.976
23.620	800.368
23.630	800.759
23.640	801.151
23.650	801.543
23.660	801.935
23.670	802.327
23.680	802.720
23.690	803.112
23.700	803.505
23.710	803.898
23.720	804.291
23.730	804.684
23.740	805.077
23.750	805.471
23.760	805.864
23.770	806.258
23.780	806.652
23.790	807.046
23.800	807.440
23.810	807.835
23.820	808.229
23.830	808.624
23.840	809.019
23.850	809.414
23.860	809.809
23.870	810.205
23.880	810.600
23.890	810.996
23.900	811.392
23.910	811.788
23.920	812.184
23.930	812.581
23.940	812.977
23.950	813.374
23.960	813.771
23.970	814.168
23.980	814.565
23.990	814.963
24.000	815.360
24.010	815.758
24.020	816.156
24.030	816.554
24.040	816.952
24.050	817.350
24.060	817.749
24.070	818.147
24.080	818.546
24.090	818.945
24.100	819.345
24.110	819.744
24.120	820.144
24.130	820.543
24.140	820.943
24.150	821.343
24.160	821.743
24.170	822.144
24.180	822.544
24.190	822.945
24.200	823.346
24.210	823.747
24.220	824.148
24.230	824.550
24.240	824.951
24.250	825.353
24.260	825.755
24.270	826.157
24.280	826.560
24.290	826.962
24.300	827.365
24.310	827.767
24.320	828.170
24.330	828.574
24.340	828.977
24.350	829.380
24.360	829.784
24.370	830.188
24.380	830.592
24.390	830.996
24.400	831.401
24.410	831.805
24.420	832.210
24.430	832.615
24.440	833.020
24.450	833.425
24.460	833.831
24.470	834.237
24.480	834.642
24.490	835.048
24.500	835.455
24.510	835.861
24.520	836.267
24.530	836.674
24.540	837.081
24.550	837.488
24.560	837.896
24.570	838.303
24.580	838.711
24.590	839.118
24.600	839.526
24.610	839.935
24.620	840.343
24.630	840.752
24.640	841.160
24.650	841.569
24.660	841.978
24.670	842.388
24.680	842.797
24.690	843.207
24.700	843.617
24.710	844.027
24.720	844.437
24.730	844.847
24.740	845.258
24.750	845.669
24.760	846.080
24.770	846.491
24.780	846.902
24.790	847.314
24.800	847.726
24.810	848.137
24.820	848.550
24.830	848.962
24.840	849.374
24.850	849.787
24.860	850.200
24.870	850.613
24.880	851.026
24.890	851.440
24.900	851.853
24.910	852.267
24.920	852.681
24.930	853.095
24.940	853.510
24.950	853.924
24.960	854.339
24.970	854.754
24.980	855.169
24.990	855.585
25.000	856.000
25.010	856.416
25.020	856.832
25.030	857.248
25.040	857.665
25.050	858.081
25.060	858.498
25.070	858.915
25.080	859.332
25.090	859.750
25.100	860.167
25.110	860.585
25.120	861.003
25.130	861.421
25.140	861.839
25.150	862.258
25.160	862.677
25.170	863.095
25.180	863.515
25.190	863.934
25.200	864.354
25.210	864.773
25.220	865.193
25.230	865.613
25.240	866.034
25.250	866.454
25.260	866.875
25.270	867.296
25.280	867.717
25.290	868.139
25.300	868.560
25.310	868.982
25.320	869.404
25.330	869.826
25.340	870.249
25.350	870.671
25.360	871.094
25.370	871.517
25.380	871.940
25.390	872.364
25.400	872.787
25.410	873.211
25.420	873.635
25.430	874.059
25.440	874.484
25.450	874.909
25.460	875.334
25.470	875.759
25.480	876.184
25.490	876.609
25.500	877.035
25.510	877.461
25.520	877.887
25.530	878.314
25.540	878.740
25.550	879.167
25.560	879.594
25.570	880.021
25.580	880.449
25.590	880.876
25.600	881.304
25.610	881.732
25.620	882.161
25.630	882.589
25.640	883.018
25.650	883.447
25.660	883.877
25.670	884.307
25.680	884.738
25.690	885.168
25.700	885.599
25.710	886.030
25.720	886.462
25.730	886.893
25.740	887.325
25.750	887.758
25.760	888.190
25.770	888.623
25.780	889.056
25.790	889.489
25.800	889.923
25.810	890.356
25.820	890.790
25.830	891.225
25.840	891.659
25.850	892.094
25.860	892.529
25.870	892.965
25.880	893.401
25.890	893.836
25.900	894.273
25.910	894.709
25.920	895.146
25.930	895.583
25.940	896.020
25.950	896.458
25.960	896.896
25.970	897.334
25.980	897.772
25.990	898.211
26.000	898.650
26.010	899.089
26.020	899.528
26.030	899.968
26.040	900.408
26.050	900.848
26.060	901.289
26.070	901.730
26.080	902.171
26.090	902.612
26.100	903.054
26.110	903.496
26.120	903.938
26.130	904.380
26.140	904.823
26.150	905.266
26.160	905.710
26.170	906.153
26.180	906.597
26.190	907.041
26.200	907.485
26.210	907.930
26.220	908.375
26.230	908.820
26.240	909.266
26.250	909.712
26.260	910.158
26.270	910.604
26.280	911.051
26.290	911.497
26.300	911.945
26.310	912.392
26.320	912.840
26.330	913.288
26.340	913.736
26.350	914.185
26.360	914.633
26.370	915.083
26.380	915.532
26.390	915.982
26.400	916.432
26.410	916.882
26.420	917.332
26.430	917.783
26.440	918.234
26.450	918.686
26.460	919.137
26.470	919.589
26.480	920.041
26.490	920.494
26.500	920.947
26.510	921.400
26.520	921.853
26.530	922.307
26.540	922.761
26.550	923.215
26.560	923.669
26.570	924.124
26.580	924.579
26.590	925.034
26.600	925.490
26.610	925.946
26.620	926.402
26.630	926.859
26.640	927.315
26.650	927.772
26.660	928.230
26.670	928.687
26.680	929.145
26.690	929.603
26.700	930.062
26.710	930.521
26.720	930.980
26.730	931.439
26.740	931.899
26.750	932.359
26.760	932.819
26.770	933.279
26.780	933.740
26.790	934.201
26.800	934.663
26.810	935.124
26.820	935.586
26.830	936.048
26.840	936.511
26.850	936.974
26.860	937.437
26.870	937.900
26.880	938.364
26.890	938.828
26.900	939.292
26.910	939.757
26.920	940.222
26.930	940.687
26.940	941.152
26.950	941.618
26.960	942.084
26.970	942.550
26.980	943.017
26.990	943.484
27.000	943.951
27.010	944.419
27.020	944.886
27.030	945.355
27.040	945.823
27.050	946.292
27.060	946.761
27.070	947.230
27.080	947.699
27.090	948.169
27.100	948.639
27.110	949.110
27.120	949.581
27.130	950.052
27.140	950.523
27.150	950.995
27.160	951.467
27.170	951.939
27.180	952.412
27.190	952.884
27.200	953.358
27.210	953.831
27.220	954.305
27.230	954.779
27.240	955.253
27.250	955.728
27.260	956.203
27.270	956.678
27.280	957.154
27.290	957.629
27.300	958.106
27.310	958.582
27.320	959.059
27.330	959.536
27.340	960.013
27.350	960.491
27.360	960.969
27.370	961.447
27.380	961.926
27.390	962.405
27.400	962.884
27.410	963.363
27.420	963.843
27.430	964.323
27.440	964.804
27.450	965.284
27.460	965.765
27.470	966.247
27.480	966.728
27.490	967.210
27.500	967.692
27.510	968.175
27.520	968.658
27.530	969.141
27.540	969.625
27.550	970.108
27.560	970.592
27.570	971.077
27.580	971.561
27.590	972.046
27.600	972.532
27.610	973.017
27.620	973.503
27.630	973.990
27.640	974.476
27.650	974.963
27.660	975.450
27.670	975.938
27.680	976.425
27.690	976.914
27.700	977.402
27.710	977.891
27.720	978.380
27.730	978.869
27.740	979.359
27.750	979.849
27.760	980.339
27.770	980.830
27.780	981.321
27.790	981.812
27.800	982.303
27.810	982.795
27.820	983.287
27.830	983.780
27.840	984.273
27.850	984.766
27.860	985.259
27.870	985.753
27.880	986.247
27.890	986.741
27.900	987.236
27.910	987.731
27.920	988.227
27.930	988.722
27.940	989.218
27.950	989.714
27.960	990.211
27.970	990.708
27.980	991.205
27.990	991.703
28.000	992.201
28.010	992.699
28.020	993.197
28.030	993.696
28.040	994.195
28.050	994.695
28.060	995.195
28.070	995.695
28.080	996.195
28.090	996.696
28.100	997.197
28.110	997.698
28.120	998.200
28.130	998.702
28.140	999.204
28.150	999.707
28.160	1000.210
28.170	1000.713
28.180	1001.217
28.190	1001.721
28.200	1002.225
28.210	1002.730
28.220	1003.235
28.230	1003.740
28.240	1004.246
28.250	1004.752
28.260	1005.258
28.270	1005.764
28.280	1006.271
28.290	1006.778
28.300	1007.285
28.310	1007.793
28.320	1008.301
28.330	1008.809
28.340	1009.318
28.350	1009.826
28.360	1010.335
28.370	1010.845
28.380	1011.355
28.390	1011.865
28.400	1012.375
28.410	1012.885
28.420	1013.396
28.430	1013.907
28.440	1014.419
28.450	1014.931
28.460	1015.443
28.470	1015.955
28.480	1016.468
28.490	1016.981
28.500	1017.494
28.510	1018.008
28.520	1018.521
28.530	1019.036
28.540	1019.550
28.550	1020.065
28.560	1020.580
28.570	1021.095
28.580	1021.611
28.590	1022.127
28.600	1022.643
28.610	1023.160
28.620	1023.677
28.630	1024.194
28.640	1024.711
28.650	1025.229
28.660	1025.747
28.670	1026.266
28.680	1026.784
28.690	1027.303
28.700	1027.823
28.710	1028.342
28.720	1028.862
28.730	1029.382
28.740	1029.903
28.750	1030.424
28.760	1030.945
28.770	1031.466
28.780	1031.988
28.790	1032.510
28.800	1033.033
28.810	1033.555
28.820	1034.078
28.830	1034.602
28.840	1035.125
28.850	1035.649
28.860	1036.173
28.870	1036.698
28.880	1037.223
28.890	1037.748
28.900	1038.273
28.910	1038.799
28.920	1039.325
28.930	1039.852
28.940	1040.378
28.950	1040.905
28.960	1041.433
28.970	1041.960
28.980	1042.488
28.990	1043.017
29.000	1043.545
29.010	1044.074
29.020	1044.603
29.030	1045.133
29.040	1045.662
29.050	1046.193
29.060	1046.723
29.070	1047.254
29.080	1047.785
29.090	1048.316
29.100	1048.848
29.110	1049.380
29.120	1049.912
29.130	1050.445
29.140	1050.978
29.150	1051.511
29.160	1052.045
29.170	1052.579
29.180	1053.113
29.190	1053.648
29.200	1054.183
29.210	1054.718
29.220	1055.253
29.230	1055.789
29.240	1056.325
29.250	1056.862
29.260	1057.398
29.270	1057.936
29.280	1058.473
29.290	1059.011
29.300	1059.549
29.310	1060.087
29.320	1060.626
29.330	1061.165
29.340	1061.704
29.350	1062.244
29.360	1062.784
29.370	1063.324
29.380	1063.865
29.390	1064.406
29.400	1064.947
29.410	1065.489
29.420	1066.031
29.430	1066.573
29.440	1067.115
29.450	1067.658
29.460	1068.202
29.470	1068.745
29.480	1069.289
29.490	1069.833
29.500	1070.378
29.510	1070.923
29.520	1071.468
29.530	1072.013
29.540	1072.559
29.550	1073.105
29.560	1073.652
29.570	1074.199
29.580	1074.746
29.590	1075.293
29.600	1075.841
29.610	1076.389
29.620	1076.937
29.630	1077.486
29.640	1078.035
29.650	1078.585
29.660	1079.135
29.670	1079.685
29.680	1080.235
29.690	1080.786
29.700	1081.337
29.710	1081.888
29.720	1082.440
29.730	1082.992
29.740	1083.545
29.750	1084.097
29.760	1084.650
29.770	1085.204
29.780	1085.758
29.790	1086.312
29.800	1086.866
29.810	1087.421
29.820	1087.976
29.830	1088.531
29.840	1089.087
29.850	1089.643
29.860	1090.199
29.870	1090.756
29.880	1091.313
29.890	1091.871
29.900	1092.428
29.910	1092.987
29.920	1093.545
29.930	1094.104
29.940	1094.663
29.950	1095.222
29.960	1095.782
29.970	1096.342
29.980	1096.903
29.990	1097.463
30.000	1098.025
