t(c)	y(m)
0.000	0.00
0.010	0.10
0.020	0.20
0.030	0.31
0.040	0.42
0.050	0.53
0.060	0.65
0.070	0.77
0.080	0.89
0.090	1.02
0.100	1.15
0.110	1.29
0.120	1.42
0.130	1.57
0.140	1.71
0.150	1.86
0.160	2.01
0.170	2.17
0.180	2.32
0.190	2.49
0.200	2.65
0.210	2.82
0.220	2.99
0.230	3.17
0.240	3.35
0.250	3.53
0.260	3.72
0.270	3.91
0.280	4.10
0.290	4.30
0.300	4.50
0.310	4.70
0.320	4.91
0.330	5.12
0.340	5.33
0.350	5.55
0.360	5.77
0.370	6.00
0.380	6.23
0.390	6.46
0.400	6.69
0.410	6.93
0.420	7.17
0.430	7.42
0.440	7.67
0.450	7.92
0.460	8.18
0.470	8.44
0.480	8.70
0.490	8.97
0.500	9.24
0.510	9.51
0.520	9.79
0.530	10.07
0.540	10.35
0.550	10.64
0.560	10.93
0.570	11.23
0.580	11.52
0.590	11.83
0.600	12.13
0.610	12.44
0.620	12.75
0.630	13.07
0.640	13.39
0.650	13.71
0.660	14.04
0.670	14.37
0.680	14.70
0.690	15.04
0.700	15.38
0.710	15.72
0.720	16.07
0.730	16.42
0.740	16.77
0.750	17.13
0.760	17.49
0.770	17.86
0.780	18.22
0.790	18.60
0.800	18.97
0.810	19.35
0.820	19.73
0.830	20.12
0.840	20.51
0.850	20.90
0.860	21.30
0.870	21.70
0.880	22.10
0.890	22.51
0.900	22.92
0.910	23.33
0.920	23.75
0.930	24.17
0.940	24.60
0.950	25.02
0.960	25.46
0.970	25.89
0.980	26.33
0.990	26.77
1.000	27.22
1.010	27.67
1.020	28.12
1.030	28.58
1.040	29.04
1.050	29.50
1.060	29.97
1.070	30.44
1.080	30.91
1.090	31.39
1.100	31.87
1.110	32.35
1.120	32.84
1.130	33.33
1.140	33.83
1.150	34.33
1.160	34.83
1.170	35.34
1.180	35.85
1.190	36.36
1.200	36.88
1.210	37.40
1.220	37.92
1.230	38.45
1.240	38.98
1.250	39.51
1.260	40.05
1.270	40.59
1.280	41.13
1.290	41.68
1.300	42.23
1.310	42.79
1.320	43.35
1.330	43.91
1.340	44.48
1.350	45.05
1.360	45.62
1.370	46.20
1.380	46.78
1.390	47.36
1.400	47.95
1.410	48.54
1.420	49.13
1.430	49.73
1.440	50.33
1.450	50.94
1.460	51.55
1.470	52.16
1.480	52.78
1.490	53.40
1.500	54.02
1.510	54.65
1.520	55.28
1.530	55.91
1.540	56.55
1.550	57.19
1.560	57.83
1.570	58.48
1.580	59.13
1.590	59.79
1.600	60.44
1.610	61.11
1.620	61.77
1.630	62.44
1.640	63.11
1.650	63.79
1.660	64.47
1.670	65.15
1.680	65.84
1.690	66.53
1.700	67.23
1.710	67.92
1.720	68.63
1.730	69.33
1.740	70.04
1.750	70.75
1.760	71.47
1.770	72.19
1.780	72.91
1.790	73.64
1.800	74.37
1.810	75.10
1.820	75.84
1.830	76.58
1.840	77.32
1.850	78.07
1.860	78.82
1.870	79.58
1.880	80.34
1.890	81.10
1.900	81.86
1.910	82.63
1.920	83.41
1.930	84.18
1.940	84.96
1.950	85.75
1.960	86.53
1.970	87.32
1.980	88.12
1.990	88.92
2.000	89.72
2.010	90.52
2.020	91.33
2.030	92.14
2.040	92.96
2.050	93.78
2.060	94.60
2.070	95.43
2.080	96.26
2.090	97.09
2.100	97.93
2.110	98.77
2.120	99.62
2.130	100.47
2.140	101.32
2.150	102.17
2.160	103.03
2.170	103.90
2.180	104.76
2.190	105.63
2.200	106.51
2.210	107.38
2.220	108.26
2.230	109.15
2.240	110.04
2.250	110.93
2.260	111.82
2.270	112.72
2.280	113.62
2.290	114.53
2.300	115.44
2.310	116.35
2.320	117.27
2.330	118.19
2.340	119.11
2.350	120.04
2.360	120.97
2.370	121.91
2.380	122.84
2.390	123.79
2.400	124.73
2.410	125.68
2.420	126.63
2.430	127.59
2.440	128.55
2.450	129.51
2.460	130.48
2.470	131.45
2.480	132.43
2.490	133.40
2.500	134.39
2.510	135.37
2.520	136.36
2.530	137.35
2.540	138.35
2.550	139.35
2.560	140.35
2.570	141.36
2.580	142.37
2.590	143.38
2.600	144.40
2.610	145.42
2.620	146.45
2.630	147.48
2.640	148.51
2.650	149.55
2.660	150.59
2.670	151.63
2.680	152.68
2.690	153.73
2.700	154.78
2.710	155.84
2.720	156.90
2.730	157.96
2.740	159.03
2.750	160.11
2.760	161.18
2.770	162.26
2.780	163.34
2.790	164.43
2.800	165.52
2.810	166.61
2.820	167.71
2.830	168.81
2.840	169.92
2.850	171.03
2.860	172.14
2.870	173.26
2.880	174.37
2.890	175.50
2.900	176.62
2.910	177.75
2.920	178.89
2.930	180.03
2.940	181.17
2.950	182.31
2.960	183.46
2.970	184.61
2.980	185.77
2.990	186.93
3.000	188.09
3.010	189.26
3.020	190.43
3.030	191.60
3.040	192.78
3.050	193.96
3.060	195.15
3.070	196.33
3.080	197.53
3.090	198.72
3.100	199.92
3.110	201.13
3.120	202.33
3.130	203.54
3.140	204.76
3.150	205.97
3.160	207.20
3.170	208.42
3.180	209.65
3.190	210.88
3.200	212.12
3.210	213.36
3.220	214.60
3.230	215.85
3.240	217.10
3.250	218.35
3.260	219.61
3.270	220.87
3.280	222.14
3.290	223.40
3.300	224.68
3.310	225.95
3.320	227.23
3.330	228.52
3.340	229.80
3.350	231.09
3.360	232.39
3.370	233.69
3.380	234.99
3.390	236.29
3.400	237.60
3.410	238.92
3.420	240.23
3.430	241.55
3.440	242.88
3.450	244.20
3.460	245.53
3.470	246.87
3.480	248.21
3.490	249.55
3.500	250.89
3.510	252.24
3.520	253.60
3.530	254.95
3.540	256.31
3.550	257.68
3.560	259.04
3.570	260.42
3.580	261.79
3.590	263.17
3.600	264.55
3.610	265.94
3.620	267.33
3.630	268.72
3.640	270.12
3.650	271.52
3.660	272.92
3.670	274.33
3.680	275.74
3.690	277.16
3.700	278.58
3.710	280.00
3.720	281.43
3.730	282.86
3.740	284.29
3.750	285.73
3.760	287.17
3.770	288.61
3.780	290.06
3.790	291.51
3.800	292.97
3.810	294.43
3.820	295.89
3.830	297.36
3.840	298.83
3.850	300.30
3.860	301.78
3.870	303.26
3.880	304.75
3.890	306.23
3.900	307.73
3.910	309.22
3.920	310.72
3.930	312.23
3.940	313.73
3.950	315.24
3.960	316.76
3.970	318.28
3.980	319.80
3.990	321.32
4.000	322.85
4.010	324.39
4.020	325.92
4.030	327.46
4.040	329.01
4.050	330.56
4.060	332.11
4.070	333.66
4.080	335.22
4.090	336.78
4.100	338.35
4.110	339.92
4.120	341.49
4.130	343.07
4.140	344.65
4.150	346.24
4.160	347.82
4.170	349.42
4.180	351.01
4.190	352.61
4.200	354.21
4.210	355.82
4.220	357.43
4.230	359.05
4.240	360.66
4.250	362.28
4.260	363.91
4.270	365.54
4.280	367.17
4.290	368.81
4.300	370.45
4.310	372.09
4.320	373.74
4.330	375.39
4.340	377.04
4.350	378.70
4.360	380.36
4.370	382.03
4.380	383.70
4.390	385.37
4.400	387.05
4.410	388.73
4.420	390.42
4.430	392.10
4.440	393.80
4.450	395.49
4.460	397.19
4.470	398.89
4.480	400.60
4.490	402.31
4.500	404.02
4.510	405.74
4.520	407.46
4.530	409.19
4.540	410.92
4.550	412.65
4.560	414.39
4.570	416.13
4.580	417.87
4.590	419.62
4.600	421.37
4.610	423.12
4.620	424.88
4.630	426.64
4.640	428.41
4.650	430.18
4.660	431.95
4.670	433.73
4.680	435.51
4.690	437.29
4.700	439.08
4.710	440.87
4.720	442.67
4.730	444.47
4.740	446.27
4.750	448.08
4.760	449.89
4.770	451.70
4.780	453.52
4.790	455.34
4.800	457.17
4.810	459.00
4.820	460.83
4.830	462.67
4.840	464.51
4.850	466.35
4.860	468.20
4.870	470.05
4.880	471.90
4.890	473.76
4.900	475.62
4.910	477.49
4.920	479.36
4.930	481.23
4.940	483.11
4.950	484.99
4.960	486.88
4.970	488.77
4.980	490.66
4.990	492.55
5.000	494.45
5.010	496.36
5.020	498.26
5.030	500.17
5.040	502.09
5.050	504.01
5.060	505.93
5.070	507.85
5.080	509.78
5.090	511.72
5.100	513.65
5.110	515.59
5.120	517.54
5.130	519.49
5.140	521.44
5.150	523.39
5.160	525.35
5.170	527.31
5.180	529.28
5.190	531.25
5.200	533.22
5.210	535.20
5.220	537.18
5.230	539.17
5.240	541.16
5.250	543.15
5.260	545.15
5.270	547.15
5.280	549.15
5.290	551.16
5.300	553.17
5.310	555.18
5.320	557.20
5.330	559.22
5.340	561.25
5.350	563.28
5.360	565.31
5.370	567.35
5.380	569.39
5.390	571.43
5.400	573.48
5.410	575.53
5.420	577.59
5.430	579.65
5.440	581.71
5.450	583.78
5.460	585.85
5.470	587.92
5.480	590.00
5.490	592.08
5.500	594.16
5.510	596.25
5.520	598.35
5.530	600.44
5.540	602.54
5.550	604.65
5.560	606.75
5.570	608.86
5.580	610.98
5.590	613.10
5.600	615.22
5.610	617.35
5.620	619.47
5.630	621.61
5.640	623.74
5.650	625.89
5.660	628.03
5.670	630.18
5.680	632.33
5.690	634.48
5.700	636.64
5.710	638.81
5.720	640.97
5.730	643.14
5.740	645.32
5.750	647.49
5.760	649.68
5.770	651.86
5.780	654.05
5.790	656.24
5.800	658.44
5.810	660.64
5.820	662.84
5.830	665.05
5.840	667.26
5.850	669.47
5.860	671.69
5.870	673.91
5.880	676.14
5.890	678.37
5.900	680.60
5.910	682.84
5.920	685.08
5.930	687.32
5.940	689.57
5.950	691.82
5.960	694.07
5.970	696.33
5.980	698.59
5.990	700.86
6.000	703.13
6.010	705.40
6.020	707.68
6.030	709.96
6.040	712.25
6.050	714.53
6.060	716.82
6.070	719.12
6.080	721.42
6.090	723.72
6.100	726.03
6.110	728.34
6.120	730.65
6.130	732.97
6.140	735.29
6.150	737.61
6.160	739.94
6.170	742.28
6.180	744.61
6.190	746.95
6.200	749.29
6.210	751.64
6.220	753.99
6.230	756.34
6.240	758.70
6.250	761.06
6.260	763.43
6.270	765.80
6.280	768.17
6.290	770.55
6.300	772.93
6.310	775.31
6.320	777.70
6.330	780.09
6.340	782.48
6.350	784.88
6.360	787.28
6.370	789.68
6.380	792.09
6.390	794.51
6.400	796.92
6.410	799.34
6.420	801.77
6.430	804.19
6.440	806.62
6.450	809.06
6.460	811.50
6.470	813.94
6.480	816.38
6.490	818.83
6.500	821.28
6.510	823.74
6.520	826.20
6.530	828.66
6.540	831.13
6.550	833.60
6.560	836.08
6.570	838.55
6.580	841.04
6.590	843.52
6.600	846.01
6.610	848.50
6.620	851.00
6.630	853.50
6.640	856.00
6.650	858.51
6.660	861.02
6.670	863.53
6.680	866.05
6.690	868.57
6.700	871.10
6.710	873.63
6.720	876.16
6.730	878.70
6.740	881.24
6.750	883.78
6.760	886.33
6.770	888.88
6.780	891.43
6.790	893.99
6.800	896.55
6.810	899.12
6.820	901.68
6.830	904.26
6.840	906.83
6.850	909.41
6.860	911.99
6.870	914.58
6.880	917.17
6.890	919.77
6.900	922.36
6.910	924.96
6.920	927.57
6.930	930.18
6.940	932.79
6.950	935.40
6.960	938.02
6.970	940.65
6.980	943.27
6.990	945.90
7.000	948.53
7.010	951.17
7.020	953.81
7.030	956.46
7.040	959.10
7.050	961.76
7.060	964.41
7.070	967.07
7.080	969.73
7.090	972.40
7.100	975.07
7.110	977.74
7.120	980.41
7.130	983.09
7.140	985.78
7.150	988.47
7.160	991.16
7.170	993.85
7.180	996.55
7.190	999.25
7.200	1001.95
7.210	1004.66
7.220	1007.37
7.230	1010.09
7.240	1012.81
7.250	1015.53
7.260	1018.26
7.270	1020.99
7.280	1023.72
7.290	1026.46
7.300	1029.20
7.310	1031.94
7.320	1034.69
7.330	1037.44
7.340	1040.20
7.350	1042.95
7.360	1045.72
7.370	1048.48
7.380	1051.25
7.390	1054.02
7.400	1056.80
7.410	1059.58
7.420	1062.36
7.430	1065.15
7.440	1067.94
7.450	1070.73
7.460	1073.53
7.470	1076.33
7.480	1079.13
7.490	1081.94
7.500	1084.75
7.510	1087.56
7.520	1090.38
7.530	1093.20
7.540	1096.03
7.550	1098.86
7.560	1101.69
7.570	1104.53
7.580	1107.36
7.590	1110.21
7.600	1113.05
7.610	1115.90
7.620	1118.76
7.630	1121.61
7.640	1124.47
7.650	1127.34
7.660	1130.20
7.670	1133.07
7.680	1135.95
7.690	1138.82
7.700	1141.70
7.710	1144.59
7.720	1147.48
7.730	1150.37
7.740	1153.26
7.750	1156.16
7.760	1159.06
7.770	1161.97
7.780	1164.88
7.790	1167.79
7.800	1170.70
7.810	1173.62
7.820	1176.54
7.830	1179.47
7.840	1182.40
7.850	1185.33
7.860	1188.27
7.870	1191.21
7.880	1194.15
7.890	1197.10
7.900	1200.05
7.910	1203.00
7.920	1205.96
7.930	1208.92
7.940	1211.88
7.950	1214.85
7.960	1217.82
7.970	1220.79
7.980	1223.77
7.990	1226.75
8.000	1229.73
8.010	1232.72
8.020	1235.71
8.030	1238.70
8.040	1241.70
8.050	1244.70
8.060	1247.71
8.070	1250.71
8.080	1253.72
8.090	1256.74
8.100	1259.76
8.110	1262.78
8.120	1265.80
8.130	1268.83
8.140	1271.86
8.150	1274.90
8.160	1277.93
8.170	1280.98
8.180	1284.02
8.190	1287.07
8.200	1290.12
8.210	1293.18
8.220	1296.23
8.230	1299.30
8.240	1302.36
8.250	1305.43
8.260	1308.50
8.270	1311.58
8.280	1314.65
8.290	1317.74
8.300	1320.82
8.310	1323.91
8.320	1327.00
8.330	1330.10
8.340	1333.19
8.350	1336.30
8.360	1339.40
8.370	1342.51
8.380	1345.62
8.390	1348.74
8.400	1351.85
8.410	1354.98
8.420	1358.10
8.430	1361.23
8.440	1364.36
8.450	1367.49
8.460	1370.63
8.470	1373.77
8.480	1376.92
8.490	1380.07
8.500	1383.22
8.510	1386.37
8.520	1389.53
8.530	1392.69
8.540	1395.86
8.550	1399.02
8.560	1402.20
8.570	1405.37
8.580	1408.55
8.590	1411.73
8.600	1414.91
8.610	1418.10
8.620	1421.29
8.630	1424.48
8.640	1427.68
8.650	1430.88
8.660	1434.09
8.670	1437.29
8.680	1440.50
8.690	1443.72
8.700	1446.93
8.710	1450.15
8.720	1453.38
8.730	1456.60
8.740	1459.83
8.750	1463.07
8.760	1466.30
8.770	1469.54
8.780	1472.78
8.790	1476.03
8.800	1479.28
8.810	1482.53
8.820	1485.79
8.830	1489.04
8.840	1492.31
8.850	1495.57
8.860	1498.84
8.870	1502.11
8.880	1505.39
8.890	1508.66
8.900	1511.94
8.910	1515.23
8.920	1518.52
8.930	1521.81
8.940	1525.10
8.950	1528.40
8.960	1531.70
8.970	1535.00
8.980	1538.31
8.990	1541.62
9.000	1544.93
9.010	1548.25
9.020	1551.56
9.030	1554.89
9.040	1558.21
9.050	1561.54
9.060	1564.87
9.070	1568.21
9.080	1571.55
9.090	1574.89
9.100	1578.23
9.110	1581.58
9.120	1584.93
9.130	1588.28
9.140	1591.64
9.150	1595.00
9.160	1598.36
9.170	1601.73
9.180	1605.10
9.190	1608.47
9.200	1611.85
9.210	1615.23
9.220	1618.61
9.230	1622.00
9.240	1625.38
9.250	1628.77
9.260	1632.17
9.270	1635.57
9.280	1638.97
9.290	1642.37
9.300	1645.78
9.310	1649.19
9.320	1652.60
9.330	1656.02
9.340	1659.44
9.350	1662.86
9.360	1666.29
9.370	1669.72
9.380	1673.15
9.390	1676.58
9.400	1680.02
9.410	1683.46
9.420	1686.91
9.430	1690.35
9.440	1693.81
9.450	1697.26
9.460	1700.72
9.470	1704.18
9.480	1707.64
9.490	1711.11
9.500	1714.57
9.510	1718.05
9.520	1721.52
9.530	1725.00
9.540	1728.48
9.550	1731.97
9.560	1735.46
9.570	1738.95
9.580	1742.44
9.590	1745.94
9.600	1749.44
9.610	1752.94
9.620	1756.45
9.630	1759.96
9.640	1763.47
9.650	1766.98
9.660	1770.50
9.670	1774.03
9.680	1777.55
9.690	1781.08
9.700	1784.61
9.710	1788.14
9.720	1791.68
9.730	1795.22
9.740	1798.76
9.750	1802.31
9.760	1805.86
9.770	1809.41
9.780	1812.97
9.790	1816.52
9.800	1820.09
9.810	1823.65
9.820	1827.22
9.830	1830.79
9.840	1834.36
9.850	1837.94
9.860	1841.52
9.870	1845.10
9.880	1848.69
9.890	1852.28
9.900	1855.87
9.910	1859.46
9.920	1863.06
9.930	1866.66
9.940	1870.27
9.950	1873.88
9.960	1877.49
9.970	1881.10
9.980	1884.72
9.990	1888.33
10.000	1891.96
10.010	1895.58
10.020	1899.21
10.030	1902.84
10.040	1906.48
10.050	1910.11
10.060	1913.76
10.070	1917.40
10.080	1921.05
10.090	1924.70
10.100	1928.35
10.110	1932.00
10.120	1935.66
10.130	1939.32
10.140	1942.99
10.150	1946.66
10.160	1950.33
10.170	1954.00
10.180	1957.68
10.190	1961.36
10.200	1965.04
10.210	1968.73
10.220	1972.42
10.230	1976.11
10.240	1979.80
10.250	1983.50
10.260	1987.20
10.270	1990.91
10.280	1994.61
10.290	1998.32
10.300	2002.04
10.310	2005.75
10.320	2009.47
10.330	2013.19
10.340	2016.92
10.350	2020.65
10.360	2024.38
10.370	2028.11
10.380	2031.85
10.390	2035.59
10.400	2039.33
10.410	2043.08
10.420	2046.83
10.430	2050.58
10.440	2054.33
10.450	2058.09
10.460	2061.85
10.470	2065.62
10.480	2069.39
10.490	2073.16
10.500	2076.93
10.510	2080.71
10.520	2084.48
10.530	2088.27
10.540	2092.05
10.550	2095.84
10.560	2099.63
10.570	2103.43
10.580	2107.22
10.590	2111.02
10.600	2114.83
10.610	2118.63
10.620	2122.44
10.630	2126.26
10.640	2130.07
10.650	2133.89
10.660	2137.71
10.670	2141.53
10.680	2145.36
10.690	2149.19
10.700	2153.03
10.710	2156.86
10.720	2160.70
10.730	2164.54
10.740	2168.39
10.750	2172.24
10.760	2176.09
10.770	2179.94
10.780	2183.80
10.790	2187.66
10.800	2191.53
10.810	2195.39
10.820	2199.26
10.830	2203.13
10.840	2207.01
10.850	2210.89
10.860	2214.77
10.870	2218.65
10.880	2222.54
10.890	2226.43
10.900	2230.33
10.910	2234.22
10.920	2238.12
10.930	2242.02
10.940	2245.93
10.950	2249.84
10.960	2253.75
10.970	2257.66
10.980	2261.58
10.990	2265.50
11.000	2269.42
11.010	2273.35
11.020	2277.28
11.030	2281.21
11.040	2285.15
11.050	2289.09
11.060	2293.03
11.070	2296.97
11.080	2300.92
11.090	2304.87
11.100	2308.82
11.110	2312.78
11.120	2316.74
11.130	2320.70
11.140	2324.67
11.150	2328.64
11.160	2332.61
11.170	2336.58
11.180	2340.56
11.190	2344.54
11.200	2348.52
11.210	2352.51
11.220	2356.50
11.230	2360.49
11.240	2364.49
11.250	2368.49
11.260	2372.49
11.270	2376.49
11.280	2380.50
11.290	2384.51
11.300	2388.52
11.310	2392.54
11.320	2396.56
11.330	2400.58
11.340	2404.61
11.350	2408.63
11.360	2412.66
11.370	2416.70
11.380	2420.74
11.390	2424.78
11.400	2428.82
11.410	2432.87
11.420	2436.91
11.430	2440.97
11.440	2445.02
11.450	2449.08
11.460	2453.14
11.470	2457.21
11.480	2461.27
11.490	2465.34
11.500	2469.42
11.510	2473.49
11.520	2477.57
11.530	2481.65
11.540	2485.74
11.550	2489.83
11.560	2493.92
11.570	2498.01
11.580	2502.11
11.590	2506.21
11.600	2510.31
11.610	2514.42
11.620	2518.53
11.630	2522.64
11.640	2526.75
11.650	2530.87
11.660	2534.99
11.670	2539.11
11.680	2543.24
11.690	2547.37
11.700	2551.50
11.710	2555.64
11.720	2559.78
11.730	2563.92
11.740	2568.06
11.750	2572.21
11.760	2576.36
11.770	2580.52
11.780	2584.67
11.790	2588.83
11.800	2593.00
11.810	2597.16
11.820	2601.33
11.830	2605.50
11.840	2609.68
11.850	2613.85
11.860	2618.03
11.870	2622.22
11.880	2626.40
11.890	2630.59
11.900	2634.78
11.910	2638.98
11.920	2643.18
11.930	2647.38
11.940	2651.58
11.950	2655.79
11.960	2660.00
11.970	2664.21
11.980	2668.43
11.990	2672.65
12.000	2676.87
12.010	2681.10
12.020	2685.32
12.030	2689.56
12.040	2693.79
12.050	2698.03
12.060	2702.27
12.070	2706.51
12.080	2710.75
12.090	2715.00
12.100	2719.26
12.110	2723.51
12.120	2727.77
12.130	2732.03
12.140	2736.29
12.150	2740.56
12.160	2744.83
12.170	2749.10
12.180	2753.38
12.190	2757.66
12.200	2761.94
12.210	2766.22
12.220	2770.51
12.230	2774.80
12.240	2779.09
12.250	2783.39
12.260	2787.69
12.270	2791.99
12.280	2796.30
12.290	2800.60
12.300	2804.92
12.310	2809.23
12.320	2813.55
12.330	2817.87
12.340	2822.19
12.350	2826.52
12.360	2830.84
12.370	2835.18
12.380	2839.51
12.390	2843.85
12.400	2848.19
12.410	2852.53
12.420	2856.88
12.430	2861.23
12.440	2865.58
12.450	2869.94
12.460	2874.30
12.470	2878.66
12.480	2883.02
12.490	2887.39
12.500	2891.76
12.510	2896.13
12.520	2900.51
12.530	2904.89
12.540	2909.27
12.550	2913.66
12.560	2918.04
12.570	2922.44
12.580	2926.83
12.590	2931.23
12.600	2935.63
12.610	2940.03
12.620	2944.44
12.630	2948.84
12.640	2953.26
12.650	2957.67
12.660	2962.09
12.670	2966.51
12.680	2970.93
12.690	2975.36
12.700	2979.79
12.710	2984.22
12.720	2988.66
12.730	2993.09
12.740	2997.53
12.750	3001.98
12.760	3006.43
12.770	3010.88
12.780	3015.33
12.790	3019.78
12.800	3024.24
12.810	3028.71
12.820	3033.17
12.830	3037.64
12.840	3042.11
12.850	3046.58
12.860	3051.06
12.870	3055.54
12.880	3060.02
12.890	3064.50
12.900	3068.99
12.910	3073.48
12.920	3077.98
12.930	3082.48
12.940	3086.98
12.950	3091.48
12.960	3095.98
12.970	3100.49
12.980	3105.00
12.990	3109.52
13.000	3114.04
13.010	3118.56
13.020	3123.08
13.030	3127.61
13.040	3132.14
13.050	3136.67
13.060	3141.20
13.070	3145.74
13.080	3150.28
13.090	3154.83
13.100	3159.37
13.110	3163.92
13.120	3168.47
13.130	3173.03
13.140	3177.59
13.150	3182.15
13.160	3186.71
13.170	3191.28
13.180	3195.85
13.190	3200.43
13.200	3205.00
13.210	3209.58
13.220	3214.16
13.230	3218.75
13.240	3223.34
13.250	3227.93
13.260	3232.52
13.270	3237.12
13.280	3241.72
13.290	3246.32
13.300	3250.92
13.310	3255.53
13.320	3260.14
13.330	3264.76
13.340	3269.37
13.350	3273.99
13.360	3278.62
13.370	3283.24
13.380	3287.87
13.390	3292.50
13.400	3297.14
13.410	3301.77
13.420	3306.42
13.430	3311.06
13.440	3315.70
13.450	3320.35
13.460	3325.01
13.470	3329.66
13.480	3334.32
13.490	3338.98
13.500	3343.64
13.510	3348.31
13.520	3352.98
13.530	3357.65
13.540	3362.33
13.550	3367.01
13.560	3371.69
13.570	3376.37
13.580	3381.06
13.590	3385.75
13.600	3390.44
13.610	3395.14
13.620	3399.84
13.630	3404.54
13.640	3409.24
13.650	3413.95
13.660	3418.66
13.670	3423.38
13.680	3428.09
13.690	3432.81
13.700	3437.53
13.710	3442.26
13.720	3446.99
13.730	3451.72
13.740	3456.45
13.750	3461.19
13.760	3465.93
13.770	3470.67
13.780	3475.42
13.790	3480.17
13.800	3484.92
13.810	3489.67
13.820	3494.43
13.830	3499.19
13.840	3503.95
13.850	3508.72
13.860	3513.49
13.870	3518.26
13.880	3523.03
13.890	3527.81
13.900	3532.59
13.910	3537.38
13.920	3542.16
13.930	3546.95
13.940	3551.74
13.950	3556.54
13.960	3561.34
13.970	3566.14
13.980	3570.94
13.990	3575.75
14.000	3580.56
14.010	3585.37
14.020	3590.19
14.030	3595.01
14.040	3599.83
14.050	3604.65
14.060	3609.48
14.070	3614.31
14.080	3619.14
14.090	3623.98
14.100	3628.82
14.110	3633.66
14.120	3638.51
14.130	3643.35
14.140	3648.21
14.150	3653.06
14.160	3657.92
14.170	3662.78
14.180	3667.64
14.190	3672.50
14.200	3677.37
14.210	3682.24
14.220	3687.12
14.230	3691.99
14.240	3696.87
14.250	3701.76
14.260	3706.64
14.270	3711.53
14.280	3716.42
14.290	3721.32
14.300	3726.22
14.310	3731.12
14.320	3736.02
14.330	3740.93
14.340	3745.84
14.350	3750.75
14.360	3755.66
14.370	3760.58
14.380	3765.50
14.390	3770.43
14.400	3775.35
14.410	3780.28
14.420	3785.22
14.430	3790.15
14.440	3795.09
14.450	3800.03
14.460	3804.98
14.470	3809.92
14.480	3814.87
14.490	3819.83
14.500	3824.78
14.510	3829.74
14.520	3834.70
14.530	3839.67
14.540	3844.64
14.550	3849.61
14.560	3854.58
14.570	3859.56
14.580	3864.54
14.590	3869.52
14.600	3874.51
14.610	3879.49
14.620	3884.49
14.630	3889.48
14.640	3894.48
14.650	3899.48
14.660	3904.48
14.670	3909.49
14.680	3914.49
14.690	3919.51
14.700	3924.52
14.710	3929.54
14.720	3934.56
14.730	3939.58
14.740	3944.61
14.750	3949.64
14.760	3954.67
14.770	3959.71
14.780	3964.74
14.790	3969.79
14.800	3974.83
14.810	3979.88
14.820	3984.93
14.830	3989.98
14.840	3995.04
14.850	4000.09
14.860	4005.16
14.870	4010.22
14.880	4015.29
14.890	4020.36
14.900	4025.43
14.910	4030.51
14.920	4035.59
14.930	4040.67
14.940	4045.76
14.950	4050.84
14.960	4055.93
14.970	4061.03
14.980	4066.12
14.990	4071.22
15.000	4076.33
15.010	4081.43
15.020	4086.54
15.030	4091.65
15.040	4096.77
15.050	4101.89
15.060	4107.01
15.070	4112.13
15.080	4117.26
15.090	4122.38
15.100	4127.52
15.110	4132.65
15.120	4137.79
15.130	4142.93
15.140	4148.07
15.150	4153.22
15.160	4158.37
15.170	4163.52
15.180	4168.68
15.190	4173.84
15.200	4179.00
15.210	4184.16
15.220	4189.33
15.230	4194.50
15.240	4199.68
15.250	4204.85
15.260	4210.03
15.270	4215.21
15.280	4220.40
15.290	4225.59
15.300	4230.78
15.310	4235.97
15.320	4241.17
15.330	4246.37
15.340	4251.57
15.350	4256.78
15.360	4261.99
15.370	4267.20
15.380	4272.41
15.390	4277.63
15.400	4282.85
15.410	4288.07
15.420	4293.30
15.430	4298.53
15.440	4303.76
15.450	4309.00
15.460	4314.23
15.470	4319.48
15.480	4324.72
15.490	4329.97
15.500	4335.22
15.510	4340.47
15.520	4345.73
15.530	4350.98
15.540	4356.25
15.550	4361.51
15.560	4366.78
15.570	4372.05
15.580	4377.32
15.590	4382.60
15.600	4387.88
15.610	4393.16
15.620	4398.45
15.630	4403.74
15.640	4409.03
15.650	4414.32
15.660	4419.62
15.670	4424.92
15.680	4430.22
15.690	4435.53
15.700	4440.84
15.710	4446.15
15.720	4451.46
15.730	4456.78
15.740	4462.10
15.750	4467.43
15.760	4472.75
15.770	4478.08
15.780	4483.42
15.790	4488.75
15.800	4494.09
15.810	4499.43
15.820	4504.78
15.830	4510.13
15.840	4515.48
15.850	4520.83
15.860	4526.19
15.870	4531.55
15.880	4536.91
15.890	4542.27
15.900	4547.64
15.910	4553.01
15.920	4558.39
15.930	4563.77
15.940	4569.15
15.950	4574.53
15.960	4579.91
15.970	4585.30
15.980	4590.70
15.990	4596.09
16.000	4601.49
16.010	4606.89
16.020	4612.29
16.030	4617.70
16.040	4623.11
16.050	4628.52
16.060	4633.94
16.070	4639.36
16.080	4644.78
16.090	4650.21
16.100	4655.63
16.110	4661.07
16.120	4666.50
16.130	4671.94
16.140	4677.38
16.150	4682.82
16.160	4688.26
16.170	4693.71
16.180	4699.16
16.190	4704.62
16.200	4710.08
16.210	4715.54
16.220	4721.00
16.230	4726.47
16.240	4731.94
16.250	4737.41
16.260	4742.89
16.270	4748.36
16.280	4753.85
16.290	4759.33
16.300	4764.82
16.310	4770.31
16.320	4775.80
16.330	4781.30
16.340	4786.80
16.350	4792.30
16.360	4797.81
16.370	4803.31
16.380	4808.83
16.390	4814.34
16.400	4819.86
16.410	4825.38
16.420	4830.90
16.430	4836.43
16.440	4841.96
16.450	4847.49
16.460	4853.03
16.470	4858.56
16.480	4864.11
16.490	4869.65
16.500	4875.20
16.510	4880.75
16.520	4886.30
16.530	4891.86
16.540	4897.42
16.550	4902.98
16.560	4908.54
16.570	4914.11
16.580	4919.68
16.590	4925.26
16.600	4930.84
16.610	4936.42
16.620	4942.00
16.630	4947.59
16.640	4953.18
16.650	4958.77
16.660	4964.36
16.670	4969.96
16.680	4975.56
16.690	4981.17
16.700	4986.78
16.710	4992.39
16.720	4998.00
16.730	5003.62
16.740	5009.24
16.750	5014.86
16.760	5020.48
16.770	5026.11
16.780	5031.74
16.790	5037.38
16.800	5043.02
16.810	5048.66
16.820	5054.30
16.830	5059.95
16.840	5065.60
16.850	5071.25
16.860	5076.91
16.870	5082.57
16.880	5088.23
16.890	5093.89
16.900	5099.56
16.910	5105.23
16.920	5110.90
16.930	5116.58
16.940	5122.26
16.950	5127.94
16.960	5133.63
16.970	5139.32
16.980	5145.01
16.990	5150.71
17.000	5156.40
17.010	5162.11
17.020	5167.81
17.030	5173.52
17.040	5179.23
17.050	5184.94
17.060	5190.66
17.070	5196.38
17.080	5202.10
17.090	5207.82
17.100	5213.55
17.110	5219.29
17.120	5225.02
17.130	5230.76
17.140	5236.50
17.150	5242.24
17.160	5247.99
17.170	5253.74
17.180	5259.49
17.190	5265.25
17.200	5271.01
17.210	5276.77
17.220	5282.53
17.230	5288.30
17.240	5294.07
17.250	5299.85
17.260	5305.62
17.270	5311.40
17.280	5317.19
17.290	5322.97
17.300	5328.76
17.310	5334.56
17.320	5340.35
17.330	5346.15
17.340	5351.95
17.350	5357.76
17.360	5363.56
17.370	5369.37
17.380	5375.19
17.390	5381.01
17.400	5386.83
17.410	5392.65
17.420	5398.47
17.430	5404.30
17.440	5410.14
17.450	5415.97
17.460	5421.81
17.470	5427.65
17.480	5433.50
17.490	5439.34
17.500	5445.19
17.510	5451.05
17.520	5456.90
17.530	5462.76
17.540	5468.63
17.550	5474.49
17.560	5480.36
17.570	5486.23
17.580	5492.11
17.590	5497.99
17.600	5503.87
17.610	5509.75
17.620	5515.64
17.630	5521.53
17.640	5527.43
17.650	5533.32
17.660	5539.22
17.670	5545.13
17.680	5551.03
17.690	5556.94
17.700	5562.85
17.710	5568.77
17.720	5574.69
17.730	5580.61
17.740	5586.53
17.750	5592.46
17.760	5598.39
17.770	5604.33
17.780	5610.26
17.790	5616.20
17.800	5622.15
17.810	5628.09
17.820	5634.04
17.830	5639.99
17.840	5645.95
17.850	5651.91
17.860	5657.87
17.870	5663.83
17.880	5669.80
17.890	5675.77
17.900	5681.75
17.910	5687.72
17.920	5693.70
17.930	5699.69
17.940	5705.67
17.950	5711.66
17.960	5717.66
17.970	5723.65
17.980	5729.65
17.990	5735.65
18.000	5741.66
18.010	5747.67
18.020	5753.68
18.030	5759.69
18.040	5765.71
18.050	5771.73
18.060	5777.76
18.070	5783.78
18.080	5789.81
18.090	5795.85
18.100	5801.88
18.110	5807.92
18.120	5813.97
18.130	5820.01
18.140	5826.06
18.150	5832.11
18.160	5838.17
18.170	5844.23
18.180	5850.29
18.190	5856.35
18.200	5862.42
18.210	5868.49
18.220	5874.56
18.230	5880.64
18.240	5886.72
18.250	5892.80
18.260	5898.89
18.270	5904.98
18.280	5911.07
18.290	5917.17
18.300	5923.27
18.310	5929.37
18.320	5935.48
18.330	5941.58
18.340	5947.70
18.350	5953.81
18.360	5959.93
18.370	5966.05
18.380	5972.17
18.390	5978.30
18.400	5984.43
18.410	5990.57
18.420	5996.70
18.430	6002.84
18.440	6008.99
18.450	6015.13
18.460	6021.28
18.470	6027.44
18.480	6033.59
18.490	6039.75
18.500	6045.91
18.510	6052.08
18.520	6058.25
18.530	6064.42
18.540	6070.59
18.550	6076.77
18.560	6082.95
18.570	6089.14
18.580	6095.32
18.590	6101.51
18.600	6107.71
18.610	6113.91
18.620	6120.11
18.630	6126.31
18.640	6132.52
18.650	6138.73
18.660	6144.94
18.670	6151.15
18.680	6157.37
18.690	6163.60
18.700	6169.82
18.710	6176.05
18.720	6182.28
18.730	6188.52
18.740	6194.76
18.750	6201.00
18.760	6207.24
18.770	6213.49
18.780	6219.74
18.790	6226.00
18.800	6232.25
18.810	6238.51
18.820	6244.78
18.830	6251.05
18.840	6257.32
18.850	6263.59
18.860	6269.87
18.870	6276.15
18.880	6282.43
18.890	6288.72
18.900	6295.01
18.910	6301.30
18.920	6307.60
18.930	6313.89
18.940	6320.20
18.950	6326.50
18.960	6332.81
18.970	6339.12
18.980	6345.44
18.990	6351.76
19.000	6358.08
19.010	6364.40
19.020	6370.73
19.030	6377.06
19.040	6383.40
19.050	6389.74
19.060	6396.08
19.070	6402.42
19.080	6408.77
19.090	6415.12
19.100	6421.47
19.110	6427.83
19.120	6434.19
19.130	6440.56
19.140	6446.92
19.150	6453.29
19.160	6459.67
19.170	6466.04
19.180	6472.42
19.190	6478.81
19.200	6485.19
19.210	6491.58
19.220	6497.98
19.230	6504.37
19.240	6510.77
19.250	6517.17
19.260	6523.58
19.270	6529.99
19.280	6536.40
19.290	6542.82
19.300	6549.23
19.310	6555.66
19.320	6562.08
19.330	6568.51
19.340	6574.94
19.350	6581.38
19.360	6587.82
19.370	6594.26
19.380	6600.70
19.390	6607.15
19.400	6613.60
19.410	6620.06
19.420	6626.51
19.430	6632.97
19.440	6639.44
19.450	6645.91
19.460	6652.38
19.470	6658.85
19.480	6665.33
19.490	6671.81
19.500	6678.29
19.510	6684.78
19.520	6691.27
19.530	6697.77
19.540	6704.26
19.550	6710.76
19.560	6717.27
19.570	6723.77
19.580	6730.28
19.590	6736.80
19.600	6743.31
19.610	6749.83
19.620	6756.36
19.630	6762.88
19.640	6769.41
19.650	6775.95
19.660	6782.48
19.670	6789.02
19.680	6795.57
19.690	6802.11
19.700	6808.66
19.710	6815.21
19.720	6821.77
19.730	6828.33
19.740	6834.89
19.750	6841.46
19.760	6848.03
19.770	6854.60
19.780	6861.18
19.790	6867.76
19.800	6874.34
19.810	6880.92
19.820	6887.51
19.830	6894.11
19.840	6900.70
19.850	6907.30
19.860	6913.90
19.870	6920.51
19.880	6927.12
19.890	6933.73
19.900	6940.35
19.910	6946.96
19.920	6953.59
19.930	6960.21
19.940	6966.84
19.950	6973.47
19.960	6980.11
19.970	6986.75
19.980	6993.39
19.990	7000.04
20.000	7006.68
20.010	7013.34
20.020	7019.99
20.030	7026.65
20.040	7033.31
20.050	7039.98
20.060	7046.65
20.070	7053.32
20.080	7060.00
20.090	7066.67
20.100	7073.36
20.110	7080.04
20.120	7086.73
20.130	7093.42
20.140	7100.12
20.150	7106.82
20.160	7113.52
20.170	7120.22
20.180	7126.93
20.190	7133.65
20.200	7140.36
20.210	7147.08
20.220	7153.80
20.230	7160.53
20.240	7167.26
20.250	7173.99
20.260	7180.73
20.270	7187.46
20.280	7194.21
20.290	7200.95
20.300	7207.70
20.310	7214.45
20.320	7221.21
20.330	7227.97
20.340	7234.73
20.350	7241.50
20.360	7248.27
20.370	7255.04
20.380	7261.82
20.390	7268.60
20.400	7275.38
20.410	7282.17
20.420	7288.96
20.430	7295.75
20.440	7302.54
20.450	7309.34
20.460	7316.15
20.470	7322.95
20.480	7329.76
20.490	7336.58
20.500	7343.39
20.510	7350.21
20.520	7357.04
20.530	7363.86
20.540	7370.69
20.550	7377.53
20.560	7384.37
20.570	7391.21
20.580	7398.05
20.590	7404.90
20.600	7411.75
20.610	7418.60
20.620	7425.46
20.630	7432.32
20.640	7439.18
20.650	7446.05
20.660	7452.92
20.670	7459.80
20.680	7466.68
20.690	7473.56
20.700	7480.44
20.710	7487.33
20.720	7494.22
20.730	7501.12
20.740	7508.02
20.750	7514.92
20.760	7521.82
20.770	7528.73
20.780	7535.64
20.790	7542.56
20.800	7549.48
20.810	7556.40
20.820	7563.33
20.830	7570.26
20.840	7577.19
20.850	7584.13
20.860	7591.07
20.870	7598.01
20.880	7604.95
20.890	7611.90
20.900	7618.86
20.910	7625.82
20.920	7632.78
20.930	7639.74
20.940	7646.71
20.950	7653.68
20.960	7660.65
20.970	7667.63
20.980	7674.61
20.990	7681.59
21.000	7688.58
21.010	7695.57
21.020	7702.57
21.030	7709.57
21.040	7716.57
21.050	7723.57
21.060	7730.58
21.070	7737.60
21.080	7744.61
21.090	7751.63
21.100	7758.65
21.110	7765.68
21.120	7772.71
21.130	7779.74
21.140	7786.78
21.150	7793.82
21.160	7800.86
21.170	7807.91
21.180	7814.96
21.190	7822.01
21.200	7829.07
21.210	7836.13
21.220	7843.20
21.230	7850.26
21.240	7857.34
21.250	7864.41
21.260	7871.49
21.270	7878.57
21.280	7885.66
21.290	7892.75
21.300	7899.84
21.310	7906.93
21.320	7914.03
21.330	7921.14
21.340	7928.24
21.350	7935.35
21.360	7942.47
21.370	7949.58
21.380	7956.70
21.390	7963.83
21.400	7970.96
21.410	7978.09
21.420	7985.22
21.430	7992.36
21.440	7999.50
21.450	8006.65
21.460	8013.80
21.470	8020.95
21.480	8028.10
21.490	8035.26
21.500	8042.43
21.510	8049.59
21.520	8056.76
21.530	8063.94
21.540	8071.11
21.550	8078.29
21.560	8085.48
21.570	8092.67
21.580	8099.86
21.590	8107.05
21.600	8114.25
21.610	8121.45
21.620	8128.66
21.630	8135.87
21.640	8143.08
21.650	8150.30
21.660	8157.52
21.670	8164.74
21.680	8171.97
21.690	8179.20
21.700	8186.43
21.710	8193.67
21.720	8200.91
21.730	8208.16
21.740	8215.40
21.750	8222.66
21.760	8229.91
21.770	8237.17
21.780	8244.43
21.790	8251.70
21.800	8258.97
21.810	8266.24
21.820	8273.52
21.830	8280.80
21.840	8288.08
21.850	8295.37
21.860	8302.66
21.870	8309.96
21.880	8317.26
21.890	8324.56
21.900	8331.87
21.910	8339.17
21.920	8346.49
21.930	8353.80
21.940	8361.12
21.950	8368.45
21.960	8375.78
21.970	8383.11
21.980	8390.44
21.990	8397.78
22.000	8405.12
22.010	8412.47
22.020	8419.82
22.030	8427.17
22.040	8434.53
22.050	8441.89
22.060	8449.25
22.070	8456.62
22.080	8463.99
22.090	8471.36
22.100	8478.74
22.110	8486.12
22.120	8493.51
22.130	8500.90
22.140	8508.29
22.150	8515.69
22.160	8523.09
22.170	8530.49
22.180	8537.90
22.190	8545.31
22.200	8552.73
22.210	8560.14
22.220	8567.57
22.230	8574.99
22.240	8582.42
22.250	8589.85
22.260	8597.29
22.270	8604.73
22.280	8612.18
22.290	8619.62
22.300	8627.08
22.310	8634.53
22.320	8641.99
22.330	8649.45
22.340	8656.92
22.350	8664.39
22.360	8671.86
22.370	8679.34
22.380	8686.82
22.390	8694.31
22.400	8701.79
22.410	8709.29
22.420	8716.78
22.430	8724.28
22.440	8731.78
22.450	8739.29
22.460	8746.80
22.470	8754.32
22.480	8761.83
22.490	8769.36
22.500	8776.88
22.510	8784.41
22.520	8791.94
22.530	8799.48
22.540	8807.02
22.550	8814.57
22.560	8822.11
22.570	8829.66
22.580	8837.22
22.590	8844.78
22.600	8852.34
22.610	8859.91
22.620	8867.48
22.630	8875.05
22.640	8882.63
22.650	8890.21
22.660	8897.80
22.670	8905.39
22.680	8912.98
22.690	8920.57
22.700	8928.18
22.710	8935.78
22.720	8943.39
22.730	8951.00
22.740	8958.61
22.750	8966.23
22.760	8973.86
22.770	8981.48
22.780	8989.11
22.790	8996.75
22.800	9004.38
22.810	9012.03
22.820	9019.67
22.830	9027.32
22.840	9034.97
22.850	9042.63
22.860	9050.29
22.870	9057.96
22.880	9065.62
22.890	9073.30
22.900	9080.97
22.910	9088.65
22.920	9096.33
22.930	9104.02
22.940	9111.71
22.950	9119.41
22.960	9127.11
22.970	9134.81
22.980	9142.51
22.990	9150.22
23.000	9157.94
23.010	9165.66
23.020	9173.38
23.030	9181.10
23.040	9188.83
23.050	9196.56
23.060	9204.30
23.070	9212.04
23.080	9219.79
23.090	9227.54
23.100	9235.29
23.110	9243.04
23.120	9250.80
23.130	9258.57
23.140	9266.33
23.150	9274.11
23.160	9281.88
23.170	9289.66
23.180	9297.44
23.190	9305.23
23.200	9313.02
23.210	9320.81
23.220	9328.61
23.230	9336.42
23.240	9344.22
23.250	9352.03
23.260	9359.85
23.270	9367.66
23.280	9375.48
23.290	9383.31
23.300	9391.14
23.310	9398.97
23.320	9406.81
23.330	9414.65
23.340	9422.50
23.350	9430.34
23.360	9438.20
23.370	9446.05
23.380	9453.91
23.390	9461.78
23.400	9469.65
23.410	9477.52
23.420	9485.39
23.430	9493.27
23.440	9501.16
23.450	9509.05
23.460	9516.94
23.470	9524.83
23.480	9532.73
23.490	9540.64
23.500	9548.54
23.510	9556.45
23.520	9564.37
23.530	9572.29
23.540	9580.21
23.550	9588.14
23.560	9596.07
23.570	9604.00
23.580	9611.94
23.590	9619.88
23.600	9627.83
23.610	9635.78
23.620	9643.74
23.630	9651.69
23.640	9659.66
23.650	9667.62
23.660	9675.59
23.670	9683.57
23.680	9691.54
23.690	9699.53
23.700	9707.51
23.710	9715.50
23.720	9723.50
23.730	9731.49
23.740	9739.50
23.750	9747.50
23.760	9755.51
23.770	9763.52
23.780	9771.54
23.790	9779.56
23.800	9787.59
23.810	9795.62
23.820	9803.65
23.830	9811.69
23.840	9819.73
23.850	9827.77
23.860	9835.82
23.870	9843.88
23.880	9851.93
23.890	9860.00
23.900	9868.06
23.910	9876.13
23.920	9884.20
23.930	9892.28
23.940	9900.36
23.950	9908.45
23.960	9916.53
23.970	9924.63
23.980	9932.72
23.990	9940.83
24.000	9948.93
24.010	9957.04
24.020	9965.15
24.030	9973.27
24.040	9981.39
24.050	9989.51
24.060	9997.64
24.070	10005.78
24.080	10013.91
24.090	10022.05
24.100	10030.20
24.110	10038.35
24.120	10046.50
24.130	10054.66
24.140	10062.82
24.150	10070.98
24.160	10079.15
24.170	10087.33
24.180	10095.50
24.190	10103.69
24.200	10111.87
24.210	10120.06
24.220	10128.25
24.230	10136.45
24.240	10144.65
24.250	10152.86
24.260	10161.07
24.270	10169.28
24.280	10177.50
24.290	10185.72
24.300	10193.94
24.310	10202.17
24.320	10210.41
24.330	10218.65
24.340	10226.89
24.350	10235.13
24.360	10243.38
24.370	10251.64
24.380	10259.90
24.390	10268.16
24.400	10276.42
24.410	10284.69
24.420	10292.97
24.430	10301.25
24.440	10309.53
24.450	10317.82
24.460	10326.11
24.470	10334.40
24.480	10342.70
24.490	10351.00
24.500	10359.31
24.510	10367.62
24.520	10375.94
24.530	10384.25
24.540	10392.58
24.550	10400.91
24.560	10409.24
24.570	10417.57
24.580	10425.91
24.590	10434.26
24.600	10442.60
24.610	10450.96
24.620	10459.31
24.630	10467.67
24.640	10476.04
24.650	10484.41
24.660	10492.78
24.670	10501.15
24.680	10509.54
24.690	10517.92
24.700	10526.31
24.710	10534.70
24.720	10543.10
24.730	10551.50
24.740	10559.91
24.750	10568.32
24.760	10576.73
24.770	10585.15
24.780	10593.57
24.790	10602.00
24.800	10610.43
24.810	10618.86
24.820	10627.30
24.830	10635.74
24.840	10644.19
24.850	10652.64
24.860	10661.10
24.870	10669.56
24.880	10678.02
24.890	10686.49
24.900	10694.96
24.910	10703.44
24.920	10711.92
24.930	10720.40
24.940	10728.89
24.950	10737.38
24.960	10745.88
24.970	10754.38
24.980	10762.89
24.990	10771.40
25.000	10779.91
25.010	10788.43
25.020	10796.95
25.030	10805.48
25.040	10814.01
25.050	10822.54
25.060	10831.08
25.070	10839.62
25.080	10848.17
25.090	10856.72
25.100	10865.28
25.110	10873.84
25.120	10882.40
25.130	10890.97
25.140	10899.54
25.150	10908.12
25.160	10916.70
25.170	10925.28
25.180	10933.87
25.190	10942.47
25.200	10951.06
25.210	10959.67
25.220	10968.27
25.230	10976.88
25.240	10985.50
25.250	10994.12
25.260	11002.74
25.270	11011.37
25.280	11020.00
25.290	11028.64
25.300	11037.28
25.310	11045.92
25.320	11054.57
25.330	11063.22
25.340	11071.88
25.350	11080.54
25.360	11089.21
25.370	11097.88
25.380	11106.55
25.390	11115.23
25.400	11123.91
25.410	11132.60
25.420	11141.29
25.430	11149.99
25.440	11158.69
25.450	11167.39
25.460	11176.10
25.470	11184.81
25.480	11193.53
25.490	11202.25
25.500	11210.98
25.510	11219.71
25.520	11228.44
25.530	11237.18
25.540	11245.92
25.550	11254.67
25.560	11263.42
25.570	11272.18
25.580	11280.94
25.590	11289.70
25.600	11298.47
25.610	11307.24
25.620	11316.02
25.630	11324.80
25.640	11333.59
25.650	11342.38
25.660	11351.18
25.670	11359.98
25.680	11368.78
25.690	11377.59
25.700	11386.40
25.710	11395.22
25.720	11404.04
25.730	11412.86
25.740	11421.69
25.750	11430.53
25.760	11439.37
25.770	11448.21
25.780	11457.06
25.790	11465.91
25.800	11474.76
25.810	11483.63
25.820	11492.49
25.830	11501.36
25.840	11510.23
25.850	11519.11
25.860	11527.99
25.870	11536.88
25.880	11545.77
25.890	11554.67
25.900	11563.57
25.910	11572.47
25.920	11581.38
25.930	11590.30
25.940	11599.21
25.950	11608.14
25.960	11617.06
25.970	11625.99
25.980	11634.93
25.990	11643.87
26.000	11652.81
26.010	11661.76
26.020	11670.72
26.030	11679.67
26.040	11688.64
26.050	11697.60
26.060	11706.57
26.070	11715.55
26.080	11724.53
26.090	11733.51
26.100	11742.50
26.110	11751.50
26.120	11760.49
26.130	11769.50
26.140	11778.50
26.150	11787.51
26.160	11796.53
26.170	11805.55
26.180	11814.58
26.190	11823.61
26.200	11832.64
26.210	11841.68
26.220	11850.72
26.230	11859.77
26.240	11868.82
26.250	11877.88
26.260	11886.94
26.270	11896.00
26.280	11905.07
26.290	11914.15
26.300	11923.23
26.310	11932.31
26.320	11941.40
26.330	11950.49
26.340	11959.59
26.350	11968.69
26.360	11977.79
26.370	11986.91
26.380	11996.02
26.390	12005.14
26.400	12014.26
26.410	12023.39
26.420	12032.53
26.430	12041.67
26.440	12050.81
26.450	12059.96
26.460	12069.11
26.470	12078.26
26.480	12087.42
26.490	12096.59
26.500	12105.76
26.510	12114.93
26.520	12124.11
26.530	12133.30
26.540	12142.49
26.550	12151.68
26.560	12160.88
26.570	12170.08
26.580	12179.29
26.590	12188.50
26.600	12197.71
26.610	12206.93
26.620	12216.16
26.630	12225.39
26.640	12234.62
26.650	12243.86
26.660	12253.11
26.670	12262.35
26.680	12271.61
26.690	12280.86
26.700	12290.13
26.710	12299.39
26.720	12308.67
26.730	12317.94
26.740	12327.22
26.750	12336.51
26.760	12345.80
26.770	12355.09
26.780	12364.39
26.790	12373.70
26.800	12383.01
26.810	12392.32
26.820	12401.64
26.830	12410.96
26.840	12420.29
26.850	12429.62
26.860	12438.96
26.870	12448.30
26.880	12457.64
26.890	12467.00
26.900	12476.35
26.910	12485.71
26.920	12495.08
26.930	12504.45
26.940	12513.82
26.950	12523.20
26.960	12532.58
26.970	12541.97
26.980	12551.37
26.990	12560.76
27.000	12570.17
27.010	12579.58
27.020	12588.99
27.030	12598.40
27.040	12607.83
27.050	12617.25
27.060	12626.68
27.070	12636.12
27.080	12645.56
27.090	12655.01
27.100	12664.46
27.110	12673.91
27.120	12683.37
27.130	12692.84
27.140	12702.31
27.150	12711.78
27.160	12721.26
27.170	12730.74
27.180	12740.23
27.190	12749.72
27.200	12759.22
27.210	12768.72
27.220	12778.23
27.230	12787.74
27.240	12797.26
27.250	12806.78
27.260	12816.31
27.270	12825.84
27.280	12835.38
27.290	12844.92
27.300	12854.47
27.310	12864.02
27.320	12873.57
27.330	12883.13
27.340	12892.70
27.350	12902.27
27.360	12911.84
27.370	12921.42
27.380	12931.01
27.390	12940.60
27.400	12950.19
27.410	12959.79
27.420	12969.40
27.430	12979.00
27.440	12988.62
27.450	12998.24
27.460	13007.86
27.470	13017.49
27.480	13027.12
27.490	13036.76
27.500	13046.40
27.510	13056.05
27.520	13065.71
27.530	13075.36
27.540	13085.03
27.550	13094.69
27.560	13104.37
27.570	13114.04
27.580	13123.73
27.590	13133.41
27.600	13143.10
27.610	13152.80
27.620	13162.50
27.630	13172.21
27.640	13181.92
27.650	13191.64
27.660	13201.36
27.670	13211.09
27.680	13220.82
27.690	13230.55
27.700	13240.30
27.710	13250.04
27.720	13259.79
27.730	13269.55
27.740	13279.31
27.750	13289.08
27.760	13298.85
27.770	13308.62
27.780	13318.41
27.790	13328.19
27.800	13337.98
27.810	13347.78
27.820	13357.58
27.830	13367.38
27.840	13377.20
27.850	13387.01
27.860	13396.83
27.870	13406.66
27.880	13416.49
27.890	13426.33
27.900	13436.17
27.910	13446.01
27.920	13455.86
27.930	13465.72
27.940	13475.58
27.950	13485.45
27.960	13495.32
27.970	13505.19
27.980	13515.07
27.990	13524.96
28.000	13534.85
28.010	13544.75
28.020	13554.65
28.030	13564.55
28.040	13574.47
28.050	13584.38
28.060	13594.30
28.070	13604.23
28.080	13614.16
28.090	13624.10
28.100	13634.04
28.110	13643.99
28.120	13653.94
28.130	13663.90
28.140	13673.86
28.150	13683.83
28.160	13693.80
28.170	13703.77
28.180	13713.76
28.190	13723.74
28.200	13733.74
28.210	13743.74
28.220	13753.74
28.230	13763.75
28.240	13773.76
28.250	13783.78
28.260	13793.80
28.270	13803.83
28.280	13813.86
28.290	13823.90
28.300	13833.94
28.310	13843.99
28.320	13854.05
28.330	13864.11
28.340	13874.17
28.350	13884.24
28.360	13894.32
28.370	13904.40
28.380	13914.48
28.390	13924.57
28.400	13934.67
28.410	13944.77
28.420	13954.87
28.430	13964.98
28.440	13975.10
28.450	13985.22
28.460	13995.35
28.470	14005.48
28.480	14015.61
28.490	14025.76
28.500	14035.90
28.510	14046.06
28.520	14056.21
28.530	14066.38
28.540	14076.54
28.550	14086.72
28.560	14096.90
28.570	14107.08
28.580	14117.27
28.590	14127.46
28.600	14137.66
28.610	14147.87
28.620	14158.08
28.630	14168.29
28.640	14178.51
28.650	14188.74
28.660	14198.97
28.670	14209.20
28.680	14219.44
28.690	14229.69
28.700	14239.94
28.710	14250.20
28.720	14260.46
28.730	14270.73
28.740	14281.00
28.750	14291.28
28.760	14301.56
28.770	14311.85
28.780	14322.14
28.790	14332.44
28.800	14342.75
28.810	14353.06
28.820	14363.37
28.830	14373.69
28.840	14384.02
28.850	14394.35
28.860	14404.69
28.870	14415.03
28.880	14425.37
28.890	14435.73
28.900	14446.08
28.910	14456.45
28.920	14466.81
28.930	14477.19
28.940	14487.57
28.950	14497.95
28.960	14508.34
28.970	14518.73
28.980	14529.13
28.990	14539.54
29.000	14549.95
29.010	14560.37
29.020	14570.79
29.030	14581.22
29.040	14591.65
29.050	14602.09
29.060	14612.53
29.070	14622.98
29.080	14633.43
29.090	14643.89
29.100	14654.35
29.110	14664.82
29.120	14675.30
29.130	14685.78
29.140	14696.27
29.150	14706.76
29.160	14717.25
29.170	14727.76
29.180	14738.26
29.190	14748.78
29.200	14759.30
29.210	14769.82
29.220	14780.35
29.230	14790.88
29.240	14801.42
29.250	14811.97
29.260	14822.52
29.270	14833.08
29.280	14843.64
29.290	14854.21
29.300	14864.78
29.310	14875.36
29.320	14885.94
29.330	14896.53
29.340	14907.12
29.350	14917.72
29.360	14928.33
29.370	14938.94
29.380	14949.56
29.390	14960.18
29.400	14970.81
29.410	14981.44
29.420	14992.08
29.430	15002.72
29.440	15013.37
29.450	15024.03
29.460	15034.69
29.470	15045.35
29.480	15056.02
29.490	15066.70
29.500	15077.38
29.510	15088.07
29.520	15098.77
29.530	15109.46
29.540	15120.17
29.550	15130.88
29.560	15141.59
29.570	15152.32
29.580	15163.04
29.590	15173.77
29.600	15184.51
29.610	15195.26
29.620	15206.00
29.630	15216.76
29.640	15227.52
29.650	15238.28
29.660	15249.06
29.670	15259.83
29.680	15270.61
29.690	15281.40
29.700	15292.20
29.710	15302.99
29.720	15313.80
29.730	15324.61
29.740	15335.42
29.750	15346.25
29.760	15357.07
29.770	15367.91
29.780	15378.74
29.790	15389.59
29.800	15400.44
29.810	15411.29
29.820	15422.15
29.830	15433.02
29.840	15443.89
29.850	15454.77
29.860	15465.65
29.870	15476.54
29.880	15487.43
29.890	15498.33
29.900	15509.24
29.910	15520.15
29.920	15531.07
29.930	15541.99
29.940	15552.92
29.950	15563.85
29.960	15574.79
29.970	15585.74
29.980	15596.69
29.990	15607.65
30.000	15618.61
