x(m)	y(m)
0.00	0.00
0.01	0.10
0.02	0.20
0.03	0.31
0.04	0.42
0.05	0.53
0.06	0.65
0.07	0.77
0.08	0.89
0.09	1.02
0.10	1.15
0.12	1.29
0.13	1.42
0.14	1.57
0.16	1.71
0.17	1.86
0.19	2.01
0.20	2.17
0.22	2.32
0.23	2.49
0.25	2.65
0.27	2.82
0.28	2.99
0.30	3.17
0.32	3.35
0.34	3.53
0.35	3.72
0.37	3.91
0.39	4.10
0.41	4.30
0.43	4.50
0.45	4.70
0.47	4.91
0.49	5.12
0.52	5.33
0.54	5.55
0.56	5.77
0.58	6.00
0.61	6.23
0.63	6.46
0.65	6.69
0.68	6.93
0.70	7.17
0.73	7.42
0.75	7.67
0.78	7.92
0.81	8.18
0.83	8.44
0.86	8.70
0.89	8.97
0.92	9.24
0.94	9.51
0.97	9.79
1.00	10.07
1.03	10.35
1.06	10.64
1.09	10.93
1.12	11.23
1.15	11.52
1.18	11.83
1.22	12.13
1.25	12.44
1.28	12.75
1.31	13.07
1.35	13.39
1.38	13.71
1.41	14.04
1.45	14.37
1.48	14.70
1.52	15.04
1.56	15.38
1.59	15.72
1.63	16.07
1.66	16.42
1.70	16.77
1.74	17.13
1.78	17.49
1.82	17.86
1.86	18.22
1.89	18.60
1.93	18.97
1.97	19.35
2.01	19.73
2.06	20.12
2.10	20.51
2.14	20.90
2.18	21.30
2.22	21.70
2.27	22.10
2.31	22.51
2.35	22.92
2.40	23.33
2.44	23.75
2.49	24.17
2.53	24.60
2.58	25.02
2.62	25.46
2.67	25.89
2.72	26.33
2.76	26.77
2.81	27.22
2.86	27.67
2.91	28.12
2.96	28.58
3.00	29.04
3.05	29.50
3.10	29.97
3.15	30.44
3.21	30.91
3.26	31.39
3.31	31.87
3.36	32.35
3.41	32.84
3.46	33.33
3.52	33.83
3.57	34.33
3.63	34.83
3.68	35.34
3.73	35.85
3.79	36.36
3.84	36.88
3.90	37.40
3.96	37.92
4.01	38.45
4.07	38.98
4.13	39.51
4.19	40.05
4.24	40.59
4.30	41.13
4.36	41.68
4.42	42.23
4.48	42.79
4.54	43.35
4.60	43.91
4.66	44.48
4.72	45.05
4.79	45.62
4.85	46.20
4.91	46.78
4.97	47.36
5.04	47.95
5.10	48.54
5.16	49.13
5.23	49.73
5.29	50.33
5.36	50.94
5.43	51.55
5.49	52.16
5.56	52.78
5.62	53.40
5.69	54.02
5.76	54.65
5.83	55.28
5.90	55.91
5.97	56.55
6.03	57.19
6.10	57.83
6.17	58.48
6.25	59.13
6.32	59.79
6.39	60.44
6.46	61.11
6.53	61.77
6.60	62.44
6.68	63.11
6.75	63.79
6.82	64.47
6.90	65.15
6.97	65.84
7.05	66.53
7.12	67.23
7.20	67.92
7.27	68.63
7.35	69.33
7.43	70.04
7.50	70.75
7.58	71.47
7.66	72.19
7.74	72.91
7.82	73.64
7.90	74.37
7.98	75.10
8.06	75.84
8.14	76.58
8.22	77.32
8.30	78.07
8.38	78.82
8.46	79.58
8.55	80.34
8.63	81.10
8.71	81.86
8.79	82.63
8.88	83.41
8.96	84.18
9.05	84.96
9.13	85.75
9.22	86.53
9.31	87.32
9.39	88.12
9.48	88.92
9.57	89.72
9.65	90.52
9.74	91.33
9.83	92.14
9.92	92.96
10.01	93.78
10.10	94.60
10.19	95.43
10.28	96.26
10.37	97.09
10.46	97.93
10.55	98.77
10.64	99.62
10.74	100.47
10.83	101.32
10.92	102.17
11.02	103.03
11.11	103.90
11.20	104.76
11.30	105.63
11.39	106.51
11.49	107.38
11.59	108.26
11.68	109.15
11.78	110.04
11.88	110.93
11.97	111.82
12.07	112.72
12.17	113.62
12.27	114.53
12.37	115.44
12.47	116.35
12.57	117.27
12.67	118.19
12.77	119.11
12.87	120.04
12.97	120.97
13.07	121.91
13.18	122.84
13.28	123.79
13.38	124.73
13.49	125.68
13.59	126.63
13.69	127.59
13.80	128.55
13.90	129.51
14.01	130.48
14.12	131.45
14.22	132.43
14.33	133.40
14.44	134.39
14.54	135.37
14.65	136.36
14.76	137.35
14.87	138.35
14.98	139.35
15.09	140.35
15.20	141.36
15.31	142.37
15.42	143.38
15.53	144.40
15.64	145.42
15.75	146.45
15.87	147.48
15.98	148.51
16.09	149.55
16.21	150.59
16.32	151.63
16.43	152.68
16.55	153.73
16.66	154.78
16.78	155.84
16.90	156.90
17.01	157.96
17.13	159.03
17.25	160.11
17.36	161.18
17.48	162.26
17.60	163.34
17.72	164.43
17.84	165.52
17.96	166.61
18.08	167.71
18.20	168.81
18.32	169.92
18.44	171.03
18.56	172.14
18.68	173.26
18.81	174.37
18.93	175.50
19.05	176.62
19.18	177.75
19.30	178.89
19.43	180.03
19.55	181.17
19.68	182.31
19.80	183.46
19.93	184.61
20.05	185.77
20.18	186.93
20.31	188.09
20.44	189.26
20.56	190.43
20.69	191.60
20.82	192.78
20.95	193.96
21.08	195.15
21.21	196.33
21.34	197.53
21.47	198.72
21.60	199.92
21.73	201.13
21.87	202.33
22.00	203.54
22.13	204.76
22.27	205.97
22.40	207.20
22.53	208.42
22.67	209.65
22.80	210.88
22.94	212.12
23.07	213.36
23.21	214.60
23.35	215.85
23.48	217.10
23.62	218.35
23.76	219.61
23.90	220.87
24.04	222.14
24.17	223.40
24.31	224.68
24.45	225.95
24.59	227.23
24.73	228.52
24.88	229.80
25.02	231.09
25.16	232.39
25.30	233.69
25.44	234.99
25.59	236.29
25.73	237.60
25.87	238.92
26.02	240.23
26.16	241.55
26.31	242.88
26.45	244.20
26.60	245.53
26.74	246.87
26.89	248.21
27.04	249.55
27.19	250.89
27.33	252.24
27.48	253.60
27.63	254.95
27.78	256.31
27.93	257.68
28.08	259.04
28.23	260.42
28.38	261.79
28.53	263.17
28.68	264.55
28.83	265.94
28.99	267.33
29.14	268.72
29.29	270.12
29.45	271.52
29.60	272.92
29.75	274.33
29.91	275.74
30.06	277.16
30.22	278.58
30.38	280.00
30.53	281.43
30.69	282.86
30.85	284.29
31.00	285.73
31.16	287.17
31.32	288.61
31.48	290.06
31.64	291.51
31.80	292.97
31.96	294.43
32.12	295.89
32.28	297.36
32.44	298.83
32.60	300.30
32.76	301.78
32.93	303.26
33.09	304.75
33.25	306.23
33.41	307.73
33.58	309.22
33.74	310.72
33.91	312.23
34.07	313.73
34.24	315.24
34.40	316.76
34.57	318.28
34.74	319.80
34.91	321.32
35.07	322.85
35.24	324.39
35.41	325.92
35.58	327.46
35.75	329.01
35.92	330.56
36.09	332.11
36.26	333.66
36.43	335.22
36.60	336.78
36.77	338.35
36.94	339.92
37.12	341.49
37.29	343.07
37.46	344.65
37.64	346.24
37.81	347.82
37.99	349.42
38.16	351.01
38.34	352.61
38.51	354.21
38.69	355.82
38.86	357.43
39.04	359.05
39.22	360.66
39.40	362.28
39.57	363.91
39.75	365.54
39.93	367.17
40.11	368.81
40.29	370.45
40.47	372.09
40.65	373.74
40.83	375.39
41.01	377.04
41.20	378.70
41.38	380.36
41.56	382.03
41.74	383.70
41.93	385.37
42.11	387.05
42.30	388.73
42.48	390.42
42.67	392.10
42.85	393.80
43.04	395.49
43.22	397.19
43.41	398.89
43.60	400.60
43.78	402.31
43.97	404.02
44.16	405.74
44.35	407.46
44.54	409.19
44.73	410.92
44.92	412.65
45.11	414.39
45.30	416.13
45.49	417.87
45.68	419.62
45.87	421.37
46.07	423.12
46.26	424.88
46.45	426.64
46.65	428.41
46.84	430.18
47.03	431.95
47.23	433.73
47.42	435.51
47.62	437.29
47.82	439.08
48.01	440.87
48.21	442.67
48.41	444.47
48.60	446.27
48.80	448.08
49.00	449.89
49.20	451.70
49.40	453.52
49.60	455.34
49.80	457.17
50.00	459.00
50.20	460.83
50.40	462.67
50.60	464.51
50.80	466.35
51.01	468.20
51.21	470.05
51.41	471.90
51.62	473.76
51.82	475.62
52.03	477.49
52.23	479.36
52.44	481.23
52.64	483.11
52.85	484.99
53.05	486.88
53.26	488.77
53.47	490.66
53.68	492.55
53.88	494.45
54.09	496.36
54.30	498.26
54.51	500.17
54.72	502.09
54.93	504.01
55.14	505.93
55.35	507.85
55.57	509.78
55.78	511.72
55.99	513.65
56.20	515.59
56.42	517.54
56.63	519.49
56.84	521.44
57.06	523.39
57.27	525.35
57.49	527.31
57.70	529.28
57.92	531.25
58.13	533.22
58.35	535.20
58.57	537.18
58.79	539.17
59.00	541.16
59.22	543.15
59.44	545.15
59.66	547.15
59.88	549.15
60.10	551.16
60.32	553.17
60.54	555.18
60.76	557.20
60.98	559.22
61.20	561.25
61.43	563.28
61.65	565.31
61.87	567.35
62.10	569.39
62.32	571.43
62.55	573.48
62.77	575.53
63.00	577.59
63.22	579.65
63.45	581.71
63.67	583.78
63.90	585.85
64.13	587.92
64.35	590.00
64.58	592.08
64.81	594.16
65.04	596.25
65.27	598.35
65.50	600.44
65.73	602.54
65.96	604.65
66.19	606.75
66.42	608.86
66.65	610.98
66.88	613.10
67.12	615.22
67.35	617.35
67.58	619.47
67.82	621.61
68.05	623.74
68.29	625.89
68.52	628.03
68.76	630.18
68.99	632.33
69.23	634.48
69.46	636.64
69.70	638.81
69.94	640.97
70.18	643.14
70.41	645.32
70.65	647.49
70.89	649.68
71.13	651.86
71.37	654.05
71.61	656.24
71.85	658.44
72.09	660.64
72.33	662.84
72.57	665.05
72.82	667.26
73.06	669.47
73.30	671.69
73.54	673.91
73.79	676.14
74.03	678.37
74.28	680.60
74.52	682.84
74.77	685.08
75.01	687.32
75.26	689.57
75.51	691.82
75.75	694.07
76.00	696.33
76.25	698.59
76.50	700.86
76.74	703.13
76.99	705.40
77.24	707.68
77.49	709.96
77.74	712.25
77.99	714.53
78.24	716.82
78.49	719.12
78.75	721.42
79.00	723.72
79.25	726.03
79.50	728.34
79.76	730.65
80.01	732.97
80.26	735.29
80.52	737.61
80.77	739.94
81.03	742.28
81.28	744.61
81.54	746.95
81.80	749.29
82.05	751.64
82.31	753.99
82.57	756.34
82.83	758.70
83.08	761.06
83.34	763.43
83.60	765.80
83.86	768.17
84.12	770.55
84.38	772.93
84.64	775.31
84.90	777.70
85.17	780.09
85.43	782.48
85.69	784.88
85.95	787.28
86.22	789.68
86.48	792.09
86.74	794.51
87.01	796.92
87.27	799.34
87.54	801.77
87.80	804.19
88.07	806.62
88.33	809.06
88.60	811.50
88.87	813.94
89.14	816.38
89.40	818.83
89.67	821.28
89.94	823.74
90.21	826.20
90.48	828.66
90.75	831.13
91.02	833.60
91.29	836.08
91.56	838.55
91.83	841.04
92.10	843.52
92.38	846.01
92.65	848.50
92.92	851.00
93.20	853.50
93.47	856.00
93.74	858.51
94.02	861.02
94.29	863.53
94.57	866.05
94.84	868.57
95.12	871.10
95.40	873.63
95.67	876.16
95.95	878.70
96.23	881.24
96.51	883.78
96.78	886.33
97.06	888.88
97.34	891.43
97.62	893.99
97.90	896.55
98.18	899.12
98.46	901.68
98.74	904.26
99.03	906.83
99.31	909.41
99.59	911.99
99.87	914.58
100.16	917.17
100.44	919.77
100.72	922.36
101.01	924.96
101.29	927.57
101.58	930.18
101.86	932.79
102.15	935.40
102.43	938.02
102.72	940.65
103.01	943.27
103.30	945.90
103.58	948.53
103.87	951.17
104.16	953.81
104.45	956.46
104.74	959.10
105.03	961.76
105.32	964.41
105.61	967.07
105.90	969.73
106.19	972.40
106.48	975.07
106.77	977.74
107.07	980.41
107.36	983.09
107.65	985.78
107.94	988.47
108.24	991.16
108.53	993.85
108.83	996.55
109.12	999.25
109.42	1001.95
109.71	1004.66
110.01	1007.37
110.31	1010.09
110.60	1012.81
110.90	1015.53
111.20	1018.26
111.50	1020.99
111.80	1023.72
112.09	1026.46
112.39	1029.20
112.69	1031.94
112.99	1034.69
113.29	1037.44
113.59	1040.20
113.90	1042.95
114.20	1045.72
114.50	1048.48
114.80	1051.25
115.10	1054.02
115.41	1056.80
115.71	1059.58
116.01	1062.36
116.32	1065.15
116.62	1067.94
116.93	1070.73
117.23	1073.53
117.54	1076.33
117.84	1079.13
118.15	1081.94
118.46	1084.75
118.76	1087.56
119.07	1090.38
119.38	1093.20
119.69	1096.03
120.00	1098.86
120.31	1101.69
120.62	1104.53
120.93	1107.36
121.24	1110.21
121.55	1113.05
121.86	1115.90
122.17	1118.76
122.48	1121.61
122.79	1124.47
123.10	1127.34
123.42	1130.20
123.73	1133.07
124.04	1135.95
124.36	1138.82
124.67	1141.70
124.99	1144.59
125.30	1147.48
125.62	1150.37
125.93	1153.26
126.25	1156.16
126.57	1159.06
126.88	1161.97
127.20	1164.88
127.52	1167.79
127.84	1170.70
128.15	1173.62
128.47	1176.54
128.79	1179.47
129.11	1182.40
129.43	1185.33
129.75	1188.27
130.07	1191.21
130.39	1194.15
130.71	1197.10
131.03	1200.05
131.36	1203.00
131.68	1205.96
132.00	1208.92
132.33	1211.88
132.65	1214.85
132.97	1217.82
133.30	1220.79
133.62	1223.77
133.95	1226.75
134.27	1229.73
134.60	1232.72
134.92	1235.71
135.25	1238.70
135.58	1241.70
135.90	1244.70
136.23	1247.71
136.56	1250.71
136.89	1253.72
137.22	1256.74
137.54	1259.76
137.87	1262.78
138.20	1265.80
138.53	1268.83
138.86	1271.86
139.19	1274.90
139.53	1277.93
139.86	1280.98
140.19	1284.02
140.52	1287.07
140.85	1290.12
141.19	1293.18
141.52	1296.23
141.85	1299.30
142.19	1302.36
142.52	1305.43
142.86	1308.50
143.19	1311.58
143.53	1314.65
143.86	1317.74
144.20	1320.82
144.53	1323.91
144.87	1327.00
145.21	1330.10
145.55	1333.19
145.88	1336.30
146.22	1339.40
146.56	1342.51
146.90	1345.62
147.24	1348.74
147.58	1351.85
147.92	1354.98
148.26	1358.10
148.60	1361.23
148.94	1364.36
149.28	1367.49
149.62	1370.63
149.97	1373.77
150.31	1376.92
150.65	1380.07
150.99	1383.22
151.34	1386.37
151.68	1389.53
152.03	1392.69
152.37	1395.86
152.72	1399.02
153.06	1402.20
153.41	1405.37
153.75	1408.55
154.10	1411.73
154.44	1414.91
154.79	1418.10
155.14	1421.29
155.49	1424.48
155.83	1427.68
156.18	1430.88
156.53	1434.09
156.88	1437.29
157.23	1440.50
157.58	1443.72
157.93	1446.93
158.28	1450.15
158.63	1453.38
158.98	1456.60
159.33	1459.83
159.69	1463.07
160.04	1466.30
160.39	1469.54
160.74	1472.78
161.10	1476.03
161.45	1479.28
161.80	1482.53
162.16	1485.79
162.51	1489.04
162.87	1492.31
163.22	1495.57
163.58	1498.84
163.93	1502.11
164.29	1505.39
164.65	1508.66
165.00	1511.94
165.36	1515.23
165.72	1518.52
166.08	1521.81
166.43	1525.10
166.79	1528.40
167.15	1531.70
167.51	1535.00
167.87	1538.31
168.23	1541.62
168.59	1544.93
168.95	1548.25
169.31	1551.56
169.67	1554.89
170.03	1558.21
170.40	1561.54
170.76	1564.87
171.12	1568.21
171.48	1571.55
171.85	1574.89
172.21	1578.23
172.57	1581.58
172.94	1584.93
173.30	1588.28
173.67	1591.64
174.03	1595.00
174.40	1598.36
174.76	1601.73
175.13	1605.10
175.50	1608.47
175.86	1611.85
176.23	1615.23
176.60	1618.61
176.96	1622.00
177.33	1625.38
177.70	1628.77
178.07	1632.17
178.44	1635.57
178.81	1638.97
179.18	1642.37
179.55	1645.78
179.92	1649.19
180.29	1652.60
180.66	1656.02
181.03	1659.44
181.40	1662.86
181.78	1666.29
182.15	1669.72
182.52	1673.15
182.89	1676.58
183.27	1680.02
183.64	1683.46
184.01	1686.91
184.39	1690.35
184.76	1693.81
185.14	1697.26
185.51	1700.72
185.89	1704.18
186.27	1707.64
186.64	1711.11
187.02	1714.57
187.40	1718.05
187.77	1721.52
188.15	1725.00
188.53	1728.48
188.91	1731.97
189.28	1735.46
189.66	1738.95
190.04	1742.44
190.42	1745.94
190.80	1749.44
191.18	1752.94
191.56	1756.45
191.94	1759.96
192.32	1763.47
192.71	1766.98
193.09	1770.50
193.47	1774.03
193.85	1777.55
194.23	1781.08
194.62	1784.61
195.00	1788.14
195.38	1791.68
195.77	1795.22
196.15	1798.76
196.54	1802.31
196.92	1805.86
197.31	1809.41
197.69	1812.97
198.08	1816.52
198.47	1820.09
198.85	1823.65
199.24	1827.22
199.63	1830.79
200.01	1834.36
200.40	1837.94
200.79	1841.52
201.18	1845.10
201.57	1848.69
201.96	1852.28
202.34	1855.87
202.73	1859.46
203.12	1863.06
203.51	1866.66
203.91	1870.27
204.30	1873.88
204.69	1877.49
205.08	1881.10
205.47	1884.72
205.86	1888.33
206.26	1891.96
206.65	1895.58
207.04	1899.21
207.44	1902.84
207.83	1906.48
208.22	1910.11
208.62	1913.76
209.01	1917.40
209.41	1921.05
209.80	1924.70
210.20	1928.35
210.59	1932.00
210.99	1935.66
211.39	1939.32
211.78	1942.99
212.18	1946.66
212.58	1950.33
212.98	1954.00
213.38	1957.68
213.77	1961.36
214.17	1965.04
214.57	1968.73
214.97	1972.42
215.37	1976.11
215.77	1979.80
216.17	1983.50
216.57	1987.20
216.97	1990.91
217.38	1994.61
217.78	1998.32
218.18	2002.04
218.58	2005.75
218.98	2009.47
219.39	2013.19
219.79	2016.92
220.19	2020.65
220.60	2024.38
221.00	2028.11
221.41	2031.85
221.81	2035.59
222.22	2039.33
222.62	2043.08
223.03	2046.83
223.43	2050.58
223.84	2054.33
224.25	2058.09
224.65	2061.85
225.06	2065.62
225.47	2069.39
225.88	2073.16
226.29	2076.93
226.69	2080.71
227.10	2084.48
227.51	2088.27
227.92	2092.05
228.33	2095.84
228.74	2099.63
229.15	2103.43
229.56	2107.22
229.97	2111.02
230.38	2114.83
230.80	2118.63
231.21	2122.44
231.62	2126.26
232.03	2130.07
232.45	2133.89
232.86	2137.71
233.27	2141.53
233.69	2145.36
234.10	2149.19
234.52	2153.03
234.93	2156.86
235.35	2160.70
235.76	2164.54
236.18	2168.39
236.59	2172.24
237.01	2176.09
237.43	2179.94
237.84	2183.80
238.26	2187.66
238.68	2191.53
239.10	2195.39
239.51	2199.26
239.93	2203.13
240.35	2207.01
240.77	2210.89
241.19	2214.77
241.61	2218.65
242.03	2222.54
242.45	2226.43
242.87	2230.33
243.29	2234.22
243.71	2238.12
244.14	2242.02
244.56	2245.93
244.98	2249.84
245.40	2253.75
245.83	2257.66
246.25	2261.58
246.67	2265.50
247.10	2269.42
247.52	2273.35
247.95	2277.28
248.37	2281.21
248.79	2285.15
249.22	2289.09
249.65	2293.03
250.07	2296.97
250.50	2300.92
250.93	2304.87
251.35	2308.82
251.78	2312.78
252.21	2316.74
252.63	2320.70
253.06	2324.67
253.49	2328.64
253.92	2332.61
254.35	2336.58
254.78	2340.56
255.21	2344.54
255.64	2348.52
256.07	2352.51
256.50	2356.50
256.93	2360.49
257.36	2364.49
257.79	2368.49
258.23	2372.49
258.66	2376.49
259.09	2380.50
259.52	2384.51
259.96	2388.52
260.39	2392.54
260.82	2396.56
261.26	2400.58
261.69	2404.61
262.13	2408.63
262.56	2412.66
263.00	2416.70
263.43	2420.74
263.87	2424.78
264.30	2428.82
264.74	2432.87
265.18	2436.91
265.62	2440.97
266.05	2445.02
266.49	2449.08
266.93	2453.14
267.37	2457.21
267.81	2461.27
268.24	2465.34
268.68	2469.42
269.12	2473.49
269.56	2477.57
270.00	2481.65
270.44	2485.74
270.88	2489.83
271.33	2493.92
271.77	2498.01
272.21	2502.11
272.65	2506.21
273.09	2510.31
273.54	2514.42
273.98	2518.53
274.42	2522.64
274.87	2526.75
275.31	2530.87
275.75	2534.99
276.20	2539.11
276.64	2543.24
277.09	2547.37
277.53	2551.50
277.98	2555.64
278.43	2559.78
278.87	2563.92
279.32	2568.06
279.77	2572.21
280.21	2576.36
280.66	2580.52
281.11	2584.67
281.56	2588.83
282.01	2593.00
282.45	2597.16
282.90	2601.33
283.35	2605.50
283.80	2609.68
284.25	2613.85
284.70	2618.03
285.15	2622.22
285.60	2626.40
286.06	2630.59
286.51	2634.78
286.96	2638.98
287.41	2643.18
287.86	2647.38
288.32	2651.58
288.77	2655.79
289.22	2660.00
289.68	2664.21
290.13	2668.43
290.59	2672.65
291.04	2676.87
291.49	2681.10
291.95	2685.32
292.41	2689.56
292.86	2693.79
293.32	2698.03
293.77	2702.27
294.23	2706.51
294.69	2710.75
295.15	2715.00
295.60	2719.26
296.06	2723.51
296.52	2727.77
296.98	2732.03
297.44	2736.29
297.90	2740.56
298.36	2744.83
298.82	2749.10
299.28	2753.38
299.74	2757.66
300.20	2761.94
300.66	2766.22
301.12	2770.51
301.58	2774.80
302.04	2779.09
302.50	2783.39
302.97	2787.69
303.43	2791.99
303.89	2796.30
304.36	2800.60
304.82	2804.92
305.28	2809.23
305.75	2813.55
306.21	2817.87
306.68	2822.19
307.14	2826.52
307.61	2830.84
308.08	2835.18
308.54	2839.51
309.01	2843.85
309.47	2848.19
309.94	2852.53
310.41	2856.88
310.88	2861.23
311.34	2865.58
311.81	2869.94
312.28	2874.30
312.75	2878.66
313.22	2883.02
313.69	2887.39
314.16	2891.76
314.63	2896.13
315.10	2900.51
315.57	2904.89
316.04	2909.27
316.51	2913.66
316.98	2918.04
317.46	2922.44
317.93	2926.83
318.40	2931.23
318.87	2935.63
319.35	2940.03
319.82	2944.44
320.29	2948.84
320.77	2953.26
321.24	2957.67
321.72	2962.09
322.19	2966.51
322.67	2970.93
323.14	2975.36
323.62	2979.79
324.09	2984.22
324.57	2988.66
325.05	2993.09
325.52	2997.53
326.00	3001.98
326.48	3006.43
326.96	3010.88
327.44	3015.33
327.91	3019.78
328.39	3024.24
328.87	3028.71
329.35	3033.17
329.83	3037.64
330.31	3042.11
330.79	3046.58
331.27	3051.06
331.75	3055.54
332.23	3060.02
332.72	3064.50
333.20	3068.99
333.68	3073.48
334.16	3077.98
334.64	3082.48
335.13	3086.98
335.61	3091.48
336.09	3095.98
336.58	3100.49
337.06	3105.00
337.55	3109.52
338.03	3114.04
338.52	3118.56
339.00	3123.08
339.49	3127.61
339.97	3132.14
340.46	3136.67
340.95	3141.20
341.43	3145.74
341.92	3150.28
342.41	3154.83
342.90	3159.37
343.38	3163.92
343.87	3168.47
344.36	3173.03
344.85	3177.59
345.34	3182.15
345.83	3186.71
346.32	3191.28
346.81	3195.85
347.30	3200.43
347.79	3205.00
348.28	3209.58
348.77	3214.16
349.26	3218.75
349.76	3223.34
350.25	3227.93
350.74	3232.52
351.23	3237.12
351.73	3241.72
352.22	3246.32
352.71	3250.92
353.21	3255.53
353.70	3260.14
354.20	3264.76
354.69	3269.37
355.19	3273.99
355.68	3278.62
356.18	3283.24
356.67	3287.87
357.17	3292.50
357.67	3297.14
358.16	3301.77
358.66	3306.42
359.16	3311.06
359.66	3315.70
360.16	3320.35
360.65	3325.01
361.15	3329.66
361.65	3334.32
362.15	3338.98
362.65	3343.64
363.15	3348.31
363.65	3352.98
364.15	3357.65
364.65	3362.33
365.15	3367.01
365.65	3371.69
366.16	3376.37
366.66	3381.06
367.16	3385.75
367.66	3390.44
368.17	3395.14
368.67	3399.84
369.17	3404.54
369.68	3409.24
370.18	3413.95
370.68	3418.66
371.19	3423.38
371.69	3428.09
372.20	3432.81
372.71	3437.53
373.21	3442.26
373.72	3446.99
374.22	3451.72
374.73	3456.45
375.24	3461.19
375.74	3465.93
376.25	3470.67
376.76	3475.42
377.27	3480.17
377.78	3484.92
378.29	3489.67
378.79	3494.43
379.30	3499.19
379.81	3503.95
380.32	3508.72
380.83	3513.49
381.34	3518.26
381.86	3523.03
382.37	3527.81
382.88	3532.59
383.39	3537.38
383.90	3542.16
384.41	3546.95
384.93	3551.74
385.44	3556.54
385.95	3561.34
386.47	3566.14
386.98	3570.94
387.49	3575.75
388.01	3580.56
388.52	3585.37
389.04	3590.19
389.55	3595.01
390.07	3599.83
390.58	3604.65
391.10	3609.48
391.62	3614.31
392.13	3619.14
392.65	3623.98
393.17	3628.82
393.69	3633.66
394.20	3638.51
394.72	3643.35
395.24	3648.21
395.76	3653.06
396.28	3657.92
396.80	3662.78
397.32	3667.64
397.84	3672.50
398.36	3677.37
398.88	3682.24
399.40	3687.12
399.92	3691.99
400.44	3696.87
400.96	3701.76
401.49	3706.64
402.01	3711.53
402.53	3716.42
403.05	3721.32
403.58	3726.22
404.10	3731.12
404.62	3736.02
405.15	3740.93
405.67	3745.84
406.20	3750.75
406.72	3755.66
407.25	3760.58
407.77	3765.50
408.30	3770.43
408.83	3775.35
409.35	3780.28
409.88	3785.22
410.41	3790.15
410.93	3795.09
411.46	3800.03
411.99	3804.98
412.52	3809.92
413.05	3814.87
413.57	3819.83
414.10	3824.78
414.63	3829.74
415.16	3834.70
415.69	3839.67
416.22	3844.64
416.75	3849.61
417.28	3854.58
417.81	3859.56
418.35	3864.54
418.88	3869.52
419.41	3874.51
419.94	3879.49
420.48	3884.49
421.01	3889.48
421.54	3894.48
422.07	3899.48
422.61	3904.48
423.14	3909.49
423.68	3914.49
424.21	3919.51
424.75	3924.52
425.28	3929.54
425.82	3934.56
426.35	3939.58
426.89	3944.61
427.43	3949.64
427.96	3954.67
428.50	3959.71
429.04	3964.74
429.57	3969.79
430.11	3974.83
430.65	3979.88
431.19	3984.93
431.73	3989.98
432.27	3995.04
432.81	4000.09
433.35	4005.16
433.89	4010.22
434.43	4015.29
434.97	4020.36
435.51	4025.43
436.05	4030.51
436.59	4035.59
437.13	4040.67
437.67	4045.76
438.22	4050.84
438.76	4055.93
439.30	4061.03
439.84	4066.12
440.39	4071.22
440.93	4076.33
441.48	4081.43
442.02	4086.54
442.57	4091.65
443.11	4096.77
443.66	4101.89
444.20	4107.01
444.75	4112.13
445.29	4117.26
445.84	4122.38
446.39	4127.52
446.93	4132.65
447.48	4137.79
448.03	4142.93
448.58	4148.07
449.12	4153.22
449.67	4158.37
450.22	4163.52
450.77	4168.68
451.32	4173.84
451.87	4179.00
452.42	4184.16
452.97	4189.33
453.52	4194.50
454.07	4199.68
454.62	4204.85
455.17	4210.03
455.73	4215.21
456.28	4220.40
456.83	4225.59
457.38	4230.78
457.93	4235.97
458.49	4241.17
459.04	4246.37
459.60	4251.57
460.15	4256.78
460.70	4261.99
461.26	4267.20
461.81	4272.41
462.37	4277.63
462.92	4282.85
463.48	4288.07
464.04	4293.30
464.59	4298.53
465.15	4303.76
465.71	4309.00
466.26	4314.23
466.82	4319.48
467.38	4324.72
467.94	4329.97
468.50	4335.22
469.05	4340.47
469.61	4345.73
470.17	4350.98
470.73	4356.25
471.29	4361.51
471.85	4366.78
472.41	4372.05
472.97	4377.32
473.54	4382.60
474.10	4387.88
474.66	4393.16
475.22	4398.45
475.78	4403.74
476.35	4409.03
476.91	4414.32
477.47	4419.62
478.03	4424.92
478.60	4430.22
479.16	4435.53
479.73	4440.84
480.29	4446.15
480.86	4451.46
481.42	4456.78
481.99	4462.10
482.55	4467.43
483.12	4472.75
483.69	4478.08
484.25	4483.42
484.82	4488.75
485.39	4494.09
485.95	4499.43
486.52	4504.78
487.09	4510.13
487.66	4515.48
488.23	4520.83
488.80	4526.19
489.37	4531.55
489.94	4536.91
490.51	4542.27
491.08	4547.64
491.65	4553.01
492.22	4558.39
492.79	4563.77
493.36	4569.15
493.93	4574.53
494.50	4579.91
495.08	4585.30
495.65	4590.70
496.22	4596.09
496.79	4601.49
497.37	4606.89
497.94	4612.29
498.52	4617.70
499.09	4623.11
499.66	4628.52
500.24	4633.94
500.82	4639.36
501.39	4644.78
501.97	4650.21
502.54	4655.63
503.12	4661.07
503.70	4666.50
504.27	4671.94
504.85	4677.38
505.43	4682.82
506.01	4688.26
506.58	4693.71
507.16	4699.16
507.74	4704.62
508.32	4710.08
508.90	4715.54
509.48	4721.00
510.06	4726.47
510.64	4731.94
511.22	4737.41
511.80	4742.89
512.38	4748.36
512.96	4753.85
513.55	4759.33
514.13	4764.82
514.71	4770.31
515.29	4775.80
515.88	4781.30
516.46	4786.80
517.04	4792.30
517.63	4797.81
518.21	4803.31
518.80	4808.83
519.38	4814.34
519.96	4819.86
520.55	4825.38
521.14	4830.90
521.72	4836.43
522.31	4841.96
522.89	4847.49
523.48	4853.03
524.07	4858.56
524.66	4864.11
525.24	4869.65
525.83	4875.20
526.42	4880.75
527.01	4886.30
527.60	4891.86
528.19	4897.42
528.78	4902.98
529.37	4908.54
529.96	4914.11
530.55	4919.68
531.14	4925.26
531.73	4930.84
532.32	4936.42
532.91	4942.00
533.50	4947.59
534.09	4953.18
534.69	4958.77
535.28	4964.36
535.87	4969.96
536.47	4975.56
537.06	4981.17
537.65	4986.78
538.25	4992.39
538.84	4998.00
539.44	5003.62
540.03	5009.24
540.63	5014.86
541.22	5020.48
541.82	5026.11
542.42	5031.74
543.01	5037.38
543.61	5043.02
544.21	5048.66
544.80	5054.30
545.40	5059.95
546.00	5065.60
546.60	5071.25
547.20	5076.91
547.80	5082.57
548.40	5088.23
549.00	5093.89
549.59	5099.56
550.20	5105.23
550.80	5110.90
551.40	5116.58
552.00	5122.26
552.60	5127.94
553.20	5133.63
553.80	5139.32
554.40	5145.01
555.01	5150.71
555.61	5156.40
556.21	5162.11
556.82	5167.81
557.42	5173.52
558.02	5179.23
558.63	5184.94
559.23	5190.66
559.84	5196.38
560.44	5202.10
561.05	5207.82
561.66	5213.55
562.26	5219.29
562.87	5225.02
563.48	5230.76
564.08	5236.50
564.69	5242.24
565.30	5247.99
565.91	5253.74
566.51	5259.49
567.12	5265.25
567.73	5271.01
568.34	5276.77
568.95	5282.53
569.56	5288.30
570.17	5294.07
570.78	5299.85
571.39	5305.62
572.00	5311.40
572.61	5317.19
573.22	5322.97
573.84	5328.76
574.45	5334.56
575.06	5340.35
575.67	5346.15
576.29	5351.95
576.90	5357.76
577.51	5363.56
578.13	5369.37
578.74	5375.19
579.36	5381.01
579.97	5386.83
580.59	5392.65
581.20	5398.47
581.82	5404.30
582.43	5410.14
583.05	5415.97
583.67	5421.81
584.28	5427.65
584.90	5433.50
585.52	5439.34
586.14	5445.19
586.76	5451.05
587.37	5456.90
587.99	5462.76
588.61	5468.63
589.23	5474.49
589.85	5480.36
590.47	5486.23
591.09	5492.11
591.71	5497.99
592.33	5503.87
592.95	5509.75
593.58	5515.64
594.20	5521.53
594.82	5527.43
595.44	5533.32
596.06	5539.22
596.69	5545.13
597.31	5551.03
597.93	5556.94
598.56	5562.85
599.18	5568.77
599.81	5574.69
600.43	5580.61
601.06	5586.53
601.68	5592.46
602.31	5598.39
602.93	5604.33
603.56	5610.26
604.19	5616.20
604.81	5622.15
605.44	5628.09
606.07	5634.04
606.70	5639.99
607.33	5645.95
607.95	5651.91
608.58	5657.87
609.21	5663.83
609.84	5669.80
610.47	5675.77
611.10	5681.75
611.73	5687.72
612.36	5693.70
612.99	5699.69
613.62	5705.67
614.26	5711.66
614.89	5717.66
615.52	5723.65
616.15	5729.65
616.79	5735.65
617.42	5741.66
618.05	5747.67
618.69	5753.68
619.32	5759.69
619.95	5765.71
620.59	5771.73
621.22	5777.76
621.86	5783.78
622.49	5789.81
623.13	5795.85
623.77	5801.88
624.40	5807.92
625.04	5813.97
625.68	5820.01
626.31	5826.06
626.95	5832.11
627.59	5838.17
628.23	5844.23
628.87	5850.29
629.51	5856.35
630.14	5862.42
630.78	5868.49
631.42	5874.56
632.06	5880.64
632.70	5886.72
633.35	5892.80
633.99	5898.89
634.63	5904.98
635.27	5911.07
635.91	5917.17
636.55	5923.27
637.20	5929.37
637.84	5935.48
638.48	5941.58
639.13	5947.70
639.77	5953.81
640.41	5959.93
641.06	5966.05
641.70	5972.17
642.35	5978.30
642.99	5984.43
643.64	5990.57
644.29	5996.70
644.93	6002.84
645.58	6008.99
646.22	6015.13
646.87	6021.28
647.52	6027.44
648.17	6033.59
648.82	6039.75
649.46	6045.91
650.11	6052.08
650.76	6058.25
651.41	6064.42
652.06	6070.59
652.71	6076.77
653.36	6082.95
654.01	6089.14
654.66	6095.32
655.31	6101.51
655.97	6107.71
656.62	6113.91
657.27	6120.11
657.92	6126.31
658.58	6132.52
659.23	6138.73
659.88	6144.94
660.54	6151.15
661.19	6157.37
661.84	6163.60
662.50	6169.82
663.15	6176.05
663.81	6182.28
664.46	6188.52
665.12	6194.76
665.78	6201.00
666.43	6207.24
667.09	6213.49
667.75	6219.74
668.40	6226.00
669.06	6232.25
669.72	6238.51
670.38	6244.78
671.04	6251.05
671.70	6257.32
672.36	6263.59
673.02	6269.87
673.68	6276.15
674.34	6282.43
675.00	6288.72
675.66	6295.01
676.32	6301.30
676.98	6307.60
677.64	6313.89
678.30	6320.20
678.97	6326.50
679.63	6332.81
680.29	6339.12
680.96	6345.44
681.62	6351.76
682.28	6358.08
682.95	6364.40
683.61	6370.73
684.28	6377.06
684.94	6383.40
685.61	6389.74
686.27	6396.08
686.94	6402.42
687.61	6408.77
688.27	6415.12
688.94	6421.47
689.61	6427.83
690.28	6434.19
690.95	6440.56
691.61	6446.92
692.28	6453.29
692.95	6459.67
693.62	6466.04
694.29	6472.42
694.96	6478.81
695.63	6485.19
696.30	6491.58
696.97	6497.98
697.64	6504.37
698.32	6510.77
698.99	6517.17
699.66	6523.58
700.33	6529.99
701.01	6536.40
701.68	6542.82
702.35	6549.23
703.03	6555.66
703.70	6562.08
704.37	6568.51
705.05	6574.94
705.72	6581.38
706.40	6587.82
707.08	6594.26
707.75	6600.70
708.43	6607.15
709.10	6613.60
709.78	6620.06
710.46	6626.51
711.14	6632.97
711.81	6639.44
712.49	6645.91
713.17	6652.38
713.85	6658.85
714.53	6665.33
715.21	6671.81
715.89	6678.29
716.57	6684.78
717.25	6691.27
717.93	6697.77
718.61	6704.26
719.29	6710.76
719.98	6717.27
720.66	6723.77
721.34	6730.28
722.02	6736.80
722.71	6743.31
723.39	6749.83
724.07	6756.36
724.76	6762.88
725.44	6769.41
726.13	6775.95
726.81	6782.48
727.50	6789.02
728.18	6795.57
728.87	6802.11
729.55	6808.66
730.24	6815.21
730.93	6821.77
731.61	6828.33
732.30	6834.89
732.99	6841.46
733.68	6848.03
734.37	6854.60
735.06	6861.18
735.74	6867.76
736.43	6874.34
737.12	6880.92
737.81	6887.51
738.50	6894.11
739.20	6900.70
739.89	6907.30
740.58	6913.90
741.27	6920.51
741.96	6927.12
742.65	6933.73
743.35	6940.35
744.04	6946.96
744.73	6953.59
745.43	6960.21
746.12	6966.84
746.81	6973.47
747.51	6980.11
748.20	6986.75
748.90	6993.39
749.60	7000.04
750.29	7006.68
750.99	7013.34
751.68	7019.99
752.38	7026.65
753.08	7033.31
753.78	7039.98
754.47	7046.65
755.17	7053.32
755.87	7060.00
756.57	7066.67
757.27	7073.36
757.97	7080.04
758.67	7086.73
759.37	7093.42
760.07	7100.12
760.77	7106.82
761.47	7113.52
762.17	7120.22
762.87	7126.93
763.57	7133.65
764.28	7140.36
764.98	7147.08
765.68	7153.80
766.39	7160.53
767.09	7167.26
767.79	7173.99
768.50	7180.73
769.20	7187.46
769.91	7194.21
770.61	7200.95
771.32	7207.70
772.03	7214.45
772.73	7221.21
773.44	7227.97
774.15	7234.73
774.85	7241.50
775.56	7248.27
776.27	7255.04
776.98	7261.82
777.68	7268.60
778.39	7275.38
779.10	7282.17
779.81	7288.96
780.52	7295.75
781.23	7302.54
781.94	7309.34
782.65	7316.15
783.37	7322.95
784.08	7329.76
784.79	7336.58
785.50	7343.39
786.21	7350.21
786.93	7357.04
787.64	7363.86
788.35	7370.69
789.07	7377.53
789.78	7384.37
790.50	7391.21
791.21	7398.05
791.93	7404.90
792.64	7411.75
793.36	7418.60
794.07	7425.46
794.79	7432.32
795.51	7439.18
796.22	7446.05
796.94	7452.92
797.66	7459.80
798.38	7466.68
799.10	7473.56
799.81	7480.44
800.53	7487.33
801.25	7494.22
801.97	7501.12
802.69	7508.02
803.41	7514.92
804.13	7521.82
804.86	7528.73
805.58	7535.64
806.30	7542.56
807.02	7549.48
807.74	7556.40
808.47	7563.33
809.19	7570.26
809.91	7577.19
810.64	7584.13
811.36	7591.07
812.09	7598.01
812.81	7604.95
813.54	7611.90
814.26	7618.86
814.99	7625.82
815.71	7632.78
816.44	7639.74
817.17	7646.71
817.89	7653.68
818.62	7660.65
819.35	7667.63
820.08	7674.61
820.80	7681.59
821.53	7688.58
822.26	7695.57
822.99	7702.57
823.72	7709.57
824.45	7716.57
825.18	7723.57
825.91	7730.58
826.64	7737.60
827.38	7744.61
828.11	7751.63
828.84	7758.65
829.57	7765.68
830.31	7772.71
831.04	7779.74
831.77	7786.78
832.51	7793.82
833.24	7800.86
833.97	7807.91
834.71	7814.96
835.45	7822.01
836.18	7829.07
836.92	7836.13
837.65	7843.20
838.39	7850.26
839.13	7857.34
839.86	7864.41
840.60	7871.49
841.34	7878.57
842.08	7885.66
842.82	7892.75
843.55	7899.84
844.29	7906.93
845.03	7914.03
845.77	7921.14
846.51	7928.24
847.25	7935.35
848.00	7942.47
848.74	7949.58
849.48	7956.70
850.22	7963.83
850.96	7970.96
851.71	7978.09
852.45	7985.22
853.19	7992.36
853.94	7999.50
854.68	8006.65
855.42	8013.80
856.17	8020.95
856.91	8028.10
857.66	8035.26
858.40	8042.43
859.15	8049.59
859.90	8056.76
860.64	8063.94
861.39	8071.11
862.14	8078.29
862.89	8085.48
863.63	8092.67
864.38	8099.86
865.13	8107.05
865.88	8114.25
866.63	8121.45
867.38	8128.66
868.13	8135.87
868.88	8143.08
869.63	8150.30
870.38	8157.52
871.13	8164.74
871.89	8171.97
872.64	8179.20
873.39	8186.43
874.14	8193.67
874.90	8200.91
875.65	8208.16
876.41	8215.40
877.16	8222.66
877.91	8229.91
878.67	8237.17
879.42	8244.43
880.18	8251.70
880.94	8258.97
881.69	8266.24
882.45	8273.52
883.21	8280.80
883.96	8288.08
884.72	8295.37
885.48	8302.66
886.24	8309.96
887.00	8317.26
887.76	8324.56
888.52	8331.87
889.28	8339.17
890.04	8346.49
890.80	8353.80
891.56	8361.12
892.32	8368.45
893.08	8375.78
893.84	8383.11
894.61	8390.44
895.37	8397.78
896.13	8405.12
896.89	8412.47
897.66	8419.82
898.42	8427.17
899.19	8434.53
899.95	8441.89
900.72	8449.25
901.48	8456.62
902.25	8463.99
903.01	8471.36
903.78	8478.74
904.55	8486.12
905.32	8493.51
906.08	8500.90
906.85	8508.29
907.62	8515.69
908.39	8523.09
909.16	8530.49
909.93	8537.90
910.70	8545.31
911.47	8552.73
912.24	8560.14
913.01	8567.57
913.78	8574.99
914.55	8582.42
915.32	8589.85
916.09	8597.29
916.87	8604.73
917.64	8612.18
918.41	8619.62
919.19	8627.08
919.96	8634.53
920.73	8641.99
921.51	8649.45
922.28	8656.92
923.06	8664.39
923.84	8671.86
924.61	8679.34
925.39	8686.82
926.16	8694.31
926.94	8701.79
927.72	8709.29
928.50	8716.78
929.28	8724.28
930.05	8731.78
930.83	8739.29
931.61	8746.80
932.39	8754.32
933.17	8761.83
933.95	8769.36
934.73	8776.88
935.51	8784.41
936.30	8791.94
937.08	8799.48
937.86	8807.02
938.64	8814.57
939.43	8822.11
940.21	8829.66
940.99	8837.22
941.78	8844.78
942.56	8852.34
943.34	8859.91
944.13	8867.48
944.92	8875.05
945.70	8882.63
946.49	8890.21
947.27	8897.80
948.06	8905.39
948.85	8912.98
949.64	8920.57
950.42	8928.18
951.21	8935.78
952.00	8943.39
952.79	8951.00
953.58	8958.61
954.37	8966.23
955.16	8973.86
955.95	8981.48
956.74	8989.11
957.53	8996.75
958.32	9004.38
959.12	9012.03
959.91	9019.67
960.70	9027.32
961.49	9034.97
962.29	9042.63
963.08	9050.29
963.87	9057.96
964.67	9065.62
965.46	9073.30
966.26	9080.97
967.05	9088.65
967.85	9096.33
968.65	9104.02
969.44	9111.71
970.24	9119.41
971.04	9127.11
971.84	9134.81
972.63	9142.51
973.43	9150.22
974.23	9157.94
975.03	9165.66
975.83	9173.38
976.63	9181.10
977.43	9188.83
978.23	9196.56
979.03	9204.30
979.83	9212.04
980.64	9219.79
981.44	9227.54
982.24	9235.29
983.04	9243.04
983.85	9250.80
984.65	9258.57
985.45	9266.33
986.26	9274.11
987.06	9281.88
987.87	9289.66
988.67	9297.44
989.48	9305.23
990.29	9313.02
991.09	9320.81
991.90	9328.61
992.71	9336.42
993.52	9344.22
994.32	9352.03
995.13	9359.85
995.94	9367.66
996.75	9375.48
997.56	9383.31
998.37	9391.14
999.18	9398.97
999.99	9406.81
1000.80	9414.65
1001.61	9422.50
1002.43	9430.34
1003.24	9438.20
1004.05	9446.05
1004.86	9453.91
1005.68	9461.78
1006.49	9469.65
1007.31	9477.52
1008.12	9485.39
1008.94	9493.27
1009.75	9501.16
1010.57	9509.05
1011.38	9516.94
1012.20	9524.83
1013.02	9532.73
1013.83	9540.64
1014.65	9548.54
1015.47	9556.45
1016.29	9564.37
1017.10	9572.29
1017.92	9580.21
1018.74	9588.14
1019.56	9596.07
1020.38	9604.00
1021.20	9611.94
1022.02	9619.88
1022.85	9627.83
1023.67	9635.78
1024.49	9643.74
1025.31	9651.69
1026.13	9659.66
1026.96	9667.62
1027.78	9675.59
1028.61	9683.57
1029.43	9691.54
1030.25	9699.53
1031.08	9707.51
1031.91	9715.50
1032.73	9723.50
1033.56	9731.49
1034.38	9739.50
1035.21	9747.50
1036.04	9755.51
1036.87	9763.52
1037.69	9771.54
1038.52	9779.56
1039.35	9787.59
1040.18	9795.62
1041.01	9803.65
1041.84	9811.69
1042.67	9819.73
1043.50	9827.77
1044.33	9835.82
1045.16	9843.88
1046.00	9851.93
1046.83	9860.00
1047.66	9868.06
1048.49	9876.13
1049.33	9884.20
1050.16	9892.28
1051.00	9900.36
1051.83	9908.45
1052.67	9916.53
1053.50	9924.63
1054.34	9932.72
1055.17	9940.83
1056.01	9948.93
1056.85	9957.04
1057.68	9965.15
1058.52	9973.27
1059.36	9981.39
1060.20	9989.51
1061.04	9997.64
1061.88	10005.78
1062.72	10013.91
1063.56	10022.05
1064.40	10030.20
1065.24	10038.35
1066.08	10046.50
1066.92	10054.66
1067.76	10062.82
1068.60	10070.98
1069.45	10079.15
1070.29	10087.33
1071.13	10095.50
1071.98	10103.69
1072.82	10111.87
1073.67	10120.06
1074.51	10128.25
1075.36	10136.45
1076.20	10144.65
1077.05	10152.86
1077.89	10161.07
1078.74	10169.28
1079.59	10177.50
1080.44	10185.72
1081.29	10193.94
1082.13	10202.17
1082.98	10210.41
1083.83	10218.65
1084.68	10226.89
1085.53	10235.13
1086.38	10243.38
1087.23	10251.64
1088.08	10259.90
1088.94	10268.16
1089.79	10276.42
1090.64	10284.69
1091.49	10292.97
1092.35	10301.25
1093.20	10309.53
1094.05	10317.82
1094.91	10326.11
1095.76	10334.40
1096.62	10342.70
1097.47	10351.00
1098.33	10359.31
1099.19	10367.62
1100.04	10375.94
1100.90	10384.25
1101.76	10392.58
1102.62	10400.91
1103.47	10409.24
1104.33	10417.57
1105.19	10425.91
1106.05	10434.26
1106.91	10442.60
1107.77	10450.96
1108.63	10459.31
1109.49	10467.67
1110.35	10476.04
1111.22	10484.41
1112.08	10492.78
1112.94	10501.15
1113.80	10509.54
1114.67	10517.92
1115.53	10526.31
1116.40	10534.70
1117.26	10543.10
1118.12	10551.50
1118.99	10559.91
1119.86	10568.32
1120.72	10576.73
1121.59	10585.15
1122.46	10593.57
1123.32	10602.00
1124.19	10610.43
1125.06	10618.86
1125.93	10627.30
1126.80	10635.74
1127.67	10644.19
1128.54	10652.64
1129.41	10661.10
1130.28	10669.56
1131.15	10678.02
1132.02	10686.49
1132.89	10694.96
1133.76	10703.44
1134.64	10711.92
1135.51	10720.40
1136.38	10728.89
1137.26	10737.38
1138.13	10745.88
1139.00	10754.38
1139.88	10762.89
1140.75	10771.40
1141.63	10779.91
1142.51	10788.43
1143.38	10796.95
1144.26	10805.48
1145.14	10814.01
1146.02	10822.54
1146.89	10831.08
1147.77	10839.62
1148.65	10848.17
1149.53	10856.72
1150.41	10865.28
1151.29	10873.84
1152.17	10882.40
1153.05	10890.97
1153.93	10899.54
1154.82	10908.12
1155.70	10916.70
1156.58	10925.28
1157.46	10933.87
1158.35	10942.47
1159.23	10951.06
1160.12	10959.67
1161.00	10968.27
1161.88	10976.88
1162.77	10985.50
1163.66	10994.12
1164.54	11002.74
1165.43	11011.37
1166.32	11020.00
1167.20	11028.64
1168.09	11037.28
1168.98	11045.92
1169.87	11054.57
1170.76	11063.22
1171.65	11071.88
1172.54	11080.54
1173.43	11089.21
1174.32	11097.88
1175.21	11106.55
1176.10	11115.23
1176.99	11123.91
1177.89	11132.60
1178.78	11141.29
1179.67	11149.99
1180.57	11158.69
1181.46	11167.39
1182.35	11176.10
1183.25	11184.81
1184.14	11193.53
1185.04	11202.25
1185.94	11210.98
1186.83	11219.71
1187.73	11228.44
1188.63	11237.18
1189.52	11245.92
1190.42	11254.67
1191.32	11263.42
1192.22	11272.18
1193.12	11280.94
1194.02	11289.70
1194.92	11298.47
1195.82	11307.24
1196.72	11316.02
1197.62	11324.80
1198.52	11333.59
1199.43	11342.38
1200.33	11351.18
1201.23	11359.98
1202.14	11368.78
1203.04	11377.59
1203.94	11386.40
1204.85	11395.22
1205.75	11404.04
1206.66	11412.86
1207.57	11421.69
1208.47	11430.53
1209.38	11439.37
1210.29	11448.21
1211.20	11457.06
1212.10	11465.91
1213.01	11474.76
1213.92	11483.63
1214.83	11492.49
1215.74	11501.36
1216.65	11510.23
1217.56	11519.11
1218.47	11527.99
1219.38	11536.88
1220.30	11545.77
1221.21	11554.67
1222.12	11563.57
1223.03	11572.47
1223.95	11581.38
1224.86	11590.30
1225.78	11599.21
1226.69	11608.14
1227.61	11617.06
1228.52	11625.99
1229.44	11634.93
1230.36	11643.87
1231.27	11652.81
1232.19	11661.76
1233.11	11670.72
1234.03	11679.67
1234.95	11688.64
1235.86	11697.60
1236.78	11706.57
1237.70	11715.55
1238.62	11724.53
1239.55	11733.51
1240.47	11742.50
1241.39	11751.50
1242.31	11760.49
1243.23	11769.50
1244.16	11778.50
1245.08	11787.51
1246.00	11796.53
1246.93	11805.55
1247.85	11814.58
1248.78	11823.61
1249.70	11832.64
1250.63	11841.68
1251.56	11850.72
1252.48	11859.77
1253.41	11868.82
1254.34	11877.88
1255.27	11886.94
1256.20	11896.00
1257.12	11905.07
1258.05	11914.15
1258.98	11923.23
1259.91	11932.31
1260.85	11941.40
1261.78	11950.49
1262.71	11959.59
1263.64	11968.69
1264.57	11977.79
1265.51	11986.91
1266.44	11996.02
1267.37	12005.14
1268.31	12014.26
1269.24	12023.39
1270.18	12032.53
1271.11	12041.67
1272.05	12050.81
1272.99	12059.96
1273.92	12069.11
1274.86	12078.26
1275.80	12087.42
1276.74	12096.59
1277.68	12105.76
1278.61	12114.93
1279.55	12124.11
1280.49	12133.30
1281.43	12142.49
1282.38	12151.68
1283.32	12160.88
1284.26	12170.08
1285.20	12179.29
1286.14	12188.50
1287.09	12197.71
1288.03	12206.93
1288.97	12216.16
1289.92	12225.39
1290.86	12234.62
1291.81	12243.86
1292.75	12253.11
1293.70	12262.35
1294.65	12271.61
1295.59	12280.86
1296.54	12290.13
1297.49	12299.39
1298.44	12308.67
1299.39	12317.94
1300.34	12327.22
1301.29	12336.51
1302.24	12345.80
1303.19	12355.09
1304.14	12364.39
1305.09	12373.70
1306.04	12383.01
1306.99	12392.32
1307.95	12401.64
1308.90	12410.96
1309.85	12420.29
1310.81	12429.62
1311.76	12438.96
1312.72	12448.30
1313.67	12457.64
1314.63	12467.00
1315.59	12476.35
1316.54	12485.71
1317.50	12495.08
1318.46	12504.45
1319.42	12513.82
1320.38	12523.20
1321.34	12532.58
1322.29	12541.97
1323.25	12551.37
1324.22	12560.76
1325.18	12570.17
1326.14	12579.58
1327.10	12588.99
1328.06	12598.40
1329.02	12607.83
1329.99	12617.25
1330.95	12626.68
1331.92	12636.12
1332.88	12645.56
1333.85	12655.01
1334.81	12664.46
1335.78	12673.91
1336.74	12683.37
1337.71	12692.84
1338.68	12702.31
1339.65	12711.78
1340.61	12721.26
1341.58	12730.74
1342.55	12740.23
1343.52	12749.72
1344.49	12759.22
1345.46	12768.72
1346.43	12778.23
1347.41	12787.74
1348.38	12797.26
1349.35	12806.78
1350.32	12816.31
1351.30	12825.84
1352.27	12835.38
1353.24	12844.92
1354.22	12854.47
1355.19	12864.02
1356.17	12873.57
1357.15	12883.13
1358.12	12892.70
1359.10	12902.27
1360.08	12911.84
1361.06	12921.42
1362.03	12931.01
1363.01	12940.60
1363.99	12950.19
1364.97	12959.79
1365.95	12969.40
1366.93	12979.00
1367.91	12988.62
1368.90	12998.24
1369.88	13007.86
1370.86	13017.49
1371.84	13027.12
1372.83	13036.76
1373.81	13046.40
1374.80	13056.05
1375.78	13065.71
1376.77	13075.36
1377.75	13085.03
1378.74	13094.69
1379.73	13104.37
1380.71	13114.04
1381.70	13123.73
1382.69	13133.41
1383.68	13143.10
1384.67	13152.80
1385.66	13162.50
1386.65	13172.21
1387.64	13181.92
1388.63	13191.64
1389.62	13201.36
1390.61	13211.09
1391.60	13220.82
1392.60	13230.55
1393.59	13240.30
1394.58	13250.04
1395.58	13259.79
1396.57	13269.55
1397.57	13279.31
1398.57	13289.08
1399.56	13298.85
1400.56	13308.62
1401.56	13318.41
1402.55	13328.19
1403.55	13337.98
1404.55	13347.78
1405.55	13357.58
1406.55	13367.38
1407.55	13377.20
1408.55	13387.01
1409.55	13396.83
1410.55	13406.66
1411.55	13416.49
1412.56	13426.33
1413.56	13436.17
1414.56	13446.01
1415.57	13455.86
1416.57	13465.72
1417.58	13475.58
1418.58	13485.45
1419.59	13495.32
1420.59	13505.19
1421.60	13515.07
1422.61	13524.96
1423.62	13534.85
1424.62	13544.75
1425.63	13554.65
1426.64	13564.55
1427.65	13574.47
1428.66	13584.38
1429.67	13594.30
1430.68	13604.23
1431.70	13614.16
1432.71	13624.10
1433.72	13634.04
1434.73	13643.99
1435.75	13653.94
1436.76	13663.90
1437.78	13673.86
1438.79	13683.83
1439.81	13693.80
1440.82	13703.77
1441.84	13713.76
1442.86	13723.74
1443.87	13733.74
1444.89	13743.74
1445.91	13753.74
1446.93	13763.75
1447.95	13773.76
1448.97	13783.78
1449.99	13793.80
1451.01	13803.83
1452.03	13813.86
1453.05	13823.90
1454.08	13833.94
1455.10	13843.99
1456.12	13854.05
1457.15	13864.11
1458.17	13874.17
1459.20	13884.24
1460.22	13894.32
1461.25	13904.40
1462.27	13914.48
1463.30	13924.57
1464.33	13934.67
1465.36	13944.77
1466.39	13954.87
1467.41	13964.98
1468.44	13975.10
1469.47	13985.22
1470.50	13995.35
1471.53	14005.48
1472.57	14015.61
1473.60	14025.76
1474.63	14035.90
1475.66	14046.06
1476.70	14056.21
1477.73	14066.38
1478.76	14076.54
1479.80	14086.72
1480.83	14096.90
1481.87	14107.08
1482.91	14117.27
1483.94	14127.46
1484.98	14137.66
1486.02	14147.87
1487.06	14158.08
1488.10	14168.29
1489.14	14178.51
1490.18	14188.74
1491.22	14198.97
1492.26	14209.20
1493.30	14219.44
1494.34	14229.69
1495.38	14239.94
1496.42	14250.20
1497.47	14260.46
1498.51	14270.73
1499.56	14281.00
1500.60	14291.28
1501.65	14301.56
1502.69	14311.85
1503.74	14322.14
1504.79	14332.44
1505.83	14342.75
1506.88	14353.06
1507.93	14363.37
1508.98	14373.69
1510.03	14384.02
1511.08	14394.35
1512.13	14404.69
1513.18	14415.03
1514.23	14425.37
1515.28	14435.73
1516.34	14446.08
1517.39	14456.45
1518.44	14466.81
1519.50	14477.19
1520.55	14487.57
1521.61	14497.95
1522.66	14508.34
1523.72	14518.73
1524.77	14529.13
1525.83	14539.54
1526.89	14549.95
1527.95	14560.37
1529.01	14570.79
1530.06	14581.22
1531.12	14591.65
1532.18	14602.09
1533.25	14612.53
1534.31	14622.98
1535.37	14633.43
1536.43	14643.89
1537.49	14654.35
1538.56	14664.82
1539.62	14675.30
1540.68	14685.78
1541.75	14696.27
1542.81	14706.76
1543.88	14717.25
1544.95	14727.76
1546.01	14738.26
1547.08	14748.78
1548.15	14759.30
1549.22	14769.82
1550.29	14780.35
1551.36	14790.88
1552.43	14801.42
1553.50	14811.97
1554.57	14822.52
1555.64	14833.08
1556.71	14843.64
1557.78	14854.21
1558.86	14864.78
1559.93	14875.36
1561.00	14885.94
1562.08	14896.53
1563.15	14907.12
1564.23	14917.72
1565.31	14928.33
1566.38	14938.94
1567.46	14949.56
1568.54	14960.18
1569.62	14970.81
1570.70	14981.44
1571.77	14992.08
1572.85	15002.72
1573.94	15013.37
1575.02	15024.03
1576.10	15034.69
1577.18	15045.35
1578.26	15056.02
1579.35	15066.70
1580.43	15077.38
1581.51	15088.07
1582.60	15098.77
1583.68	15109.46
1584.77	15120.17
1585.86	15130.88
1586.94	15141.59
1588.03	15152.32
1589.12	15163.04
1590.21	15173.77
1591.29	15184.51
1592.38	15195.26
1593.47	15206.00
1594.56	15216.76
1595.66	15227.52
1596.75	15238.28
1597.84	15249.06
1598.93	15259.83
1600.03	15270.61
1601.12	15281.40
1602.21	15292.20
1603.31	15302.99
1604.40	15313.80
1605.50	15324.61
1606.60	15335.42
1607.69	15346.25
1608.79	15357.07
1609.89	15367.91
1610.99	15378.74
1612.09	15389.59
1613.18	15400.44
1614.29	15411.29
1615.39	15422.15
1616.49	15433.02
1617.59	15443.89
1618.69	15454.77
1619.79	15465.65
1620.90	15476.54
1622.00	15487.43
1623.11	15498.33
1624.21	15509.24
1625.32	15520.15
1626.42	15531.07
1627.53	15541.99
1628.64	15552.92
1629.74	15563.85
1630.85	15574.79
1631.96	15585.74
1633.07	15596.69
1634.18	15607.65
1635.29	15618.61
