t(c)	theta_c(grad)
0.000	85.000
0.010	84.951
0.020	84.905
0.030	84.863
0.040	84.823
0.050	84.785
0.060	84.750
0.070	84.717
0.080	84.685
0.090	84.655
0.100	84.627
0.110	84.601
0.120	84.575
0.130	84.551
0.140	84.528
0.150	84.507
0.160	84.486
0.170	84.466
0.180	84.447
0.190	84.429
0.200	84.411
0.210	84.395
0.220	84.379
0.230	84.363
0.240	84.348
0.250	84.334
0.260	84.320
0.270	84.307
0.280	84.295
0.290	84.282
0.300	84.271
0.310	84.259
0.320	84.248
0.330	84.237
0.340	84.227
0.350	84.217
0.360	84.207
0.370	84.198
0.380	84.189
0.390	84.180
0.400	84.172
0.410	84.163
0.420	84.155
0.430	84.148
0.440	84.140
0.450	84.133
0.460	84.126
0.470	84.119
0.480	84.112
0.490	84.105
0.500	84.099
0.510	84.093
0.520	84.086
0.530	84.080
0.540	84.075
0.550	84.069
0.560	84.064
0.570	84.058
0.580	84.053
0.590	84.048
0.600	84.043
0.610	84.038
0.620	84.033
0.630	84.028
0.640	84.024
0.650	84.019
0.660	84.015
0.670	84.011
0.680	84.007
0.690	84.003
0.700	83.999
0.710	83.995
0.720	83.991
0.730	83.987
0.740	83.983
0.750	83.980
0.760	83.976
0.770	83.973
0.780	83.969
0.790	83.966
0.800	83.963
0.810	83.960
0.820	83.956
0.830	83.953
0.840	83.950
0.850	83.947
0.860	83.945
0.870	83.942
0.880	83.939
0.890	83.936
0.900	83.933
0.910	83.931
0.920	83.928
0.930	83.926
0.940	83.923
0.950	83.921
0.960	83.918
0.970	83.916
0.980	83.913
0.990	83.911
1.000	83.909
1.010	83.907
1.020	83.904
1.030	83.902
1.040	83.900
1.050	83.898
1.060	83.896
1.070	83.894
1.080	83.892
1.090	83.890
1.100	83.888
1.110	83.886
1.120	83.884
1.130	83.883
1.140	83.881
1.150	83.879
1.160	83.877
1.170	83.875
1.180	83.874
1.190	83.872
1.200	83.870
1.210	83.869
1.220	83.867
1.230	83.866
1.240	83.864
1.250	83.862
1.260	83.861
1.270	83.859
1.280	83.858
1.290	83.857
1.300	83.855
1.310	83.854
1.320	83.852
1.330	83.851
1.340	83.850
1.350	83.848
1.360	83.847
1.370	83.846
1.380	83.844
1.390	83.843
1.400	83.842
1.410	83.841
1.420	83.839
1.430	83.838
1.440	83.837
1.450	83.836
1.460	83.835
1.470	83.834
1.480	83.832
1.490	83.831
1.500	83.830
1.510	83.829
1.520	83.828
1.530	83.827
1.540	83.826
1.550	83.825
1.560	83.824
1.570	83.823
1.580	83.822
1.590	83.821
1.600	83.820
1.610	83.819
1.620	83.818
1.630	83.817
1.640	83.816
1.650	83.815
1.660	83.815
1.670	83.814
1.680	83.813
1.690	83.812
1.700	83.811
1.710	83.810
1.720	83.809
1.730	83.809
1.740	83.808
1.750	83.807
1.760	83.806
1.770	83.805
1.780	83.805
1.790	83.804
1.800	83.803
1.810	83.802
1.820	83.802
1.830	83.801
1.840	83.800
1.850	83.800
1.860	83.799
1.870	83.798
1.880	83.797
1.890	83.797
1.900	83.796
1.910	83.795
1.920	83.795
1.930	83.794
1.940	83.794
1.950	83.793
1.960	83.792
1.970	83.792
1.980	83.791
1.990	83.790
2.000	83.790
2.010	83.789
2.020	83.789
2.030	83.788
2.040	83.788
2.050	83.787
2.060	83.786
2.070	83.786
2.080	83.785
2.090	83.785
2.100	83.784
2.110	83.784
2.120	83.783
2.130	83.783
2.140	83.782
2.150	83.782
2.160	83.781
2.170	83.781
2.180	83.780
2.190	83.780
2.200	83.779
2.210	83.779
2.220	83.778
2.230	83.778
2.240	83.777
2.250	83.777
2.260	83.776
2.270	83.776
2.280	83.776
2.290	83.775
2.300	83.775
2.310	83.774
2.320	83.774
2.330	83.773
2.340	83.773
2.350	83.773
2.360	83.772
2.370	83.772
2.380	83.771
2.390	83.771
2.400	83.771
2.410	83.770
2.420	83.770
2.430	83.770
2.440	83.769
2.450	83.769
2.460	83.769
2.470	83.768
2.480	83.768
2.490	83.767
2.500	83.767
2.510	83.767
2.520	83.766
2.530	83.766
2.540	83.766
2.550	83.765
2.560	83.765
2.570	83.765
2.580	83.765
2.590	83.764
2.600	83.764
2.610	83.764
2.620	83.763
2.630	83.763
2.640	83.763
2.650	83.762
2.660	83.762
2.670	83.762
2.680	83.762
2.690	83.761
2.700	83.761
2.710	83.761
2.720	83.760
2.730	83.760
2.740	83.760
2.750	83.760
2.760	83.759
2.770	83.759
2.780	83.759
2.790	83.759
2.800	83.758
2.810	83.758
2.820	83.758
2.830	83.758
2.840	83.757
2.850	83.757
2.860	83.757
2.870	83.757
2.880	83.757
2.890	83.756
2.900	83.756
2.910	83.756
2.920	83.756
2.930	83.755
2.940	83.755
2.950	83.755
2.960	83.755
2.970	83.755
2.980	83.754
2.990	83.754
3.000	83.754
3.010	83.754
3.020	83.754
3.030	83.754
3.040	83.753
3.050	83.753
3.060	83.753
3.070	83.753
3.080	83.753
3.090	83.752
3.100	83.752
3.110	83.752
3.120	83.752
3.130	83.752
3.140	83.752
3.150	83.751
3.160	83.751
3.170	83.751
3.180	83.751
3.190	83.751
3.200	83.751
3.210	83.751
3.220	83.750
3.230	83.750
3.240	83.750
3.250	83.750
3.260	83.750
3.270	83.750
3.280	83.750
3.290	83.749
3.300	83.749
3.310	83.749
3.320	83.749
3.330	83.749
3.340	83.749
3.350	83.749
3.360	83.749
3.370	83.748
3.380	83.748
3.390	83.748
3.400	83.748
3.410	83.748
3.420	83.748
3.430	83.748
3.440	83.748
3.450	83.747
3.460	83.747
3.470	83.747
3.480	83.747
3.490	83.747
3.500	83.747
3.510	83.747
3.520	83.747
3.530	83.747
3.540	83.747
3.550	83.747
3.560	83.746
3.570	83.746
3.580	83.746
3.590	83.746
3.600	83.746
3.610	83.746
3.620	83.746
3.630	83.746
3.640	83.746
3.650	83.746
3.660	83.746
3.670	83.746
3.680	83.745
3.690	83.745
3.700	83.745
3.710	83.745
3.720	83.745
3.730	83.745
3.740	83.745
3.750	83.745
3.760	83.745
3.770	83.745
3.780	83.745
3.790	83.745
3.800	83.745
3.810	83.745
3.820	83.745
3.830	83.745
3.840	83.745
3.850	83.744
3.860	83.744
3.870	83.744
3.880	83.744
3.890	83.744
3.900	83.744
3.910	83.744
3.920	83.744
3.930	83.744
3.940	83.744
3.950	83.744
3.960	83.744
3.970	83.744
3.980	83.744
3.990	83.744
4.000	83.744
4.010	83.744
4.020	83.744
4.030	83.744
4.040	83.744
4.050	83.744
4.060	83.744
4.070	83.744
4.080	83.744
4.090	83.744
4.100	83.744
4.110	83.744
4.120	83.744
4.130	83.744
4.140	83.743
4.150	83.743
4.160	83.743
4.170	83.743
4.180	83.743
4.190	83.743
4.200	83.743
4.210	83.743
4.220	83.743
4.230	83.743
4.240	83.743
4.250	83.743
4.260	83.743
4.270	83.743
4.280	83.743
4.290	83.743
4.300	83.743
4.310	83.743
4.320	83.743
4.330	83.743
4.340	83.743
4.350	83.743
4.360	83.743
4.370	83.743
4.380	83.743
4.390	83.743
4.400	83.743
4.410	83.743
4.420	83.743
4.430	83.743
4.440	83.743
4.450	83.743
4.460	83.743
4.470	83.743
4.480	83.743
4.490	83.743
4.500	83.743
4.510	83.743
4.520	83.744
4.530	83.744
4.540	83.744
4.550	83.744
4.560	83.744
4.570	83.744
4.580	83.744
4.590	83.744
4.600	83.744
4.610	83.744
4.620	83.744
4.630	83.744
4.640	83.744
4.650	83.744
4.660	83.744
4.670	83.744
4.680	83.744
4.690	83.744
4.700	83.744
4.710	83.744
4.720	83.744
4.730	83.744
4.740	83.744
4.750	83.744
4.760	83.744
4.770	83.744
4.780	83.744
4.790	83.744
4.800	83.744
4.810	83.744
4.820	83.744
4.830	83.744
4.840	83.744
4.850	83.744
4.860	83.744
4.870	83.745
4.880	83.745
4.890	83.745
4.900	83.745
4.910	83.745
4.920	83.745
4.930	83.745
4.940	83.745
4.950	83.745
4.960	83.745
4.970	83.745
4.980	83.745
4.990	83.745
5.000	83.745
5.010	83.745
5.020	83.745
5.030	83.745
5.040	83.745
5.050	83.745
5.060	83.745
5.070	83.746
5.080	83.746
5.090	83.746
5.100	83.746
5.110	83.746
5.120	83.746
5.130	83.746
5.140	83.746
5.150	83.746
5.160	83.746
5.170	83.746
5.180	83.746
5.190	83.746
5.200	83.746
5.210	83.746
5.220	83.746
5.230	83.746
5.240	83.747
5.250	83.747
5.260	83.747
5.270	83.747
5.280	83.747
5.290	83.747
5.300	83.747
5.310	83.747
5.320	83.747
5.330	83.747
5.340	83.747
5.350	83.747
5.360	83.747
5.370	83.747
5.380	83.747
5.390	83.748
5.400	83.748
5.410	83.748
5.420	83.748
5.430	83.748
5.440	83.748
5.450	83.748
5.460	83.748
5.470	83.748
5.480	83.748
5.490	83.748
5.500	83.748
5.510	83.748
5.520	83.749
5.530	83.749
5.540	83.749
5.550	83.749
5.560	83.749
5.570	83.749
5.580	83.749
5.590	83.749
5.600	83.749
5.610	83.749
5.620	83.749
5.630	83.749
5.640	83.750
5.650	83.750
5.660	83.750
5.670	83.750
5.680	83.750
5.690	83.750
5.700	83.750
5.710	83.750
5.720	83.750
5.730	83.750
5.740	83.750
5.750	83.750
5.760	83.751
5.770	83.751
5.780	83.751
5.790	83.751
5.800	83.751
5.810	83.751
5.820	83.751
5.830	83.751
5.840	83.751
5.850	83.751
5.860	83.751
5.870	83.752
5.880	83.752
5.890	83.752
5.900	83.752
5.910	83.752
5.920	83.752
5.930	83.752
5.940	83.752
5.950	83.752
5.960	83.752
5.970	83.753
5.980	83.753
5.990	83.753
6.000	83.753
6.010	83.753
6.020	83.753
6.030	83.753
6.040	83.753
6.050	83.753
6.060	83.753
6.070	83.754
6.080	83.754
6.090	83.754
6.100	83.754
6.110	83.754
6.120	83.754
6.130	83.754
6.140	83.754
6.150	83.754
6.160	83.755
6.170	83.755
6.180	83.755
6.190	83.755
6.200	83.755
6.210	83.755
6.220	83.755
6.230	83.755
6.240	83.755
6.250	83.755
6.260	83.756
6.270	83.756
6.280	83.756
6.290	83.756
6.300	83.756
6.310	83.756
6.320	83.756
6.330	83.756
6.340	83.756
6.350	83.757
6.360	83.757
6.370	83.757
6.380	83.757
6.390	83.757
6.400	83.757
6.410	83.757
6.420	83.757
6.430	83.758
6.440	83.758
6.450	83.758
6.460	83.758
6.470	83.758
6.480	83.758
6.490	83.758
6.500	83.758
6.510	83.758
6.520	83.759
6.530	83.759
6.540	83.759
6.550	83.759
6.560	83.759
6.570	83.759
6.580	83.759
6.590	83.759
6.600	83.760
6.610	83.760
6.620	83.760
6.630	83.760
6.640	83.760
6.650	83.760
6.660	83.760
6.670	83.760
6.680	83.761
6.690	83.761
6.700	83.761
6.710	83.761
6.720	83.761
6.730	83.761
6.740	83.761
6.750	83.761
6.760	83.762
6.770	83.762
6.780	83.762
6.790	83.762
6.800	83.762
6.810	83.762
6.820	83.762
6.830	83.762
6.840	83.763
6.850	83.763
6.860	83.763
6.870	83.763
6.880	83.763
6.890	83.763
6.900	83.763
6.910	83.763
6.920	83.764
6.930	83.764
6.940	83.764
6.950	83.764
6.960	83.764
6.970	83.764
6.980	83.764
6.990	83.765
7.000	83.765
7.010	83.765
7.020	83.765
7.030	83.765
7.040	83.765
7.050	83.765
7.060	83.765
7.070	83.766
7.080	83.766
7.090	83.766
7.100	83.766
7.110	83.766
7.120	83.766
7.130	83.766
7.140	83.767
7.150	83.767
7.160	83.767
7.170	83.767
7.180	83.767
7.190	83.767
7.200	83.767
7.210	83.768
7.220	83.768
7.230	83.768
7.240	83.768
7.250	83.768
7.260	83.768
7.270	83.768
7.280	83.768
7.290	83.769
7.300	83.769
7.310	83.769
7.320	83.769
7.330	83.769
7.340	83.769
7.350	83.769
7.360	83.770
7.370	83.770
7.380	83.770
7.390	83.770
7.400	83.770
7.410	83.770
7.420	83.770
7.430	83.771
7.440	83.771
7.450	83.771
7.460	83.771
7.470	83.771
7.480	83.771
7.490	83.771
7.500	83.772
7.510	83.772
7.520	83.772
7.530	83.772
7.540	83.772
7.550	83.772
7.560	83.772
7.570	83.772
7.580	83.773
7.590	83.773
7.600	83.773
7.610	83.773
7.620	83.773
7.630	83.773
7.640	83.773
7.650	83.774
7.660	83.774
7.670	83.774
7.680	83.774
7.690	83.774
7.700	83.774
7.710	83.774
7.720	83.775
7.730	83.775
7.740	83.775
7.750	83.775
7.760	83.775
7.770	83.775
7.780	83.775
7.790	83.776
7.800	83.776
7.810	83.776
7.820	83.776
7.830	83.776
7.840	83.776
7.850	83.776
7.860	83.776
7.870	83.777
7.880	83.777
7.890	83.777
7.900	83.777
7.910	83.777
7.920	83.777
7.930	83.777
7.940	83.778
7.950	83.778
7.960	83.778
7.970	83.778
7.980	83.778
7.990	83.778
8.000	83.778
8.010	83.779
8.020	83.779
8.030	83.779
8.040	83.779
8.050	83.779
8.060	83.779
8.070	83.779
8.080	83.780
8.090	83.780
8.100	83.780
8.110	83.780
8.120	83.780
8.130	83.780
8.140	83.780
8.150	83.781
8.160	83.781
8.170	83.781
8.180	83.781
8.190	83.781
8.200	83.781
8.210	83.781
8.220	83.782
8.230	83.782
8.240	83.782
8.250	83.782
8.260	83.782
8.270	83.782
8.280	83.782
8.290	83.783
8.300	83.783
8.310	83.783
8.320	83.783
8.330	83.783
8.340	83.783
8.350	83.784
8.360	83.784
8.370	83.784
8.380	83.784
8.390	83.784
8.400	83.784
8.410	83.785
8.420	83.785
8.430	83.785
8.440	83.785
8.450	83.785
8.460	83.785
8.470	83.785
8.480	83.786
8.490	83.786
8.500	83.786
8.510	83.786
8.520	83.786
8.530	83.786
8.540	83.787
8.550	83.787
8.560	83.787
8.570	83.787
8.580	83.787
8.590	83.788
8.600	83.788
8.610	83.788
8.620	83.788
8.630	83.788
8.640	83.788
8.650	83.789
8.660	83.789
8.670	83.789
8.680	83.789
8.690	83.789
8.700	83.789
8.710	83.790
8.720	83.790
8.730	83.790
8.740	83.790
8.750	83.790
8.760	83.791
8.770	83.791
8.780	83.791
8.790	83.791
8.800	83.791
8.810	83.791
8.820	83.792
8.830	83.792
8.840	83.792
8.850	83.792
8.860	83.792
8.870	83.793
8.880	83.793
8.890	83.793
8.900	83.793
8.910	83.793
8.920	83.794
8.930	83.794
8.940	83.794
8.950	83.794
8.960	83.794
8.970	83.795
8.980	83.795
8.990	83.795
9.000	83.795
9.010	83.795
9.020	83.795
9.030	83.796
9.040	83.796
9.050	83.796
9.060	83.796
9.070	83.796
9.080	83.797
9.090	83.797
9.100	83.797
9.110	83.797
9.120	83.797
9.130	83.798
9.140	83.798
9.150	83.798
9.160	83.798
9.170	83.798
9.180	83.799
9.190	83.799
9.200	83.799
9.210	83.799
9.220	83.799
9.230	83.800
9.240	83.800
9.250	83.800
9.260	83.800
9.270	83.801
9.280	83.801
9.290	83.801
9.300	83.801
9.310	83.801
9.320	83.802
9.330	83.802
9.340	83.802
9.350	83.802
9.360	83.802
9.370	83.803
9.380	83.803
9.390	83.803
9.400	83.803
9.410	83.803
9.420	83.804
9.430	83.804
9.440	83.804
9.450	83.804
9.460	83.804
9.470	83.805
9.480	83.805
9.490	83.805
9.500	83.805
9.510	83.805
9.520	83.806
9.530	83.806
9.540	83.806
9.550	83.806
9.560	83.806
9.570	83.807
9.580	83.807
9.590	83.807
9.600	83.807
9.610	83.808
9.620	83.808
9.630	83.808
9.640	83.808
9.650	83.808
9.660	83.809
9.670	83.809
9.680	83.809
9.690	83.809
9.700	83.809
9.710	83.810
9.720	83.810
9.730	83.810
9.740	83.810
9.750	83.810
9.760	83.811
9.770	83.811
9.780	83.811
9.790	83.811
9.800	83.811
9.810	83.812
9.820	83.812
9.830	83.812
9.840	83.812
9.850	83.812
9.860	83.813
9.870	83.813
9.880	83.813
9.890	83.813
9.900	83.813
9.910	83.814
9.920	83.814
9.930	83.814
9.940	83.814
9.950	83.814
9.960	83.815
9.970	83.815
9.980	83.815
9.990	83.815
10.000	83.815
10.010	83.816
10.020	83.816
10.030	83.816
10.040	83.816
10.050	83.816
10.060	83.816
10.070	83.817
10.080	83.817
10.090	83.817
10.100	83.817
10.110	83.817
10.120	83.818
10.130	83.818
10.140	83.818
10.150	83.818
10.160	83.818
10.170	83.819
10.180	83.819
10.190	83.819
10.200	83.819
10.210	83.819
10.220	83.819
10.230	83.820
10.240	83.820
10.250	83.820
10.260	83.820
10.270	83.820
10.280	83.821
10.290	83.821
10.300	83.821
10.310	83.821
10.320	83.821
10.330	83.822
10.340	83.822
10.350	83.822
10.360	83.822
10.370	83.822
10.380	83.822
10.390	83.823
10.400	83.823
10.410	83.823
10.420	83.823
10.430	83.823
10.440	83.824
10.450	83.824
10.460	83.824
10.470	83.824
10.480	83.824
10.490	83.825
10.500	83.825
10.510	83.825
10.520	83.825
10.530	83.825
10.540	83.826
10.550	83.826
10.560	83.826
10.570	83.826
10.580	83.826
10.590	83.827
10.600	83.827
10.610	83.827
10.620	83.827
10.630	83.827
10.640	83.827
10.650	83.828
10.660	83.828
10.670	83.828
10.680	83.828
10.690	83.828
10.700	83.829
10.710	83.829
10.720	83.829
10.730	83.829
10.740	83.829
10.750	83.830
10.760	83.830
10.770	83.830
10.780	83.830
10.790	83.830
10.800	83.831
10.810	83.831
10.820	83.831
10.830	83.831
10.840	83.831
10.850	83.832
10.860	83.832
10.870	83.832
10.880	83.832
10.890	83.832
10.900	83.832
10.910	83.833
10.920	83.833
10.930	83.833
10.940	83.833
10.950	83.833
10.960	83.834
10.970	83.834
10.980	83.834
10.990	83.834
11.000	83.834
11.010	83.835
11.020	83.835
11.030	83.835
11.040	83.835
11.050	83.835
11.060	83.836
11.070	83.836
11.080	83.836
11.090	83.836
11.100	83.836
11.110	83.837
11.120	83.837
11.130	83.837
11.140	83.837
11.150	83.837
11.160	83.838
11.170	83.838
11.180	83.838
11.190	83.838
11.200	83.838
11.210	83.839
11.220	83.839
11.230	83.839
11.240	83.839
11.250	83.839
11.260	83.840
11.270	83.840
11.280	83.840
11.290	83.840
11.300	83.840
11.310	83.841
11.320	83.841
11.330	83.841
11.340	83.841
11.350	83.841
11.360	83.842
11.370	83.842
11.380	83.842
11.390	83.842
11.400	83.842
11.410	83.843
11.420	83.843
11.430	83.843
11.440	83.843
11.450	83.843
11.460	83.844
11.470	83.844
11.480	83.844
11.490	83.844
11.500	83.844
11.510	83.845
11.520	83.845
11.530	83.845
11.540	83.845
11.550	83.845
11.560	83.846
11.570	83.846
11.580	83.846
11.590	83.846
11.600	83.846
11.610	83.847
11.620	83.847
11.630	83.847
11.640	83.847
11.650	83.847
11.660	83.848
11.670	83.848
11.680	83.848
11.690	83.848
11.700	83.848
11.710	83.849
11.720	83.849
11.730	83.849
11.740	83.849
11.750	83.849
11.760	83.850
11.770	83.850
11.780	83.850
11.790	83.850
11.800	83.850
11.810	83.851
11.820	83.851
11.830	83.851
11.840	83.851
11.850	83.851
11.860	83.852
11.870	83.852
11.880	83.852
11.890	83.852
11.900	83.852
11.910	83.853
11.920	83.853
11.930	83.853
11.940	83.853
11.950	83.853
11.960	83.854
11.970	83.854
11.980	83.854
11.990	83.854
12.000	83.854
12.010	83.855
12.020	83.855
12.030	83.855
12.040	83.855
12.050	83.855
12.060	83.856
12.070	83.856
12.080	83.856
12.090	83.856
12.100	83.856
12.110	83.857
12.120	83.857
12.130	83.857
12.140	83.857
12.150	83.857
12.160	83.858
12.170	83.858
12.180	83.858
12.190	83.858
12.200	83.858
12.210	83.859
12.220	83.859
12.230	83.859
12.240	83.859
12.250	83.859
12.260	83.860
12.270	83.860
12.280	83.860
12.290	83.860
12.300	83.861
12.310	83.861
12.320	83.861
12.330	83.861
12.340	83.861
12.350	83.862
12.360	83.862
12.370	83.862
12.380	83.862
12.390	83.862
12.400	83.863
12.410	83.863
12.420	83.863
12.430	83.863
12.440	83.863
12.450	83.864
12.460	83.864
12.470	83.864
12.480	83.864
12.490	83.864
12.500	83.865
12.510	83.865
12.520	83.865
12.530	83.865
12.540	83.865
12.550	83.866
12.560	83.866
12.570	83.866
12.580	83.866
12.590	83.866
12.600	83.867
12.610	83.867
12.620	83.867
12.630	83.867
12.640	83.868
12.650	83.868
12.660	83.868
12.670	83.868
12.680	83.868
12.690	83.869
12.700	83.869
12.710	83.869
12.720	83.869
12.730	83.869
12.740	83.870
12.750	83.870
12.760	83.870
12.770	83.870
12.780	83.870
12.790	83.871
12.800	83.871
12.810	83.871
12.820	83.871
12.830	83.871
12.840	83.872
12.850	83.872
12.860	83.872
12.870	83.872
12.880	83.872
12.890	83.873
12.900	83.873
12.910	83.873
12.920	83.873
12.930	83.874
12.940	83.874
12.950	83.874
12.960	83.874
12.970	83.874
12.980	83.875
12.990	83.875
13.000	83.875
13.010	83.875
13.020	83.875
13.030	83.876
13.040	83.876
13.050	83.876
13.060	83.876
13.070	83.876
13.080	83.877
13.090	83.877
13.100	83.877
13.110	83.877
13.120	83.877
13.130	83.878
13.140	83.878
13.150	83.878
13.160	83.878
13.170	83.879
13.180	83.879
13.190	83.879
13.200	83.879
13.210	83.879
13.220	83.880
13.230	83.880
13.240	83.880
13.250	83.880
13.260	83.880
13.270	83.881
13.280	83.881
13.290	83.881
13.300	83.881
13.310	83.881
13.320	83.882
13.330	83.882
13.340	83.882
13.350	83.882
13.360	83.883
13.370	83.883
13.380	83.883
13.390	83.883
13.400	83.883
13.410	83.884
13.420	83.884
13.430	83.884
13.440	83.884
13.450	83.884
13.460	83.885
13.470	83.885
13.480	83.885
13.490	83.885
13.500	83.885
13.510	83.886
13.520	83.886
13.530	83.886
13.540	83.886
13.550	83.887
13.560	83.887
13.570	83.887
13.580	83.887
13.590	83.887
13.600	83.888
13.610	83.888
13.620	83.888
13.630	83.888
13.640	83.888
13.650	83.889
13.660	83.889
13.670	83.889
13.680	83.889
13.690	83.889
13.700	83.890
13.710	83.890
13.720	83.890
13.730	83.890
13.740	83.891
13.750	83.891
13.760	83.891
13.770	83.891
13.780	83.891
13.790	83.892
13.800	83.892
13.810	83.892
13.820	83.892
13.830	83.892
13.840	83.893
13.850	83.893
13.860	83.893
13.870	83.893
13.880	83.894
13.890	83.894
13.900	83.894
13.910	83.894
13.920	83.894
13.930	83.895
13.940	83.895
13.950	83.895
13.960	83.895
13.970	83.895
13.980	83.896
13.990	83.896
14.000	83.896
14.010	83.896
14.020	83.896
14.030	83.897
14.040	83.897
14.050	83.897
14.060	83.897
14.070	83.898
14.080	83.898
14.090	83.898
14.100	83.898
14.110	83.898
14.120	83.899
14.130	83.899
14.140	83.899
14.150	83.899
14.160	83.899
14.170	83.900
14.180	83.900
14.190	83.900
14.200	83.900
14.210	83.901
14.220	83.901
14.230	83.901
14.240	83.901
14.250	83.901
14.260	83.902
14.270	83.902
14.280	83.902
14.290	83.902
14.300	83.902
14.310	83.903
14.320	83.903
14.330	83.903
14.340	83.903
14.350	83.904
14.360	83.904
14.370	83.904
14.380	83.904
14.390	83.904
14.400	83.905
14.410	83.905
14.420	83.905
14.430	83.905
14.440	83.905
14.450	83.906
14.460	83.906
14.470	83.906
14.480	83.906
14.490	83.906
14.500	83.907
14.510	83.907
14.520	83.907
14.530	83.907
14.540	83.908
14.550	83.908
14.560	83.908
14.570	83.908
14.580	83.908
14.590	83.909
14.600	83.909
14.610	83.909
14.620	83.909
14.630	83.909
14.640	83.910
14.650	83.910
14.660	83.910
14.670	83.910
14.680	83.911
14.690	83.911
14.700	83.911
14.710	83.911
14.720	83.911
14.730	83.912
14.740	83.912
14.750	83.912
14.760	83.912
14.770	83.912
14.780	83.913
14.790	83.913
14.800	83.913
14.810	83.913
14.820	83.914
14.830	83.914
14.840	83.914
14.850	83.914
14.860	83.914
14.870	83.915
14.880	83.915
14.890	83.915
14.900	83.915
14.910	83.915
14.920	83.916
14.930	83.916
14.940	83.916
14.950	83.916
14.960	83.917
14.970	83.917
14.980	83.917
14.990	83.917
15.000	83.917
15.010	83.918
15.020	83.918
15.030	83.918
15.040	83.918
15.050	83.918
15.060	83.919
15.070	83.919
15.080	83.919
15.090	83.919
15.100	83.920
15.110	83.920
15.120	83.920
15.130	83.920
15.140	83.920
15.150	83.921
15.160	83.921
15.170	83.921
15.180	83.921
15.190	83.922
15.200	83.922
15.210	83.922
15.220	83.922
15.230	83.922
15.240	83.923
15.250	83.923
15.260	83.923
15.270	83.923
15.280	83.923
15.290	83.924
15.300	83.924
15.310	83.924
15.320	83.924
15.330	83.925
15.340	83.925
15.350	83.925
15.360	83.925
15.370	83.925
15.380	83.926
15.390	83.926
15.400	83.926
15.410	83.926
15.420	83.926
15.430	83.927
15.440	83.927
15.450	83.927
15.460	83.927
15.470	83.928
15.480	83.928
15.490	83.928
15.500	83.928
15.510	83.928
15.520	83.929
15.530	83.929
15.540	83.929
15.550	83.929
15.560	83.929
15.570	83.930
15.580	83.930
15.590	83.930
15.600	83.930
15.610	83.931
15.620	83.931
15.630	83.931
15.640	83.931
15.650	83.931
15.660	83.932
15.670	83.932
15.680	83.932
15.690	83.932
15.700	83.932
15.710	83.933
15.720	83.933
15.730	83.933
15.740	83.933
15.750	83.934
15.760	83.934
15.770	83.934
15.780	83.934
15.790	83.934
15.800	83.935
15.810	83.935
15.820	83.935
15.830	83.935
15.840	83.936
15.850	83.936
15.860	83.936
15.870	83.936
15.880	83.936
15.890	83.937
15.900	83.937
15.910	83.937
15.920	83.937
15.930	83.937
15.940	83.938
15.950	83.938
15.960	83.938
15.970	83.938
15.980	83.939
15.990	83.939
16.000	83.939
16.010	83.939
16.020	83.939
16.030	83.940
16.040	83.940
16.050	83.940
16.060	83.940
16.070	83.940
16.080	83.941
16.090	83.941
16.100	83.941
16.110	83.941
16.120	83.942
16.130	83.942
16.140	83.942
16.150	83.942
16.160	83.942
16.170	83.943
16.180	83.943
16.190	83.943
16.200	83.943
16.210	83.944
16.220	83.944
16.230	83.944
16.240	83.944
16.250	83.944
16.260	83.945
16.270	83.945
16.280	83.945
16.290	83.945
16.300	83.945
16.310	83.946
16.320	83.946
16.330	83.946
16.340	83.946
16.350	83.947
16.360	83.947
16.370	83.947
16.380	83.947
16.390	83.947
16.400	83.948
16.410	83.948
16.420	83.948
16.430	83.948
16.440	83.948
16.450	83.949
16.460	83.949
16.470	83.949
16.480	83.949
16.490	83.950
16.500	83.950
16.510	83.950
16.520	83.950
16.530	83.950
16.540	83.951
16.550	83.951
16.560	83.951
16.570	83.951
16.580	83.952
16.590	83.952
16.600	83.952
16.610	83.952
16.620	83.952
16.630	83.953
16.640	83.953
16.650	83.953
16.660	83.953
16.670	83.953
16.680	83.954
16.690	83.954
16.700	83.954
16.710	83.954
16.720	83.955
16.730	83.955
16.740	83.955
16.750	83.955
16.760	83.955
16.770	83.956
16.780	83.956
16.790	83.956
16.800	83.956
16.810	83.956
16.820	83.957
16.830	83.957
16.840	83.957
16.850	83.957
16.860	83.958
16.870	83.958
16.880	83.958
16.890	83.958
16.900	83.958
16.910	83.959
16.920	83.959
16.930	83.959
16.940	83.959
16.950	83.960
16.960	83.960
16.970	83.960
16.980	83.960
16.990	83.960
17.000	83.961
17.010	83.961
17.020	83.961
17.030	83.961
17.040	83.961
17.050	83.962
17.060	83.962
17.070	83.962
17.080	83.962
17.090	83.963
17.100	83.963
17.110	83.963
17.120	83.963
17.130	83.963
17.140	83.964
17.150	83.964
17.160	83.964
17.170	83.964
17.180	83.964
17.190	83.965
17.200	83.965
17.210	83.965
17.220	83.965
17.230	83.966
17.240	83.966
17.250	83.966
17.260	83.966
17.270	83.966
17.280	83.967
17.290	83.967
17.300	83.967
17.310	83.967
17.320	83.968
17.330	83.968
17.340	83.968
17.350	83.968
17.360	83.968
17.370	83.969
17.380	83.969
17.390	83.969
17.400	83.969
17.410	83.969
17.420	83.970
17.430	83.970
17.440	83.970
17.450	83.970
17.460	83.971
17.470	83.971
17.480	83.971
17.490	83.971
17.500	83.971
17.510	83.972
17.520	83.972
17.530	83.972
17.540	83.972
17.550	83.972
17.560	83.973
17.570	83.973
17.580	83.973
17.590	83.973
17.600	83.974
17.610	83.974
17.620	83.974
17.630	83.974
17.640	83.974
17.650	83.975
17.660	83.975
17.670	83.975
17.680	83.975
17.690	83.976
17.700	83.976
17.710	83.976
17.720	83.976
17.730	83.976
17.740	83.977
17.750	83.977
17.760	83.977
17.770	83.977
17.780	83.977
17.790	83.978
17.800	83.978
17.810	83.978
17.820	83.978
17.830	83.979
17.840	83.979
17.850	83.979
17.860	83.979
17.870	83.979
17.880	83.980
17.890	83.980
17.900	83.980
17.910	83.980
17.920	83.980
17.930	83.981
17.940	83.981
17.950	83.981
17.960	83.981
17.970	83.982
17.980	83.982
17.990	83.982
18.000	83.982
18.010	83.982
18.020	83.983
18.030	83.983
18.040	83.983
18.050	83.983
18.060	83.983
18.070	83.984
18.080	83.984
18.090	83.984
18.100	83.984
18.110	83.985
18.120	83.985
18.130	83.985
18.140	83.985
18.150	83.985
18.160	83.986
18.170	83.986
18.180	83.986
18.190	83.986
18.200	83.986
18.210	83.987
18.220	83.987
18.230	83.987
18.240	83.987
18.250	83.988
18.260	83.988
18.270	83.988
18.280	83.988
18.290	83.988
18.300	83.989
18.310	83.989
18.320	83.989
18.330	83.989
18.340	83.990
18.350	83.990
18.360	83.990
18.370	83.990
18.380	83.990
18.390	83.991
18.400	83.991
18.410	83.991
18.420	83.991
18.430	83.991
18.440	83.992
18.450	83.992
18.460	83.992
18.470	83.992
18.480	83.993
18.490	83.993
18.500	83.993
18.510	83.993
18.520	83.993
18.530	83.994
18.540	83.994
18.550	83.994
18.560	83.994
18.570	83.994
18.580	83.995
18.590	83.995
18.600	83.995
18.610	83.995
18.620	83.996
18.630	83.996
18.640	83.996
18.650	83.996
18.660	83.996
18.670	83.997
18.680	83.997
18.690	83.997
18.700	83.997
18.710	83.997
18.720	83.998
18.730	83.998
18.740	83.998
18.750	83.998
18.760	83.999
18.770	83.999
18.780	83.999
18.790	83.999
18.800	83.999
18.810	84.000
18.820	84.000
18.830	84.000
18.840	84.000
18.850	84.000
18.860	84.001
18.870	84.001
18.880	84.001
18.890	84.001
18.900	84.002
18.910	84.002
18.920	84.002
18.930	84.002
18.940	84.002
18.950	84.003
18.960	84.003
18.970	84.003
18.980	84.003
18.990	84.003
19.000	84.004
19.010	84.004
19.020	84.004
19.030	84.004
19.040	84.005
19.050	84.005
19.060	84.005
19.070	84.005
19.080	84.005
19.090	84.006
19.100	84.006
19.110	84.006
19.120	84.006
19.130	84.006
19.140	84.007
19.150	84.007
19.160	84.007
19.170	84.007
19.180	84.008
19.190	84.008
19.200	84.008
19.210	84.008
19.220	84.008
19.230	84.009
19.240	84.009
19.250	84.009
19.260	84.009
19.270	84.009
19.280	84.010
19.290	84.010
19.300	84.010
19.310	84.010
19.320	84.011
19.330	84.011
19.340	84.011
19.350	84.011
19.360	84.011
19.370	84.012
19.380	84.012
19.390	84.012
19.400	84.012
19.410	84.012
19.420	84.013
19.430	84.013
19.440	84.013
19.450	84.013
19.460	84.014
19.470	84.014
19.480	84.014
19.490	84.014
19.500	84.014
19.510	84.015
19.520	84.015
19.530	84.015
19.540	84.015
19.550	84.015
19.560	84.016
19.570	84.016
19.580	84.016
19.590	84.016
19.600	84.016
19.610	84.017
19.620	84.017
19.630	84.017
19.640	84.017
19.650	84.018
19.660	84.018
19.670	84.018
19.680	84.018
19.690	84.018
19.700	84.019
19.710	84.019
19.720	84.019
19.730	84.019
19.740	84.019
19.750	84.020
19.760	84.020
19.770	84.020
19.780	84.020
19.790	84.021
19.800	84.021
19.810	84.021
19.820	84.021
19.830	84.021
19.840	84.022
19.850	84.022
19.860	84.022
19.870	84.022
19.880	84.022
19.890	84.023
19.900	84.023
19.910	84.023
19.920	84.023
19.930	84.024
19.940	84.024
19.950	84.024
19.960	84.024
19.970	84.024
19.980	84.025
19.990	84.025
20.000	84.025
20.010	84.025
20.020	84.025
20.030	84.026
20.040	84.026
20.050	84.026
20.060	84.026
20.070	84.026
20.080	84.027
20.090	84.027
20.100	84.027
20.110	84.027
20.120	84.028
20.130	84.028
20.140	84.028
20.150	84.028
20.160	84.028
20.170	84.029
20.180	84.029
20.190	84.029
20.200	84.029
20.210	84.029
20.220	84.030
20.230	84.030
20.240	84.030
20.250	84.030
20.260	84.030
20.270	84.031
20.280	84.031
20.290	84.031
20.300	84.031
20.310	84.032
20.320	84.032
20.330	84.032
20.340	84.032
20.350	84.032
20.360	84.033
20.370	84.033
20.380	84.033
20.390	84.033
20.400	84.033
20.410	84.034
20.420	84.034
20.430	84.034
20.440	84.034
20.450	84.035
20.460	84.035
20.470	84.035
20.480	84.035
20.490	84.035
20.500	84.036
20.510	84.036
20.520	84.036
20.530	84.036
20.540	84.036
20.550	84.037
20.560	84.037
20.570	84.037
20.580	84.037
20.590	84.037
20.600	84.038
20.610	84.038
20.620	84.038
20.630	84.038
20.640	84.039
20.650	84.039
20.660	84.039
20.670	84.039
20.680	84.039
20.690	84.040
20.700	84.040
20.710	84.040
20.720	84.040
20.730	84.040
20.740	84.041
20.750	84.041
20.760	84.041
20.770	84.041
20.780	84.041
20.790	84.042
20.800	84.042
20.810	84.042
20.820	84.042
20.830	84.043
20.840	84.043
20.850	84.043
20.860	84.043
20.870	84.043
20.880	84.044
20.890	84.044
20.900	84.044
20.910	84.044
20.920	84.044
20.930	84.045
20.940	84.045
20.950	84.045
20.960	84.045
20.970	84.045
20.980	84.046
20.990	84.046
21.000	84.046
21.010	84.046
21.020	84.046
21.030	84.047
21.040	84.047
21.050	84.047
21.060	84.047
21.070	84.048
21.080	84.048
21.090	84.048
21.100	84.048
21.110	84.048
21.120	84.049
21.130	84.049
21.140	84.049
21.150	84.049
21.160	84.049
21.170	84.050
21.180	84.050
21.190	84.050
21.200	84.050
21.210	84.050
21.220	84.051
21.230	84.051
21.240	84.051
21.250	84.051
21.260	84.052
21.270	84.052
21.280	84.052
21.290	84.052
21.300	84.052
21.310	84.053
21.320	84.053
21.330	84.053
21.340	84.053
21.350	84.053
21.360	84.054
21.370	84.054
21.380	84.054
21.390	84.054
21.400	84.054
21.410	84.055
21.420	84.055
21.430	84.055
21.440	84.055
21.450	84.055
21.460	84.056
21.470	84.056
21.480	84.056
21.490	84.056
21.500	84.056
21.510	84.057
21.520	84.057
21.530	84.057
21.540	84.057
21.550	84.058
21.560	84.058
21.570	84.058
21.580	84.058
21.590	84.058
21.600	84.059
21.610	84.059
21.620	84.059
21.630	84.059
21.640	84.059
21.650	84.060
21.660	84.060
21.670	84.060
21.680	84.060
21.690	84.060
21.700	84.061
21.710	84.061
21.720	84.061
21.730	84.061
21.740	84.061
21.750	84.062
21.760	84.062
21.770	84.062
21.780	84.062
21.790	84.063
21.800	84.063
21.810	84.063
21.820	84.063
21.830	84.063
21.840	84.064
21.850	84.064
21.860	84.064
21.870	84.064
21.880	84.064
21.890	84.065
21.900	84.065
21.910	84.065
21.920	84.065
21.930	84.065
21.940	84.066
21.950	84.066
21.960	84.066
21.970	84.066
21.980	84.066
21.990	84.067
22.000	84.067
22.010	84.067
22.020	84.067
22.030	84.067
22.040	84.068
22.050	84.068
22.060	84.068
22.070	84.068
22.080	84.069
22.090	84.069
22.100	84.069
22.110	84.069
22.120	84.069
22.130	84.070
22.140	84.070
22.150	84.070
22.160	84.070
22.170	84.070
22.180	84.071
22.190	84.071
22.200	84.071
22.210	84.071
22.220	84.071
22.230	84.072
22.240	84.072
22.250	84.072
22.260	84.072
22.270	84.072
22.280	84.073
22.290	84.073
22.300	84.073
22.310	84.073
22.320	84.073
22.330	84.074
22.340	84.074
22.350	84.074
22.360	84.074
22.370	84.074
22.380	84.075
22.390	84.075
22.400	84.075
22.410	84.075
22.420	84.075
22.430	84.076
22.440	84.076
22.450	84.076
22.460	84.076
22.470	84.077
22.480	84.077
22.490	84.077
22.500	84.077
22.510	84.077
22.520	84.078
22.530	84.078
22.540	84.078
22.550	84.078
22.560	84.078
22.570	84.079
22.580	84.079
22.590	84.079
22.600	84.079
22.610	84.079
22.620	84.080
22.630	84.080
22.640	84.080
22.650	84.080
22.660	84.080
22.670	84.081
22.680	84.081
22.690	84.081
22.700	84.081
22.710	84.081
22.720	84.082
22.730	84.082
22.740	84.082
22.750	84.082
22.760	84.082
22.770	84.083
22.780	84.083
22.790	84.083
22.800	84.083
22.810	84.083
22.820	84.084
22.830	84.084
22.840	84.084
22.850	84.084
22.860	84.084
22.870	84.085
22.880	84.085
22.890	84.085
22.900	84.085
22.910	84.085
22.920	84.086
22.930	84.086
22.940	84.086
22.950	84.086
22.960	84.086
22.970	84.087
22.980	84.087
22.990	84.087
23.000	84.087
23.010	84.088
23.020	84.088
23.030	84.088
23.040	84.088
23.050	84.088
23.060	84.089
23.070	84.089
23.080	84.089
23.090	84.089
23.100	84.089
23.110	84.090
23.120	84.090
23.130	84.090
23.140	84.090
23.150	84.090
23.160	84.091
23.170	84.091
23.180	84.091
23.190	84.091
23.200	84.091
23.210	84.092
23.220	84.092
23.230	84.092
23.240	84.092
23.250	84.092
23.260	84.093
23.270	84.093
23.280	84.093
23.290	84.093
23.300	84.093
23.310	84.094
23.320	84.094
23.330	84.094
23.340	84.094
23.350	84.094
23.360	84.095
23.370	84.095
23.380	84.095
23.390	84.095
23.400	84.095
23.410	84.096
23.420	84.096
23.430	84.096
23.440	84.096
23.450	84.096
23.460	84.097
23.470	84.097
23.480	84.097
23.490	84.097
23.500	84.097
23.510	84.098
23.520	84.098
23.530	84.098
23.540	84.098
23.550	84.098
23.560	84.099
23.570	84.099
23.580	84.099
23.590	84.099
23.600	84.099
23.610	84.100
23.620	84.100
23.630	84.100
23.640	84.100
23.650	84.100
23.660	84.101
23.670	84.101
23.680	84.101
23.690	84.101
23.700	84.101
23.710	84.102
23.720	84.102
23.730	84.102
23.740	84.102
23.750	84.102
23.760	84.103
23.770	84.103
23.780	84.103
23.790	84.103
23.800	84.103
23.810	84.104
23.820	84.104
23.830	84.104
23.840	84.104
23.850	84.104
23.860	84.105
23.870	84.105
23.880	84.105
23.890	84.105
23.900	84.105
23.910	84.106
23.920	84.106
23.930	84.106
23.940	84.106
23.950	84.106
23.960	84.107
23.970	84.107
23.980	84.107
23.990	84.107
24.000	84.107
24.010	84.108
24.020	84.108
24.030	84.108
24.040	84.108
24.050	84.108
24.060	84.109
24.070	84.109
24.080	84.109
24.090	84.109
24.100	84.109
24.110	84.110
24.120	84.110
24.130	84.110
24.140	84.110
24.150	84.110
24.160	84.111
24.170	84.111
24.180	84.111
24.190	84.111
24.200	84.111
24.210	84.112
24.220	84.112
24.230	84.112
24.240	84.112
24.250	84.112
24.260	84.113
24.270	84.113
24.280	84.113
24.290	84.113
24.300	84.113
24.310	84.113
24.320	84.114
24.330	84.114
24.340	84.114
24.350	84.114
24.360	84.114
24.370	84.115
24.380	84.115
24.390	84.115
24.400	84.115
24.410	84.115
24.420	84.116
24.430	84.116
24.440	84.116
24.450	84.116
24.460	84.116
24.470	84.117
24.480	84.117
24.490	84.117
24.500	84.117
24.510	84.117
24.520	84.118
24.530	84.118
24.540	84.118
24.550	84.118
24.560	84.118
24.570	84.119
24.580	84.119
24.590	84.119
24.600	84.119
24.610	84.119
24.620	84.120
24.630	84.120
24.640	84.120
24.650	84.120
24.660	84.120
24.670	84.121
24.680	84.121
24.690	84.121
24.700	84.121
24.710	84.121
24.720	84.122
24.730	84.122
24.740	84.122
24.750	84.122
24.760	84.122
24.770	84.123
24.780	84.123
24.790	84.123
24.800	84.123
24.810	84.123
24.820	84.124
24.830	84.124
24.840	84.124
24.850	84.124
24.860	84.124
24.870	84.124
24.880	84.125
24.890	84.125
24.900	84.125
24.910	84.125
24.920	84.125
24.930	84.126
24.940	84.126
24.950	84.126
24.960	84.126
24.970	84.126
24.980	84.127
24.990	84.127
25.000	84.127
25.010	84.127
25.020	84.127
25.030	84.128
25.040	84.128
25.050	84.128
25.060	84.128
25.070	84.128
25.080	84.129
25.090	84.129
25.100	84.129
25.110	84.129
25.120	84.129
25.130	84.130
25.140	84.130
25.150	84.130
25.160	84.130
25.170	84.130
25.180	84.130
25.190	84.131
25.200	84.131
25.210	84.131
25.220	84.131
25.230	84.131
25.240	84.132
25.250	84.132
25.260	84.132
25.270	84.132
25.280	84.132
25.290	84.133
25.300	84.133
25.310	84.133
25.320	84.133
25.330	84.133
25.340	84.134
25.350	84.134
25.360	84.134
25.370	84.134
25.380	84.134
25.390	84.135
25.400	84.135
25.410	84.135
25.420	84.135
25.430	84.135
25.440	84.136
25.450	84.136
25.460	84.136
25.470	84.136
25.480	84.136
25.490	84.136
25.500	84.137
25.510	84.137
25.520	84.137
25.530	84.137
25.540	84.137
25.550	84.138
25.560	84.138
25.570	84.138
25.580	84.138
25.590	84.138
25.600	84.139
25.610	84.139
25.620	84.139
25.630	84.139
25.640	84.139
25.650	84.140
25.660	84.140
25.670	84.140
25.680	84.140
25.690	84.140
25.700	84.140
25.710	84.141
25.720	84.141
25.730	84.141
25.740	84.141
25.750	84.141
25.760	84.142
25.770	84.142
25.780	84.142
25.790	84.142
25.800	84.142
25.810	84.143
25.820	84.143
25.830	84.143
25.840	84.143
25.850	84.143
25.860	84.143
25.870	84.144
25.880	84.144
25.890	84.144
25.900	84.144
25.910	84.144
25.920	84.145
25.930	84.145
25.940	84.145
25.950	84.145
25.960	84.145
25.970	84.146
25.980	84.146
25.990	84.146
26.000	84.146
26.010	84.146
26.020	84.146
26.030	84.147
26.040	84.147
26.050	84.147
26.060	84.147
26.070	84.147
26.080	84.148
26.090	84.148
26.100	84.148
26.110	84.148
26.120	84.148
26.130	84.149
26.140	84.149
26.150	84.149
26.160	84.149
26.170	84.149
26.180	84.149
26.190	84.150
26.200	84.150
26.210	84.150
26.220	84.150
26.230	84.150
26.240	84.151
26.250	84.151
26.260	84.151
26.270	84.151
26.280	84.151
26.290	84.152
26.300	84.152
26.310	84.152
26.320	84.152
26.330	84.152
26.340	84.152
26.350	84.153
26.360	84.153
26.370	84.153
26.380	84.153
26.390	84.153
26.400	84.154
26.410	84.154
26.420	84.154
26.430	84.154
26.440	84.154
26.450	84.154
26.460	84.155
26.470	84.155
26.480	84.155
26.490	84.155
26.500	84.155
26.510	84.156
26.520	84.156
26.530	84.156
26.540	84.156
26.550	84.156
26.560	84.157
26.570	84.157
26.580	84.157
26.590	84.157
26.600	84.157
26.610	84.157
26.620	84.158
26.630	84.158
26.640	84.158
26.650	84.158
26.660	84.158
26.670	84.159
26.680	84.159
26.690	84.159
26.700	84.159
26.710	84.159
26.720	84.159
26.730	84.160
26.740	84.160
26.750	84.160
26.760	84.160
26.770	84.160
26.780	84.161
26.790	84.161
26.800	84.161
26.810	84.161
26.820	84.161
26.830	84.161
26.840	84.162
26.850	84.162
26.860	84.162
26.870	84.162
26.880	84.162
26.890	84.163
26.900	84.163
26.910	84.163
26.920	84.163
26.930	84.163
26.940	84.163
26.950	84.164
26.960	84.164
26.970	84.164
26.980	84.164
26.990	84.164
27.000	84.165
27.010	84.165
27.020	84.165
27.030	84.165
27.040	84.165
27.050	84.165
27.060	84.166
27.070	84.166
27.080	84.166
27.090	84.166
27.100	84.166
27.110	84.167
27.120	84.167
27.130	84.167
27.140	84.167
27.150	84.167
27.160	84.167
27.170	84.168
27.180	84.168
27.190	84.168
27.200	84.168
27.210	84.168
27.220	84.169
27.230	84.169
27.240	84.169
27.250	84.169
27.260	84.169
27.270	84.169
27.280	84.170
27.290	84.170
27.300	84.170
27.310	84.170
27.320	84.170
27.330	84.170
27.340	84.171
27.350	84.171
27.360	84.171
27.370	84.171
27.380	84.171
27.390	84.172
27.400	84.172
27.410	84.172
27.420	84.172
27.430	84.172
27.440	84.172
27.450	84.173
27.460	84.173
27.470	84.173
27.480	84.173
27.490	84.173
27.500	84.174
27.510	84.174
27.520	84.174
27.530	84.174
27.540	84.174
27.550	84.174
27.560	84.175
27.570	84.175
27.580	84.175
27.590	84.175
27.600	84.175
27.610	84.175
27.620	84.176
27.630	84.176
27.640	84.176
27.650	84.176
27.660	84.176
27.670	84.177
27.680	84.177
27.690	84.177
27.700	84.177
27.710	84.177
27.720	84.177
27.730	84.178
27.740	84.178
27.750	84.178
27.760	84.178
27.770	84.178
27.780	84.178
27.790	84.179
27.800	84.179
27.810	84.179
27.820	84.179
27.830	84.179
27.840	84.180
27.850	84.180
27.860	84.180
27.870	84.180
27.880	84.180
27.890	84.180
27.900	84.181
27.910	84.181
27.920	84.181
27.930	84.181
27.940	84.181
27.950	84.181
27.960	84.182
27.970	84.182
27.980	84.182
27.990	84.182
28.000	84.182
28.010	84.183
28.020	84.183
28.030	84.183
28.040	84.183
28.050	84.183
28.060	84.183
28.070	84.184
28.080	84.184
28.090	84.184
28.100	84.184
28.110	84.184
28.120	84.184
28.130	84.185
28.140	84.185
28.150	84.185
28.160	84.185
28.170	84.185
28.180	84.185
28.190	84.186
28.200	84.186
28.210	84.186
28.220	84.186
28.230	84.186
28.240	84.187
28.250	84.187
28.260	84.187
28.270	84.187
28.280	84.187
28.290	84.187
28.300	84.188
28.310	84.188
28.320	84.188
28.330	84.188
28.340	84.188
28.350	84.188
28.360	84.189
28.370	84.189
28.380	84.189
28.390	84.189
28.400	84.189
28.410	84.189
28.420	84.190
28.430	84.190
28.440	84.190
28.450	84.190
28.460	84.190
28.470	84.190
28.480	84.191
28.490	84.191
28.500	84.191
28.510	84.191
28.520	84.191
28.530	84.192
28.540	84.192
28.550	84.192
28.560	84.192
28.570	84.192
28.580	84.192
28.590	84.193
28.600	84.193
28.610	84.193
28.620	84.193
28.630	84.193
28.640	84.193
28.650	84.194
28.660	84.194
28.670	84.194
28.680	84.194
28.690	84.194
28.700	84.194
28.710	84.195
28.720	84.195
28.730	84.195
28.740	84.195
28.750	84.195
28.760	84.195
28.770	84.196
28.780	84.196
28.790	84.196
28.800	84.196
28.810	84.196
28.820	84.196
28.830	84.197
28.840	84.197
28.850	84.197
28.860	84.197
28.870	84.197
28.880	84.197
28.890	84.198
28.900	84.198
28.910	84.198
28.920	84.198
28.930	84.198
28.940	84.199
28.950	84.199
28.960	84.199
28.970	84.199
28.980	84.199
28.990	84.199
29.000	84.200
29.010	84.200
29.020	84.200
29.030	84.200
29.040	84.200
29.050	84.200
29.060	84.201
29.070	84.201
29.080	84.201
29.090	84.201
29.100	84.201
29.110	84.201
29.120	84.202
29.130	84.202
29.140	84.202
29.150	84.202
29.160	84.202
29.170	84.202
29.180	84.203
29.190	84.203
29.200	84.203
29.210	84.203
29.220	84.203
29.230	84.203
29.240	84.204
29.250	84.204
29.260	84.204
29.270	84.204
29.280	84.204
29.290	84.204
29.300	84.205
29.310	84.205
29.320	84.205
29.330	84.205
29.340	84.205
29.350	84.205
29.360	84.206
29.370	84.206
29.380	84.206
29.390	84.206
29.400	84.206
29.410	84.206
29.420	84.207
29.430	84.207
29.440	84.207
29.450	84.207
29.460	84.207
29.470	84.207
29.480	84.208
29.490	84.208
29.500	84.208
29.510	84.208
29.520	84.208
29.530	84.208
29.540	84.209
29.550	84.209
29.560	84.209
29.570	84.209
29.580	84.209
29.590	84.209
29.600	84.210
29.610	84.210
29.620	84.210
29.630	84.210
29.640	84.210
29.650	84.210
29.660	84.211
29.670	84.211
29.680	84.211
29.690	84.211
29.700	84.211
29.710	84.211
29.720	84.212
29.730	84.212
29.740	84.212
29.750	84.212
29.760	84.212
29.770	84.212
29.780	84.213
29.790	84.213
29.800	84.213
29.810	84.213
29.820	84.213
29.830	84.213
29.840	84.214
29.850	84.214
29.860	84.214
29.870	84.214
29.880	84.214
29.890	84.214
29.900	84.215
29.910	84.215
29.920	84.215
29.930	84.215
29.940	84.215
29.950	84.215
29.960	84.216
29.970	84.216
29.980	84.216
29.990	84.216
30.000	84.216
