x(m)	V(m/s)
0.00	10.000
0.01	10.348
0.02	10.697
0.03	11.046
0.04	11.394
0.05	11.743
0.06	12.092
0.07	12.441
0.08	12.790
0.09	13.139
0.11	13.488
0.12	13.838
0.13	14.187
0.14	14.536
0.16	14.886
0.17	15.235
0.19	15.585
0.20	15.935
0.22	16.284
0.24	16.634
0.25	16.984
0.27	17.334
0.29	17.684
0.31	18.034
0.32	18.384
0.34	18.735
0.36	19.085
0.38	19.435
0.40	19.786
0.42	20.136
0.45	20.487
0.47	20.838
0.49	21.189
0.51	21.539
0.54	21.890
0.56	22.241
0.58	22.592
0.61	22.944
0.63	23.295
0.66	23.646
0.69	23.997
0.71	24.349
0.74	24.700
0.77	25.052
0.80	25.404
0.82	25.755
0.85	26.107
0.88	26.459
0.91	26.811
0.94	27.163
0.98	27.515
1.01	27.867
1.04	28.219
1.07	28.572
1.11	28.924
1.14	29.276
1.18	29.629
1.21	29.981
1.25	30.334
1.28	30.687
1.32	31.039
1.36	31.392
1.39	31.745
1.43	32.098
1.47	32.451
1.51	32.804
1.55	33.157
1.59	33.511
1.63	33.864
1.67	34.217
1.71	34.571
1.76	34.924
1.80	35.278
1.84	35.632
1.89	35.985
1.93	36.339
1.98	36.693
2.03	37.047
2.07	37.401
2.12	37.755
2.17	38.109
2.22	38.463
2.26	38.818
2.31	39.172
2.36	39.526
2.41	39.881
2.47	40.235
2.52	40.590
2.57	40.945
2.62	41.299
2.68	41.654
2.73	42.009
2.78	42.364
2.84	42.719
2.90	43.074
2.95	43.429
3.01	43.785
3.07	44.140
3.13	44.495
3.18	44.851
3.24	45.206
3.30	45.562
3.36	45.917
3.43	46.273
3.49	46.629
3.55	46.984
3.61	47.340
3.68	47.696
3.74	48.052
3.81	48.408
3.87	48.764
3.94	49.121
4.00	49.477
4.07	49.833
4.14	50.190
4.21	50.546
4.28	50.903
4.35	51.259
4.42	51.616
4.49	51.973
4.56	52.329
4.63	52.686
4.71	53.043
4.78	53.400
4.85	53.757
4.93	54.114
5.00	54.472
5.08	54.829
5.16	55.186
5.23	55.543
5.31	55.901
5.39	56.258
5.47	56.616
5.55	56.973
5.63	57.331
5.71	57.689
5.79	58.047
5.88	58.405
5.96	58.763
6.04	59.121
6.13	59.479
6.21	59.837
6.30	60.195
6.39	60.553
6.47	60.911
6.56	61.270
6.65	61.628
6.74	61.987
6.83	62.345
6.92	62.704
7.01	63.063
7.10	63.421
7.19	63.780
7.29	64.139
7.38	64.498
7.47	64.857
7.57	65.216
7.67	65.575
7.76	65.934
7.86	66.294
7.96	66.653
8.06	67.012
8.15	67.372
8.25	67.731
8.35	68.091
8.46	68.450
8.56	68.810
8.66	69.170
8.76	69.530
8.87	69.889
8.97	70.249
9.08	70.609
9.18	70.969
9.29	71.330
9.40	71.690
9.50	72.050
9.61	72.410
9.72	72.771
9.83	73.131
9.94	73.491
10.05	73.852
10.17	74.212
10.28	74.573
10.39	74.934
10.51	75.295
10.62	75.655
10.74	76.016
10.85	76.377
10.97	76.738
11.09	77.099
11.21	77.460
11.33	77.822
11.45	78.183
11.57	78.544
11.69	78.905
11.81	79.267
11.93	79.628
12.06	79.990
12.18	80.351
12.30	80.713
12.43	81.075
12.56	81.437
12.68	81.798
12.81	82.160
12.94	82.522
13.07	82.884
13.20	83.246
13.33	83.608
13.46	83.970
13.59	84.333
13.72	84.695
13.86	85.057
13.99	85.420
14.13	85.782
14.26	86.145
14.40	86.507
14.54	86.870
14.67	87.233
14.81	87.595
14.95	87.958
15.09	88.321
15.23	88.684
15.37	89.047
15.52	89.410
15.66	89.773
15.80	90.136
15.95	90.499
16.09	90.862
16.24	91.226
16.38	91.589
16.53	91.953
16.68	92.316
16.83	92.680
16.98	93.043
17.13	93.407
17.28	93.770
17.43	94.134
17.58	94.498
17.74	94.862
17.89	95.226
18.04	95.590
18.20	95.954
18.36	96.318
18.51	96.682
18.67	97.046
18.83	97.410
18.99	97.775
19.15	98.139
19.31	98.504
19.47	98.868
19.63	99.233
19.80	99.597
19.96	99.962
20.13	100.326
20.29	100.691
20.46	101.056
20.62	101.421
20.79	101.786
20.96	102.151
21.13	102.516
21.30	102.881
21.47	103.246
21.64	103.611
21.81	103.976
21.99	104.342
22.16	104.707
22.33	105.072
22.51	105.438
22.69	105.803
22.86	106.169
23.04	106.534
23.22	106.900
23.40	107.266
23.58	107.631
23.76	107.997
23.94	108.363
24.12	108.729
24.30	109.095
24.49	109.461
24.67	109.827
24.86	110.193
25.04	110.559
25.23	110.926
25.42	111.292
25.61	111.658
25.80	112.025
25.99	112.391
26.18	112.757
26.37	113.124
26.56	113.491
26.75	113.857
26.95	114.224
27.14	114.591
27.34	114.957
27.54	115.324
27.73	115.691
27.93	116.058
28.13	116.425
28.33	116.792
28.53	117.159
28.73	117.526
28.93	117.894
29.13	118.261
29.34	118.628
29.54	118.996
29.75	119.363
29.95	119.730
30.16	120.098
30.37	120.465
30.58	120.833
30.79	121.201
31.00	121.568
31.21	121.936
31.42	122.304
31.63	122.672
31.84	123.040
32.06	123.408
32.27	123.776
32.49	124.144
32.70	124.512
32.92	124.880
33.14	125.248
33.36	125.616
33.58	125.985
33.80	126.353
34.02	126.721
34.24	127.090
34.46	127.458
34.69	127.827
34.91	128.195
35.14	128.564
35.36	128.933
35.59	129.301
35.82	129.670
36.05	130.039
36.28	130.408
36.51	130.777
36.74	131.146
36.97	131.515
37.20	131.884
37.44	132.253
37.67	132.622
37.91	132.991
38.14	133.361
38.38	133.730
38.62	134.099
38.86	134.469
39.09	134.838
39.33	135.208
39.58	135.577
39.82	135.947
40.06	136.316
40.30	136.686
40.55	137.056
40.79	137.425
41.04	137.795
41.29	138.165
41.53	138.535
41.78	138.905
42.03	139.275
42.28	139.645
42.53	140.015
42.78	140.385
43.04	140.755
43.29	141.126
43.55	141.496
43.80	141.866
44.06	142.237
44.31	142.607
44.57	142.977
44.83	143.348
45.09	143.718
45.35	144.089
45.61	144.460
45.87	144.830
46.14	145.201
46.40	145.572
46.66	145.943
46.93	146.314
47.20	146.684
47.46	147.055
47.73	147.426
48.00	147.797
48.27	148.169
48.54	148.540
48.81	148.911
49.08	149.282
49.36	149.653
49.63	150.025
49.90	150.396
50.18	150.767
50.46	151.139
50.73	151.510
51.01	151.882
51.29	152.253
51.57	152.625
51.85	152.997
52.13	153.368
52.42	153.740
52.70	154.112
52.98	154.484
53.27	154.855
53.55	155.227
53.84	155.599
54.13	155.971
54.42	156.343
54.71	156.715
55.00	157.088
55.29	157.460
55.58	157.832
55.87	158.204
56.17	158.576
56.46	158.949
56.76	159.321
57.05	159.694
57.35	160.066
57.65	160.439
57.95	160.811
58.25	161.184
58.55	161.556
58.85	161.929
59.15	162.302
59.46	162.674
59.76	163.047
60.07	163.420
60.37	163.793
60.68	164.166
60.99	164.539
61.30	164.912
61.60	165.285
61.92	165.658
62.23	166.031
62.54	166.404
62.85	166.777
63.17	167.151
63.48	167.524
63.80	167.897
64.11	168.271
64.43	168.644
64.75	169.017
65.07	169.391
65.39	169.764
65.71	170.138
66.03	170.511
66.35	170.885
66.68	171.259
67.00	171.633
67.33	172.006
67.65	172.380
67.98	172.754
68.31	173.128
68.64	173.502
68.97	173.876
69.30	174.250
69.63	174.624
69.96	174.998
70.30	175.372
70.63	175.746
70.97	176.120
71.30	176.494
71.64	176.869
71.98	177.243
72.32	177.617
72.66	177.992
73.00	178.366
73.34	178.741
73.68	179.115
74.03	179.490
74.37	179.864
74.71	180.239
75.06	180.613
75.41	180.988
75.76	181.363
76.10	181.738
76.45	182.112
76.81	182.487
77.16	182.862
77.51	183.237
77.86	183.612
78.22	183.987
78.57	184.362
78.93	184.737
79.29	185.112
79.64	185.487
80.00	185.862
80.36	186.238
80.72	186.613
81.08	186.988
81.45	187.363
81.81	187.738
82.17	188.114
82.54	188.489
82.91	188.864
83.27	189.239
83.64	189.614
84.01	189.989
84.38	190.365
84.75	190.740
85.12	191.115
85.49	191.490
85.87	191.865
86.24	192.240
86.62	192.615
86.99	192.990
87.37	193.365
87.75	193.740
88.13	194.115
88.51	194.490
88.89	194.865
89.27	195.240
89.65	195.615
90.04	195.989
90.42	196.364
90.81	196.739
91.19	197.114
91.58	197.489
91.97	197.864
92.36	198.238
92.75	198.613
93.14	198.988
93.53	199.362
93.92	199.737
94.32	200.112
94.71	200.486
95.11	200.861
95.51	201.235
95.90	201.610
96.30	201.984
96.70	202.359
97.10	202.733
97.50	203.108
97.90	203.482
98.31	203.856
98.71	204.231
99.12	204.605
99.52	204.979
99.93	205.354
100.34	205.728
100.75	206.102
101.16	206.476
101.57	206.850
101.98	207.224
102.39	207.598
102.80	207.972
103.22	208.346
103.63	208.720
104.05	209.094
104.47	209.468
104.89	209.842
105.30	210.215
105.72	210.589
106.15	210.963
106.57	211.337
106.99	211.710
107.41	212.084
107.84	212.457
108.26	212.831
108.69	213.204
109.12	213.578
109.55	213.951
109.98	214.324
110.41	214.698
110.84	215.071
111.27	215.444
111.70	215.817
112.14	216.190
112.57	216.564
113.01	216.937
113.44	217.310
113.88	217.682
114.32	218.055
114.76	218.428
115.20	218.801
115.64	219.174
116.09	219.546
116.53	219.919
116.97	220.292
117.42	220.664
117.87	221.037
118.31	221.409
118.76	221.781
119.21	222.154
119.66	222.526
120.11	222.898
120.56	223.270
121.02	223.642
121.47	224.015
121.93	224.387
122.38	224.758
122.84	225.130
123.30	225.502
123.76	225.874
124.22	226.246
124.68	226.617
125.14	226.989
125.60	227.360
126.06	227.732
126.53	228.103
126.99	228.475
127.46	228.846
127.93	229.217
128.40	229.588
128.86	229.959
129.33	230.330
129.81	230.701
130.28	231.072
130.75	231.443
131.22	231.814
131.70	232.184
132.18	232.555
132.65	232.926
133.13	233.296
133.61	233.667
134.09	234.037
134.57	234.407
135.05	234.777
135.53	235.148
136.02	235.518
136.50	235.888
136.99	236.258
137.47	236.627
137.96	236.997
138.45	237.367
138.94	237.737
139.43	238.106
139.92	238.476
140.41	238.845
140.91	239.214
141.40	239.584
141.90	239.953
142.39	240.322
142.89	240.691
143.39	241.060
143.89	241.429
144.39	241.797
144.89	242.166
145.39	242.535
145.89	242.903
146.39	243.272
146.90	243.640
147.40	244.008
147.91	244.377
148.42	244.745
148.93	245.113
149.44	245.481
149.95	245.848
150.46	246.216
150.97	246.584
151.48	246.952
152.00	247.319
152.51	247.686
153.03	248.054
153.55	248.421
154.07	248.788
154.59	249.155
155.11	249.522
155.63	249.889
156.15	250.256
156.67	250.623
157.20	250.989
157.72	251.356
158.25	251.722
158.77	252.088
159.30	252.455
159.83	252.821
160.36	253.187
160.89	253.553
161.42	253.919
161.96	254.284
162.49	254.650
163.02	255.015
163.56	255.381
164.10	255.746
164.63	256.111
165.17	256.477
165.71	256.842
166.25	257.207
166.79	257.571
167.34	257.936
167.88	258.301
168.42	258.665
168.97	259.030
169.52	259.394
170.06	259.758
170.61	260.122
171.16	260.486
171.71	260.850
172.26	261.214
172.81	261.578
173.37	261.941
173.92	262.305
174.48	262.668
175.03	263.031
175.59	263.394
176.15	263.757
176.71	264.120
177.27	264.483
177.83	264.846
178.39	265.208
178.95	265.571
179.52	265.933
180.08	266.295
180.65	266.657
181.21	267.019
181.78	267.381
182.35	267.743
182.92	268.104
183.49	268.466
184.06	268.827
184.63	269.189
185.21	269.550
185.78	269.911
186.36	270.272
186.93	270.632
187.51	270.993
188.09	271.353
188.67	271.713
189.25	272.073
189.83	272.433
190.41	272.793
191.00	273.152
191.58	273.511
192.17	273.870
192.75	274.229
193.34	274.588
193.93	274.947
194.52	275.305
195.11	275.663
195.70	276.021
196.29	276.379
196.88	276.737
197.48	277.095
198.07	277.452
198.67	277.809
199.26	278.166
199.86	278.523
200.46	278.879
201.06	279.236
201.66	279.592
202.26	279.948
202.87	280.304
203.47	280.660
204.07	281.015
204.68	281.370
205.29	281.725
205.89	282.080
206.50	282.435
207.11	282.790
207.72	283.144
208.33	283.498
208.95	283.852
209.56	284.206
210.17	284.559
210.79	284.913
211.41	285.266
212.02	285.619
212.64	285.972
213.26	286.324
213.88	286.677
214.50	287.029
215.12	287.381
215.75	287.732
216.37	288.084
217.00	288.435
217.62	288.787
218.25	289.137
218.88	289.488
219.51	289.839
220.14	290.189
220.77	290.539
221.40	290.889
222.03	291.239
222.67	291.588
223.30	291.938
223.94	292.287
224.57	292.636
225.21	292.984
225.85	293.333
226.49	293.681
227.13	294.029
227.77	294.377
228.41	294.725
229.06	295.072
229.70	295.419
230.35	295.766
230.99	296.113
231.64	296.459
232.29	296.806
232.94	297.152
233.59	297.498
234.24	297.843
234.89	298.189
235.55	298.534
236.20	298.879
236.86	299.224
237.51	299.568
238.17	299.913
238.83	300.257
239.49	300.600
240.15	300.944
240.81	301.288
241.47	301.631
242.13	301.974
242.79	302.316
243.46	302.659
244.12	303.001
244.79	303.343
245.46	303.685
246.13	304.027
246.80	304.368
247.47	304.709
248.14	305.050
248.81	305.391
249.49	305.732
250.16	306.072
250.83	306.412
251.51	306.752
252.19	307.092
252.87	307.431
253.55	307.770
254.23	308.109
254.91	308.448
255.59	308.786
256.27	309.125
256.96	309.463
257.64	309.800
258.33	310.138
259.01	310.475
259.70	310.812
260.39	311.149
261.08	311.486
261.77	311.822
262.46	312.159
263.16	312.494
263.85	312.830
264.54	313.166
265.24	313.501
265.94	313.836
266.63	314.171
267.33	314.505
268.03	314.840
268.73	315.174
269.43	315.507
270.13	315.841
270.84	316.174
271.54	316.507
272.25	316.840
272.95	317.173
273.66	317.505
274.37	317.837
275.08	318.169
275.79	318.501
276.50	318.832
277.21	319.164
277.92	319.494
278.63	319.825
279.35	320.156
280.06	320.486
280.78	320.816
281.50	321.145
282.22	321.475
282.94	321.804
283.66	322.133
284.38	322.462
285.10	322.790
285.82	323.118
286.55	323.446
287.27	323.774
288.00	324.101
288.72	324.429
289.45	324.755
290.18	325.082
290.91	325.409
291.64	325.735
292.37	326.061
293.11	326.386
293.84	326.712
294.57	327.037
295.31	327.362
296.05	327.686
296.78	328.011
297.52	328.335
298.26	328.659
299.00	328.982
299.74	329.306
300.48	329.629
301.23	329.952
301.97	330.274
302.72	330.597
303.46	330.919
304.21	331.240
304.96	331.562
305.71	331.883
306.46	332.204
307.21	332.525
307.96	332.845
308.71	333.166
309.46	333.486
310.22	333.805
310.97	334.125
311.73	334.444
312.49	334.763
313.24	335.081
314.00	335.400
314.76	335.719
315.52	336.037
316.29	336.355
317.05	336.673
317.81	336.991
318.58	337.309
319.34	337.627
320.11	337.944
320.88	338.262
321.64	338.579
322.41	338.896
323.18	339.213
323.96	339.530
324.73	339.847
325.50	340.164
326.27	340.480
327.05	340.797
327.83	341.113
328.60	341.429
329.38	341.745
330.16	342.061
330.94	342.377
331.72	342.692
332.50	343.008
333.28	343.323
334.07	343.638
334.85	343.953
335.64	344.268
336.42	344.583
337.21	344.897
338.00	345.212
338.79	345.526
339.58	345.840
340.37	346.154
341.16	346.468
341.95	346.782
342.74	347.096
343.54	347.409
344.34	347.723
345.13	348.036
345.93	348.349
346.73	348.662
347.53	348.975
348.33	349.288
349.13	349.600
349.93	349.913
350.73	350.225
351.54	350.537
352.34	350.849
353.15	351.161
353.95	351.473
354.76	351.784
355.57	352.096
356.38	352.407
357.19	352.718
358.00	353.029
358.82	353.340
359.63	353.651
360.44	353.962
361.26	354.272
362.07	354.583
362.89	354.893
363.71	355.203
364.53	355.513
365.35	355.823
366.17	356.133
366.99	356.442
367.81	356.752
368.64	357.061
369.46	357.370
370.29	357.679
371.11	357.988
371.94	358.297
372.77	358.606
373.60	358.915
374.43	359.223
375.26	359.531
376.09	359.840
376.92	360.148
377.76	360.456
378.59	360.763
379.43	361.071
380.27	361.379
381.10	361.686
381.94	361.994
382.78	362.301
383.62	362.608
384.46	362.915
385.31	363.221
386.15	363.528
386.99	363.835
387.84	364.141
388.68	364.447
389.53	364.754
390.38	365.060
391.23	365.365
392.08	365.671
392.93	365.977
393.78	366.282
394.63	366.588
395.49	366.893
396.34	367.198
397.20	367.504
398.05	367.809
398.91	368.114
399.77	368.419
400.63	368.724
401.49	369.029
402.35	369.334
403.21	369.639
404.07	369.944
404.94	370.249
405.80	370.554
406.67	370.859
407.53	371.164
408.40	371.469
409.27	371.774
410.14	372.078
411.01	372.383
411.88	372.688
412.75	372.992
413.63	373.297
414.50	373.602
415.37	373.906
416.25	374.211
417.13	374.515
418.00	374.820
418.88	375.124
419.76	375.428
420.64	375.733
421.53	376.037
422.41	376.342
423.29	376.646
424.18	376.950
425.06	377.254
425.95	377.558
426.83	377.863
427.72	378.167
428.61	378.471
429.50	378.775
430.39	379.079
431.28	379.383
432.18	379.687
433.07	379.991
433.97	380.295
434.86	380.599
435.76	380.903
436.66	381.206
437.55	381.510
438.45	381.814
439.35	382.118
440.26	382.422
441.16	382.725
442.06	383.029
442.96	383.333
443.87	383.636
444.78	383.940
445.68	384.243
446.59	384.547
447.50	384.851
448.41	385.154
449.32	385.458
450.23	385.761
451.14	386.064
452.06	386.368
452.97	386.671
453.89	386.975
454.80	387.278
455.72	387.581
456.64	387.884
457.56	388.188
458.48	388.491
459.40	388.794
460.32	389.097
461.24	389.401
462.17	389.704
463.09	390.007
464.02	390.310
464.95	390.613
465.87	390.916
466.80	391.219
467.73	391.522
468.66	391.825
469.59	392.128
470.53	392.431
471.46	392.734
472.39	393.037
473.33	393.340
474.27	393.643
475.20	393.945
476.14	394.248
477.08	394.551
478.02	394.854
478.96	395.157
479.90	395.459
480.85	395.762
481.79	396.065
482.73	396.368
483.68	396.670
484.63	396.973
485.57	397.276
486.52	397.578
487.47	397.881
488.42	398.183
489.37	398.486
490.33	398.789
491.28	399.091
492.23	399.393
493.19	399.696
494.15	399.998
495.10	400.301
496.06	400.603
497.02	400.905
497.98	401.207
498.94	401.510
499.90	401.812
500.87	402.114
501.83	402.416
502.79	402.718
503.76	403.020
504.73	403.322
505.69	403.624
506.66	403.926
507.63	404.228
508.60	404.530
509.57	404.832
510.55	405.134
511.52	405.436
512.49	405.738
513.47	406.039
514.44	406.341
515.42	406.643
516.40	406.944
517.38	407.246
518.36	407.548
519.34	407.849
520.32	408.151
521.30	408.452
522.29	408.754
523.27	409.055
524.26	409.357
525.25	409.658
526.23	409.960
527.22	410.261
528.21	410.562
529.20	410.864
530.19	411.165
531.19	411.466
532.18	411.767
533.17	412.068
534.17	412.370
535.17	412.671
536.16	412.972
537.16	413.273
538.16	413.574
539.16	413.875
540.16	414.176
541.16	414.477
542.17	414.778
543.17	415.079
544.17	415.380
545.18	415.681
546.19	415.982
547.19	416.283
548.20	416.583
549.21	416.884
550.22	417.185
551.24	417.486
552.25	417.786
553.26	418.087
554.28	418.388
555.29	418.688
556.31	418.989
557.32	419.290
558.34	419.590
559.36	419.891
560.38	420.191
561.40	420.492
562.43	420.792
563.45	421.093
564.47	421.393
565.50	421.694
566.52	421.994
567.55	422.295
568.58	422.595
569.61	422.895
570.64	423.196
571.67	423.496
572.70	423.796
573.73	424.096
574.77	424.397
575.80	424.697
576.84	424.997
577.87	425.297
578.91	425.598
579.95	425.898
580.99	426.198
582.03	426.498
583.07	426.798
584.11	427.098
585.16	427.398
586.20	427.698
587.25	427.998
588.29	428.298
589.34	428.598
590.39	428.898
591.44	429.198
592.49	429.498
593.54	429.798
594.59	430.098
595.64	430.397
596.70	430.697
597.75	430.997
598.81	431.296
599.86	431.596
600.92	431.895
601.98	432.195
603.04	432.494
604.10	432.793
605.16	433.093
606.23	433.392
607.29	433.691
608.35	433.990
609.42	434.289
610.49	434.588
611.55	434.887
612.62	435.186
613.69	435.485
614.76	435.783
615.83	436.082
616.91	436.381
617.98	436.679
619.05	436.978
620.13	437.277
621.21	437.575
622.28	437.873
623.36	438.172
624.44	438.470
625.52	438.768
626.60	439.067
627.68	439.365
628.77	439.663
629.85	439.961
630.93	440.259
632.02	440.557
633.11	440.855
634.20	441.153
635.28	441.450
636.37	441.748
637.46	442.046
638.56	442.343
639.65	442.641
640.74	442.939
641.84	443.236
642.93	443.533
644.03	443.831
645.13	444.128
646.23	444.425
647.33	444.723
648.43	445.020
649.53	445.317
650.63	445.614
651.73	445.911
652.84	446.208
653.94	446.505
655.05	446.802
656.16	447.099
657.26	447.396
658.37	447.693
659.48	447.989
660.59	448.286
661.71	448.583
662.82	448.879
663.93	449.176
665.05	449.472
666.16	449.769
667.28	450.065
668.40	450.361
669.52	450.658
670.64	450.954
671.76	451.250
672.88	451.546
674.00	451.842
675.13	452.138
676.25	452.434
677.38	452.730
678.50	453.026
679.63	453.322
680.76	453.618
681.89	453.914
683.02	454.210
684.15	454.505
685.29	454.801
686.42	455.097
687.55	455.392
688.69	455.688
689.83	455.983
690.96	456.279
692.10	456.574
693.24	456.869
694.38	457.165
695.52	457.460
696.66	457.755
697.81	458.050
698.95	458.345
700.10	458.640
701.24	458.935
702.39	459.230
703.54	459.525
704.69	459.820
705.84	460.115
706.99	460.410
708.14	460.705
709.29	461.000
710.45	461.295
711.60	461.590
712.76	461.885
713.91	462.179
715.07	462.474
716.23	462.769
717.39	463.064
718.55	463.359
719.71	463.653
720.88	463.948
722.04	464.243
723.21	464.538
724.37	464.832
725.54	465.127
726.71	465.422
727.87	465.716
729.04	466.011
730.21	466.306
731.39	466.600
732.56	466.895
733.73	467.190
734.91	467.484
736.08	467.779
737.26	468.074
738.44	468.368
739.61	468.663
740.79	468.957
741.97	469.252
743.15	469.547
744.34	469.841
745.52	470.136
746.70	470.430
747.89	470.725
749.08	471.019
750.26	471.314
751.45	471.608
752.64	471.903
753.83	472.197
755.02	472.492
756.21	472.786
757.41	473.081
758.60	473.375
759.80	473.670
760.99	473.964
762.19	474.259
763.39	474.553
764.59	474.848
765.79	475.142
766.99	475.437
768.19	475.731
769.39	476.026
770.60	476.320
771.80	476.615
773.01	476.909
774.21	477.203
775.42	477.498
776.63	477.792
777.84	478.087
779.05	478.381
780.26	478.676
781.48	478.970
782.69	479.264
783.90	479.559
785.12	479.853
786.34	480.148
787.55	480.442
788.77	480.736
789.99	481.031
791.21	481.325
792.44	481.620
793.66	481.914
794.88	482.209
796.11	482.503
797.33	482.797
798.56	483.092
799.79	483.386
801.02	483.681
802.24	483.975
803.48	484.269
804.71	484.564
805.94	484.858
807.17	485.153
808.41	485.447
809.64	485.742
810.88	486.036
812.12	486.330
813.36	486.625
814.60	486.919
815.84	487.214
817.08	487.508
818.32	487.803
819.56	488.097
820.81	488.392
822.05	488.686
823.30	488.981
824.55	489.275
825.80	489.570
827.04	489.864
828.29	490.158
829.55	490.453
830.80	490.747
832.05	491.042
833.31	491.337
834.56	491.631
835.82	491.926
837.08	492.220
838.33	492.515
839.59	492.809
840.85	493.104
842.12	493.398
843.38	493.693
844.64	493.987
845.91	494.282
847.17	494.577
848.44	494.871
849.70	495.166
850.97	495.460
852.24	495.755
853.51	496.050
854.78	496.344
856.06	496.639
857.33	496.934
858.60	497.228
859.88	497.523
861.15	497.818
862.43	498.112
863.71	498.407
864.99	498.702
866.27	498.997
867.55	499.291
868.83	499.586
870.12	499.881
871.40	500.176
872.69	500.471
873.97	500.765
875.26	501.060
876.55	501.355
877.84	501.650
879.13	501.945
880.42	502.240
881.71	502.535
883.01	502.829
884.30	503.124
885.59	503.419
886.89	503.714
888.19	504.009
889.49	504.304
890.79	504.599
892.09	504.894
893.39	505.189
894.69	505.484
895.99	505.779
897.30	506.074
898.60	506.369
899.91	506.665
901.22	506.960
902.53	507.255
903.84	507.550
905.15	507.845
906.46	508.140
907.77	508.436
909.08	508.731
910.40	509.026
911.71	509.321
913.03	509.617
914.35	509.912
915.66	510.207
916.98	510.503
918.30	510.798
919.63	511.093
920.95	511.389
922.27	511.684
923.60	511.980
924.92	512.275
926.25	512.570
927.58	512.866
928.90	513.161
930.23	513.457
931.57	513.753
932.90	514.048
934.23	514.344
935.56	514.639
936.90	514.935
938.23	515.231
939.57	515.526
940.91	515.822
942.25	516.118
943.59	516.414
944.93	516.709
946.27	517.005
947.61	517.301
948.95	517.597
950.30	517.893
951.65	518.189
952.99	518.485
954.34	518.781
955.69	519.077
957.04	519.373
958.39	519.669
959.74	519.965
961.09	520.261
962.45	520.557
963.80	520.853
965.16	521.149
966.52	521.445
967.87	521.742
969.23	522.038
970.59	522.334
971.95	522.630
973.32	522.927
974.68	523.223
976.04	523.519
977.41	523.816
978.77	524.112
980.14	524.409
981.51	524.705
982.88	525.002
984.25	525.298
985.62	525.595
986.99	525.892
988.37	526.188
989.74	526.485
991.11	526.782
992.49	527.078
993.87	527.375
995.25	527.672
996.63	527.969
998.01	528.266
999.39	528.562
1000.77	528.859
1002.15	529.156
1003.54	529.453
1004.92	529.750
1006.31	530.047
1007.70	530.345
1009.09	530.642
1010.48	530.939
1011.87	531.236
1013.26	531.533
1014.65	531.830
1016.05	532.128
1017.44	532.425
1018.84	532.722
1020.23	533.020
1021.63	533.317
1023.03	533.615
1024.43	533.912
1025.83	534.210
1027.23	534.507
1028.64	534.805
1030.04	535.103
1031.44	535.400
1032.85	535.698
1034.26	535.996
1035.67	536.294
1037.07	536.591
1038.49	536.889
1039.90	537.187
1041.31	537.485
1042.72	537.783
1044.14	538.081
1045.55	538.379
1046.97	538.677
1048.39	538.976
1049.80	539.274
1051.22	539.572
1052.64	539.870
1054.07	540.169
1055.49	540.467
1056.91	540.765
1058.34	541.064
1059.76	541.362
1061.19	541.661
1062.62	541.959
1064.05	542.258
1065.48	542.556
1066.91	542.855
1068.34	543.154
1069.77	543.453
1071.20	543.751
1072.64	544.050
1074.08	544.349
1075.51	544.648
1076.95	544.947
1078.39	545.246
1079.83	545.545
1081.27	545.844
1082.71	546.144
1084.16	546.443
1085.60	546.742
1087.05	547.041
1088.49	547.341
1089.94	547.640
1091.39	547.939
1092.84	548.239
1094.29	548.538
1095.74	548.838
1097.19	549.138
1098.65	549.437
1100.10	549.737
1101.56	550.037
1103.02	550.337
1104.47	550.636
1105.93	550.936
1107.39	551.236
1108.85	551.536
1110.32	551.836
1111.78	552.136
1113.24	552.437
1114.71	552.737
1116.17	553.037
1117.64	553.337
1119.11	553.638
1120.58	553.938
1122.05	554.239
1123.52	554.539
1124.99	554.840
1126.47	555.140
1127.94	555.441
1129.42	555.742
1130.90	556.042
1132.37	556.343
1133.85	556.644
1135.33	556.945
1136.81	557.246
1138.30	557.547
1139.78	557.848
1141.26	558.149
1142.75	558.450
1144.23	558.752
1145.72	559.053
1147.21	559.354
1148.70	559.656
1150.19	559.957
1151.68	560.259
1153.17	560.560
1154.67	560.862
1156.16	561.164
1157.66	561.465
1159.15	561.767
1160.65	562.069
1162.15	562.371
1163.65	562.673
1165.15	562.975
1166.65	563.277
1168.16	563.579
1169.66	563.881
1171.17	564.184
1172.67	564.486
1174.18	564.788
1175.69	565.091
1177.20	565.393
1178.71	565.696
1180.22	565.998
1181.73	566.301
1183.25	566.604
1184.76	566.907
1186.28	567.210
1187.79	567.512
1189.31	567.815
1190.83	568.118
1192.35	568.422
1193.87	568.725
1195.40	569.028
1196.92	569.331
1198.44	569.635
1199.97	569.938
1201.49	570.242
1203.02	570.545
1204.55	570.849
1206.08	571.152
1207.61	571.456
1209.14	571.760
1210.68	572.064
1212.21	572.368
1213.75	572.672
1215.28	572.976
1216.82	573.280
1218.36	573.584
1219.90	573.888
1221.44	574.193
1222.98	574.497
1224.52	574.801
1226.06	575.106
1227.61	575.411
1229.15	575.715
1230.70	576.020
1232.25	576.325
1233.80	576.630
1235.35	576.935
1236.90	577.240
1238.45	577.545
1240.00	577.850
1241.56	578.155
1243.11	578.460
1244.67	578.766
1246.23	579.071
1247.79	579.377
1249.35	579.682
1250.91	579.988
1252.47	580.293
1254.03	580.599
1255.60	580.905
1257.16	581.211
1258.73	581.517
1260.29	581.823
1261.86	582.129
1263.43	582.435
1265.00	582.742
1266.57	583.048
1268.15	583.354
1269.72	583.661
1271.30	583.967
1272.87	584.274
1274.45	584.581
1276.03	584.888
1277.61	585.194
1279.19	585.501
1280.77	585.808
1282.35	586.115
1283.93	586.423
1285.52	586.730
1287.10	587.037
1288.69	587.345
1290.28	587.652
1291.87	587.960
1293.46	588.267
1295.05	588.575
1296.64	588.883
1298.23	589.191
1299.83	589.499
1301.42	589.807
1303.02	590.115
1304.62	590.423
1306.22	590.731
1307.82	591.039
1309.42	591.348
1311.02	591.656
1312.62	591.965
1314.23	592.274
1315.83	592.582
1317.44	592.891
1319.04	593.200
1320.65	593.509
1322.26	593.818
1323.87	594.127
1325.48	594.436
1327.10	594.746
1328.71	595.055
1330.33	595.365
1331.94	595.674
1333.56	595.984
1335.18	596.294
1336.80	596.603
1338.42	596.913
1340.04	597.223
1341.66	597.533
1343.29	597.844
1344.91	598.154
1346.54	598.464
1348.16	598.774
1349.79	599.085
1351.42	599.396
1353.05	599.706
1354.68	600.017
1356.32	600.328
1357.95	600.639
1359.59	600.950
1361.22	601.261
1362.86	601.572
1364.50	601.883
1366.14	602.195
1367.78	602.506
1369.42	602.818
1371.06	603.129
1372.70	603.441
1374.35	603.753
1376.00	604.065
1377.64	604.377
1379.29	604.689
1380.94	605.001
1382.59	605.313
1384.24	605.626
1385.89	605.938
1387.55	606.251
1389.20	606.563
1390.86	606.876
1392.52	607.189
1394.17	607.502
1395.83	607.815
1397.49	608.128
1399.15	608.441
1400.82	608.754
1402.48	609.068
1404.15	609.381
1405.81	609.695
1407.48	610.008
1409.15	610.322
1410.82	610.636
1412.49	610.950
1414.16	611.264
1415.83	611.578
1417.50	611.892
1419.18	612.207
1420.85	612.521
1422.53	612.836
1424.21	613.150
1425.89	613.465
1427.57	613.780
1429.25	614.095
1430.93	614.410
1432.62	614.725
1434.30	615.040
1435.99	615.356
1437.68	615.671
1439.36	615.987
1441.05	616.302
1442.74	616.618
1444.44	616.934
1446.13	617.250
1447.82	617.566
1449.52	617.882
1451.21	618.198
1452.91	618.514
1454.61	618.831
1456.31	619.147
1458.01	619.464
1459.71	619.781
1461.41	620.098
1463.12	620.414
1464.82	620.732
1466.53	621.049
1468.24	621.366
1469.95	621.683
1471.66	622.001
1473.37	622.318
1475.08	622.636
1476.79	622.954
1478.51	623.272
1480.22	623.590
1481.94	623.908
1483.65	624.226
1485.37	624.544
1487.09	624.863
1488.81	625.181
1490.54	625.500
1492.26	625.819
1493.98	626.138
1495.71	626.457
1497.44	626.776
1499.16	627.095
1500.89	627.414
1502.62	627.734
1504.36	628.053
1506.09	628.373
1507.82	628.692
1509.56	629.012
1511.29	629.332
1513.03	629.652
1514.77	629.972
1516.51	630.293
1518.25	630.613
1519.99	630.934
1521.73	631.254
1523.47	631.575
1525.22	631.896
1526.97	632.217
1528.71	632.538
1530.46	632.859
1532.21	633.180
1533.96	633.502
1535.71	633.823
1537.47	634.145
1539.22	634.466
1540.98	634.788
1542.73	635.110
1544.49	635.431
1546.25	635.753
1548.01	636.075
1549.77	636.398
1551.53	636.720
1553.30	637.042
1555.06	637.365
1556.83	637.687
1558.59	638.010
1560.36	638.332
1562.13	638.655
1563.90	638.978
1565.67	639.301
1567.45	639.624
1569.22	639.947
1570.99	640.270
1572.77	640.594
1574.55	640.917
1576.33	641.240
1578.11	641.564
1579.89	641.888
1581.67	642.212
1583.45	642.535
1585.24	642.859
1587.02	643.183
1588.81	643.508
1590.59	643.832
1592.38	644.156
1594.17	644.481
1595.97	644.805
1597.76	645.130
1599.55	645.455
1601.35	645.780
1603.14	646.104
1604.94	646.430
1606.74	646.755
1608.54	647.080
1610.34	647.405
1612.14	647.731
1613.94	648.056
1615.75	648.382
1617.55	648.708
1619.36	649.033
1621.16	649.359
1622.97	649.685
1624.78	650.011
1626.59	650.338
1628.41	650.664
1630.22	650.990
1632.03	651.317
1633.85	651.644
1635.67	651.970
1637.48	652.297
1639.30	652.624
1641.12	652.951
1642.95	653.278
1644.77	653.606
1646.59	653.933
1648.42	654.260
1650.24	654.588
1652.07	654.916
1653.90	655.243
1655.73	655.571
1657.56	655.899
1659.39	656.227
1661.23	656.555
1663.06	656.884
1664.90	657.212
1666.73	657.541
1668.57	657.869
1670.41	658.198
1672.25	658.527
1674.09	658.856
1675.94	659.185
1677.78	659.514
1679.63	659.843
1681.47	660.173
1683.32	660.502
1685.17	660.832
1687.02	661.161
1688.87	661.491
1690.72	661.821
1692.57	662.151
1694.43	662.481
1696.29	662.811
1698.14	663.142
1700.00	663.472
1701.86	663.803
1703.72	664.133
1705.58	664.464
1707.45	664.795
1709.31	665.126
1711.17	665.457
1713.04	665.789
1714.91	666.120
1716.78	666.451
1718.65	666.783
1720.52	667.115
1722.39	667.446
1724.27	667.778
1726.14	668.110
1728.02	668.443
1729.89	668.775
1731.77	669.107
1733.65	669.440
1735.53	669.772
1737.42	670.105
1739.30	670.438
1741.18	670.771
1743.07	671.104
1744.96	671.437
1746.84	671.770
1748.73	672.104
1750.62	672.437
1752.52	672.771
1754.41	673.105
1756.30	673.439
1758.20	673.773
1760.09	674.107
1761.99	674.441
1763.89	674.776
1765.79	675.110
1767.69	675.445
1769.60	675.779
1771.50	676.114
1773.40	676.449
1775.31	676.784
1777.22	677.120
1779.13	677.455
1781.04	677.790
1782.95	678.126
1784.86	678.462
1786.77	678.798
1788.69	679.134
1790.60	679.470
1792.52	679.806
1794.44	680.142
1796.36	680.479
1798.28	680.815
1800.20	681.152
1802.12	681.489
1804.05	681.826
1805.97	682.163
1807.90	682.500
1809.83	682.837
1811.76	683.175
1813.69	683.512
1815.62	683.850
1817.55	684.188
1819.49	684.526
1821.42	684.864
1823.36	685.202
1825.30	685.541
1827.24	685.879
1829.18	686.218
1831.12	686.556
1833.06	686.895
1835.00	687.234
1836.95	687.573
1838.90	687.913
1840.84	688.252
1842.79	688.592
1844.74	688.931
1846.69	689.271
1848.65	689.611
1850.60	689.951
1852.55	690.291
1854.51	690.631
1856.47	690.972
1858.43	691.312
1860.39	691.653
1862.35	691.994
1864.31	692.335
1866.27	692.676
1868.24	693.017
1870.20	693.359
1872.17	693.700
1874.14	694.042
1876.11	694.384
1878.08	694.725
1880.05	695.068
1882.03	695.410
1884.00	695.752
1885.98	696.094
1887.95	696.437
1889.93	696.780
1891.91	697.123
1893.89	697.466
1895.88	697.809
1897.86	698.152
1899.84	698.496
1901.83	698.839
1903.82	699.183
1905.80	699.527
1907.79	699.871
1909.79	700.215
1911.78	700.559
1913.77	700.903
1915.77	701.248
1917.76	701.593
1919.76	701.937
1921.76	702.282
1923.76	702.628
1925.76	702.973
1927.76	703.318
1929.76	703.664
1931.77	704.009
1933.77	704.355
1935.78	704.701
1937.79	705.047
1939.80	705.394
1941.81	705.740
1943.82	706.086
1945.83	706.433
1947.85	706.780
1949.86	707.127
1951.88	707.474
1953.90	707.821
1955.92	708.169
1957.94	708.516
1959.96	708.864
1961.99	709.212
1964.01	709.560
1966.04	709.908
1968.06	710.256
1970.09	710.605
1972.12	710.953
1974.15	711.302
1976.19	711.651
1978.22	712.000
1980.25	712.349
1982.29	712.699
1984.33	713.048
1986.37	713.398
1988.41	713.748
1990.45	714.097
1992.49	714.448
1994.53	714.798
1996.58	715.148
1998.62	715.499
2000.67	715.850
2002.72	716.200
2004.77	716.551
2006.82	716.903
2008.87	717.254
2010.93	717.605
2012.98	717.957
2015.04	718.309
2017.10	718.661
2019.16	719.013
2021.22	719.365
2023.28	719.717
2025.34	720.070
2027.40	720.423
2029.47	720.776
2031.54	721.129
2033.60	721.482
2035.67	721.835
2037.74	722.189
2039.82	722.542
2041.89	722.896
2043.96	723.250
2046.04	723.604
2048.11	723.959
2050.19	724.313
2052.27	724.668
2054.35	725.022
2056.44	725.377
2058.52	725.733
2060.60	726.088
2062.69	726.443
2064.78	726.799
2066.86	727.155
2068.95	727.510
2071.05	727.867
2073.14	728.223
2075.23	728.579
2077.33	728.936
2079.42	729.292
2081.52	729.649
2083.62	730.006
2085.72	730.364
2087.82	730.721
2089.92	731.079
2092.03	731.436
2094.13	731.794
2096.24	732.152
2098.35	732.510
2100.46	732.869
2102.57	733.227
2104.68	733.586
2106.79	733.945
2108.91	734.304
2111.02	734.663
2113.14	735.023
2115.26	735.382
2117.38	735.742
2119.50	736.102
2121.62	736.462
2123.74	736.822
2125.87	737.182
2127.99	737.543
2130.12	737.904
2132.25	738.265
2134.38	738.626
2136.51	738.987
2138.65	739.349
2140.78	739.710
2142.91	740.072
2145.05	740.434
2147.19	740.796
2149.33	741.158
2151.47	741.521
2153.61	741.883
2155.75	742.246
2157.90	742.609
2160.05	742.972
2162.19	743.336
2164.34	743.699
2166.49	744.063
2168.64	744.427
2170.79	744.791
2172.95	745.155
2175.10	745.520
2177.26	745.884
2179.42	746.249
2181.58	746.614
2183.74	746.979
2185.90	747.344
2188.06	747.710
2190.23	748.075
2192.39	748.441
2194.56	748.807
2196.73	749.173
2198.90	749.540
2201.07	749.906
2203.24	750.273
2205.42	750.640
2207.59	751.007
2209.77	751.374
2211.94	751.742
2214.12	752.110
2216.30	752.477
2218.49	752.845
2220.67	753.214
2222.85	753.582
2225.04	753.951
2227.23	754.319
2229.42	754.688
2231.61	755.057
2233.80	755.427
2235.99	755.796
2238.18	756.166
2240.38	756.536
2242.57	756.906
2244.77	757.276
2246.97	757.646
2249.17	758.017
2251.37	758.388
2253.58	758.759
2255.78	759.130
2257.99	759.501
2260.20	759.873
2262.40	760.245
2264.61	760.617
2266.83	760.989
2269.04	761.361
2271.25	761.734
2273.47	762.106
2275.68	762.479
2277.90	762.852
2280.12	763.226
2282.34	763.599
2284.57	763.973
2286.79	764.347
2289.01	764.721
2291.24	765.095
2293.47	765.469
2295.70	765.844
2297.93	766.219
2300.16	766.594
2302.39	766.969
2304.63	767.345
2306.86	767.720
2309.10	768.096
2311.34	768.472
2313.58	768.848
2315.82	769.225
2318.06	769.601
2320.31	769.978
2322.55	770.355
2324.80	770.732
2327.05	771.110
2329.30	771.487
2331.55	771.865
2333.80	772.243
2336.05	772.621
2338.31	773.000
2340.57	773.378
2342.82	773.757
2345.08	774.136
2347.34	774.515
2349.61	774.895
2351.87	775.274
2354.13	775.654
2356.40	776.034
2358.67	776.414
2360.94	776.795
2363.21	777.175
2365.48	777.556
2367.75	777.937
2370.03	778.318
2372.30	778.700
2374.58	779.082
2376.86	779.463
2379.14	779.845
2381.42	780.228
2383.70	780.610
2385.99	780.993
2388.27	781.376
2390.56	781.759
2392.85	782.142
2395.14	782.526
2397.43	782.909
2399.72	783.293
2402.01	783.678
2404.31	784.062
2406.61	784.447
2408.90	784.831
2411.20	785.216
2413.51	785.601
2415.81	785.987
2418.11	786.373
2420.42	786.758
2422.72	787.144
2425.03	787.531
2427.34	787.917
2429.65	788.304
2431.96	788.691
2434.28	789.078
2436.59	789.465
2438.91	789.852
2441.23	790.240
2443.55	790.628
2445.87	791.015
2448.19	791.403
2450.51	791.791
2452.84	792.180
2455.16	792.568
2457.49	792.957
2459.82	793.345
2462.15	793.734
2464.48	794.123
2466.82	794.512
2469.15	794.902
2471.49	795.291
2473.82	795.681
2476.16	796.070
2478.50	796.460
2480.85	796.850
2483.19	797.241
2485.53	797.631
2487.88	798.021
2490.23	798.412
2492.58	798.803
2494.93	799.194
2497.28	799.585
2499.63	799.976
2501.99	800.368
2504.34	800.759
2506.70	801.151
2509.06	801.543
2511.42	801.935
2513.78	802.327
2516.15	802.720
2518.51	803.112
2520.88	803.505
2523.24	803.898
2525.61	804.291
2527.98	804.684
2530.36	805.077
2532.73	805.471
2535.10	805.864
2537.48	806.258
2539.86	806.652
2542.24	807.046
2544.62	807.440
2547.00	807.835
2549.38	808.229
2551.77	808.624
2554.15	809.019
2556.54	809.414
2558.93	809.809
2561.32	810.205
2563.71	810.600
2566.11	810.996
2568.50	811.392
2570.90	811.788
2573.30	812.184
2575.70	812.581
2578.10	812.977
2580.50	813.374
2582.90	813.771
2585.31	814.168
2587.71	814.565
2590.12	814.963
2592.53	815.360
2594.94	815.758
2597.35	816.156
2599.77	816.554
2602.18	816.952
2604.60	817.350
2607.02	817.749
2609.44	818.147
2611.86	818.546
2614.28	818.945
2616.71	819.345
2619.13	819.744
2621.56	820.144
2623.99	820.543
2626.42	820.943
2628.85	821.343
2631.28	821.743
2633.71	822.144
2636.15	822.544
2638.59	822.945
2641.03	823.346
2643.47	823.747
2645.91	824.148
2648.35	824.550
2650.79	824.951
2653.24	825.353
2655.69	825.755
2658.14	826.157
2660.59	826.560
2663.04	826.962
2665.49	827.365
2667.95	827.767
2670.40	828.170
2672.86	828.574
2675.32	828.977
2677.78	829.380
2680.24	829.784
2682.71	830.188
2685.17	830.592
2687.64	830.996
2690.11	831.401
2692.58	831.805
2695.05	832.210
2697.52	832.615
2699.99	833.020
2702.47	833.425
2704.94	833.831
2707.42	834.237
2709.90	834.642
2712.38	835.048
2714.87	835.455
2717.35	835.861
2719.84	836.267
2722.32	836.674
2724.81	837.081
2727.30	837.488
2729.80	837.896
2732.29	838.303
2734.78	838.711
2737.28	839.118
2739.78	839.526
2742.28	839.935
2744.78	840.343
2747.28	840.752
2749.78	841.160
2752.29	841.569
2754.79	841.978
2757.30	842.388
2759.81	842.797
2762.32	843.207
2764.84	843.617
2767.35	844.027
2769.87	844.437
2772.38	844.847
2774.90	845.258
2777.42	845.669
2779.94	846.080
2782.47	846.491
2784.99	846.902
2787.52	847.314
2790.05	847.726
2792.57	848.137
2795.11	848.550
2797.64	848.962
2800.17	849.374
2802.71	849.787
2805.24	850.200
2807.78	850.613
2810.32	851.026
2812.86	851.440
2815.41	851.853
2817.95	852.267
2820.50	852.681
2823.04	853.095
2825.59	853.510
2828.14	853.924
2830.69	854.339
2833.25	854.754
2835.80	855.169
2838.36	855.585
2840.92	856.000
2843.48	856.416
2846.04	856.832
2848.60	857.248
2851.16	857.665
2853.73	858.081
2856.30	858.498
2858.87	858.915
2861.44	859.332
2864.01	859.750
2866.58	860.167
2869.16	860.585
2871.73	861.003
2874.31	861.421
2876.89	861.839
2879.47	862.258
2882.05	862.677
2884.64	863.095
2887.22	863.515
2889.81	863.934
2892.40	864.354
2894.99	864.773
2897.58	865.193
2900.17	865.613
2902.77	866.034
2905.36	866.454
2907.96	866.875
2910.56	867.296
2913.16	867.717
2915.76	868.139
2918.37	868.560
2920.97	868.982
2923.58	869.404
2926.19	869.826
2928.80	870.249
2931.41	870.671
2934.02	871.094
2936.64	871.517
2939.25	871.940
2941.87	872.364
2944.49	872.787
2947.11	873.211
2949.73	873.635
2952.36	874.059
2954.98	874.484
2957.61	874.909
2960.24	875.334
2962.87	875.759
2965.50	876.184
2968.14	876.609
2970.77	877.035
2973.41	877.461
2976.05	877.887
2978.69	878.314
2981.33	878.740
2983.97	879.167
2986.61	879.594
2989.26	880.021
2991.91	880.449
2994.56	880.876
2997.21	881.304
2999.86	881.732
3002.51	882.161
3005.17	882.589
3007.82	883.018
3010.48	883.447
3013.14	883.877
3015.80	884.307
3018.47	884.738
3021.13	885.168
3023.80	885.599
3026.47	886.030
3029.14	886.462
3031.81	886.893
3034.48	887.325
3037.15	887.758
3039.83	888.190
3042.51	888.623
3045.19	889.056
3047.87	889.489
3050.55	889.923
3053.23	890.356
3055.92	890.790
3058.61	891.225
3061.29	891.659
3063.98	892.094
3066.68	892.529
3069.37	892.965
3072.06	893.401
3074.76	893.836
3077.46	894.273
3080.16	894.709
3082.86	895.146
3085.56	895.583
3088.27	896.020
3090.97	896.458
3093.68	896.896
3096.39	897.334
3099.10	897.772
3101.81	898.211
3104.53	898.650
3107.24	899.089
3109.96	899.528
3112.68	899.968
3115.40	900.408
3118.12	900.848
3120.85	901.289
3123.57	901.730
3126.30	902.171
3129.03	902.612
3131.76	903.054
3134.49	903.496
3137.22	903.938
3139.96	904.380
3142.69	904.823
3145.43	905.266
3148.17	905.710
3150.91	906.153
3153.66	906.597
3156.40	907.041
3159.15	907.485
3161.90	907.930
3164.65	908.375
3167.40	908.820
3170.15	909.266
3172.91	909.712
3175.66	910.158
3178.42	910.604
3181.18	911.051
3183.94	911.497
3186.70	911.945
3189.47	912.392
3192.23	912.840
3195.00	913.288
3197.77	913.736
3200.54	914.185
3203.31	914.633
3206.09	915.083
3208.87	915.532
3211.64	915.982
3214.42	916.432
3217.20	916.882
3219.99	917.332
3222.77	917.783
3225.56	918.234
3228.34	918.686
3231.13	919.137
3233.92	919.589
3236.72	920.041
3239.51	920.494
3242.30	920.947
3245.10	921.400
3247.90	921.853
3250.70	922.307
3253.50	922.761
3256.31	923.215
3259.11	923.669
3261.92	924.124
3264.73	924.579
3267.54	925.034
3270.35	925.490
3273.17	925.946
3275.98	926.402
3278.80	926.859
3281.62	927.315
3284.44	927.772
3287.26	928.230
3290.09	928.687
3292.91	929.145
3295.74	929.603
3298.57	930.062
3301.40	930.521
3304.23	930.980
3307.07	931.439
3309.90	931.899
3312.74	932.359
3315.58	932.819
3318.42	933.279
3321.26	933.740
3324.11	934.201
3326.95	934.663
3329.80	935.124
3332.65	935.586
3335.50	936.048
3338.35	936.511
3341.21	936.974
3344.06	937.437
3346.92	937.900
3349.78	938.364
3352.64	938.828
3355.50	939.292
3358.37	939.757
3361.24	940.222
3364.10	940.687
3366.97	941.152
3369.84	941.618
3372.72	942.084
3375.59	942.550
3378.47	943.017
3381.35	943.484
3384.23	943.951
3387.11	944.419
3389.99	944.886
3392.88	945.355
3395.76	945.823
3398.65	946.292
3401.54	946.761
3404.43	947.230
3407.33	947.699
3410.22	948.169
3413.12	948.639
3416.02	949.110
3418.92	949.581
3421.82	950.052
3424.73	950.523
3427.63	950.995
3430.54	951.467
3433.45	951.939
3436.36	952.412
3439.27	952.884
3442.19	953.358
3445.10	953.831
3448.02	954.305
3450.94	954.779
3453.86	955.253
3456.78	955.728
3459.71	956.203
3462.63	956.678
3465.56	957.154
3468.49	957.629
3471.42	958.106
3474.36	958.582
3477.29	959.059
3480.23	959.536
3483.17	960.013
3486.11	960.491
3489.05	960.969
3492.00	961.447
3494.94	961.926
3497.89	962.405
3500.84	962.884
3503.79	963.363
3506.74	963.843
3509.70	964.323
3512.65	964.804
3515.61	965.284
3518.57	965.765
3521.53	966.247
3524.49	966.728
3527.46	967.210
3530.43	967.692
3533.39	968.175
3536.36	968.658
3539.34	969.141
3542.31	969.625
3545.29	970.108
3548.26	970.592
3551.24	971.077
3554.22	971.561
3557.21	972.046
3560.19	972.532
3563.18	973.017
3566.16	973.503
3569.15	973.990
3572.15	974.476
3575.14	974.963
3578.13	975.450
3581.13	975.938
3584.13	976.425
3587.13	976.914
3590.13	977.402
3593.14	977.891
3596.14	978.380
3599.15	978.869
3602.16	979.359
3605.17	979.849
3608.18	980.339
3611.20	980.830
3614.21	981.321
3617.23	981.812
3620.25	982.303
3623.28	982.795
3626.30	983.287
3629.32	983.780
3632.35	984.273
3635.38	984.766
3638.41	985.259
3641.45	985.753
3644.48	986.247
3647.52	986.741
3650.55	987.236
3653.59	987.731
3656.64	988.227
3659.68	988.722
3662.73	989.218
3665.77	989.714
3668.82	990.211
3671.87	990.708
3674.93	991.205
3677.98	991.703
3681.04	992.201
3684.09	992.699
3687.15	993.197
3690.22	993.696
3693.28	994.195
3696.34	994.695
3699.41	995.195
3702.48	995.695
3705.55	996.195
3708.63	996.696
3711.70	997.197
3714.78	997.698
3717.85	998.200
3720.93	998.702
3724.02	999.204
3727.10	999.707
3730.19	1000.210
3733.27	1000.713
3736.36	1001.217
3739.45	1001.721
3742.55	1002.225
3745.64	1002.730
3748.74	1003.235
3751.84	1003.740
3754.94	1004.246
3758.04	1004.752
3761.14	1005.258
3764.25	1005.764
3767.36	1006.271
3770.47	1006.778
3773.58	1007.285
3776.69	1007.793
3779.81	1008.301
3782.92	1008.809
3786.04	1009.318
3789.16	1009.826
3792.29	1010.335
3795.41	1010.845
3798.54	1011.355
3801.66	1011.865
3804.79	1012.375
3807.93	1012.885
3811.06	1013.396
3814.20	1013.907
3817.33	1014.419
3820.47	1014.931
3823.61	1015.443
3826.76	1015.955
3829.90	1016.468
3833.05	1016.981
3836.20	1017.494
3839.35	1018.008
3842.50	1018.521
3845.66	1019.036
3848.81	1019.550
3851.97	1020.065
3855.13	1020.580
3858.29	1021.095
3861.46	1021.611
3864.62	1022.127
3867.79	1022.643
3870.96	1023.160
3874.13	1023.677
3877.30	1024.194
3880.48	1024.711
3883.66	1025.229
3886.83	1025.747
3890.02	1026.266
3893.20	1026.784
3896.38	1027.303
3899.57	1027.823
3902.76	1028.342
3905.95	1028.862
3909.14	1029.382
3912.33	1029.903
3915.53	1030.424
3918.73	1030.945
3921.93	1031.466
3925.13	1031.988
3928.33	1032.510
3931.54	1033.033
3934.75	1033.555
3937.96	1034.078
3941.17	1034.602
3944.38	1035.125
3947.60	1035.649
3950.81	1036.173
3954.03	1036.698
3957.25	1037.223
3960.48	1037.748
3963.70	1038.273
3966.93	1038.799
3970.16	1039.325
3973.39	1039.852
3976.62	1040.378
3979.85	1040.905
3983.09	1041.433
3986.33	1041.960
3989.57	1042.488
3992.81	1043.017
3996.05	1043.545
3999.30	1044.074
4002.55	1044.603
4005.80	1045.133
4009.05	1045.662
4012.30	1046.193
4015.56	1046.723
4018.82	1047.254
4022.07	1047.785
4025.34	1048.316
4028.60	1048.848
4031.86	1049.380
4035.13	1049.912
4038.40	1050.445
4041.67	1050.978
4044.95	1051.511
4048.22	1052.045
4051.50	1052.579
4054.78	1053.113
4058.06	1053.648
4061.34	1054.183
4064.62	1054.718
4067.91	1055.253
4071.20	1055.789
4074.49	1056.325
4077.78	1056.862
4081.08	1057.398
4084.37	1057.936
4087.67	1058.473
4090.97	1059.011
4094.28	1059.549
4097.58	1060.087
4100.89	1060.626
4104.20	1061.165
4107.51	1061.704
4110.82	1062.244
4114.13	1062.784
4117.45	1063.324
4120.77	1063.865
4124.09	1064.406
4127.41	1064.947
4130.73	1065.489
4134.06	1066.031
4137.39	1066.573
4140.72	1067.115
4144.05	1067.658
4147.38	1068.202
4150.72	1068.745
4154.06	1069.289
4157.40	1069.833
4160.74	1070.378
4164.08	1070.923
4167.43	1071.468
4170.78	1072.013
4174.13	1072.559
4177.48	1073.105
4180.83	1073.652
4184.19	1074.199
4187.55	1074.746
4190.91	1075.293
4194.27	1075.841
4197.63	1076.389
4201.00	1076.937
4204.37	1077.486
4207.74	1078.035
4211.11	1078.585
4214.48	1079.135
4217.86	1079.685
4221.24	1080.235
4224.62	1080.786
4228.00	1081.337
4231.38	1081.888
4234.77	1082.440
4238.16	1082.992
4241.55	1083.545
4244.94	1084.097
4248.34	1084.650
4251.73	1085.204
4255.13	1085.758
4258.53	1086.312
4261.93	1086.866
4265.34	1087.421
4268.74	1087.976
4272.15	1088.531
4275.56	1089.087
4278.97	1089.643
4282.39	1090.199
4285.80	1090.756
4289.22	1091.313
4292.64	1091.871
4296.07	1092.428
4299.49	1092.987
4302.92	1093.545
4306.35	1094.104
4309.78	1094.663
4313.21	1095.222
4316.64	1095.782
4320.08	1096.342
4323.52	1096.903
4326.96	1097.463
4330.40	1098.025
