t(c)	y(m)
0.000	0.00
0.010	0.10
0.020	0.20
0.030	0.31
0.040	0.42
0.050	0.53
0.060	0.65
0.070	0.77
0.080	0.89
0.090	1.02
0.100	1.15
0.110	1.29
0.120	1.42
0.130	1.57
0.140	1.71
0.150	1.86
0.160	2.01
0.170	2.16
0.180	2.32
0.190	2.49
0.200	2.65
0.210	2.82
0.220	2.99
0.230	3.17
0.240	3.35
0.250	3.53
0.260	3.72
0.270	3.91
0.280	4.10
0.290	4.30
0.300	4.50
0.310	4.70
0.320	4.91
0.330	5.12
0.340	5.33
0.350	5.55
0.360	5.77
0.370	6.00
0.380	6.22
0.390	6.46
0.400	6.69
0.410	6.93
0.420	7.17
0.430	7.42
0.440	7.67
0.450	7.92
0.460	8.17
0.470	8.43
0.480	8.70
0.490	8.96
0.500	9.23
0.510	9.51
0.520	9.78
0.530	10.06
0.540	10.35
0.550	10.63
0.560	10.92
0.570	11.22
0.580	11.52
0.590	11.82
0.600	12.12
0.610	12.43
0.620	12.74
0.630	13.06
0.640	13.38
0.650	13.70
0.660	14.02
0.670	14.35
0.680	14.68
0.690	15.02
0.700	15.36
0.710	15.70
0.720	16.05
0.730	16.40
0.740	16.75
0.750	17.11
0.760	17.47
0.770	17.84
0.780	18.20
0.790	18.57
0.800	18.95
0.810	19.33
0.820	19.71
0.830	20.09
0.840	20.48
0.850	20.87
0.860	21.27
0.870	21.67
0.880	22.07
0.890	22.48
0.900	22.89
0.910	23.30
0.920	23.72
0.930	24.14
0.940	24.56
0.950	24.99
0.960	25.42
0.970	25.85
0.980	26.29
0.990	26.73
1.000	27.17
1.010	27.62
1.020	28.07
1.030	28.53
1.040	28.99
1.050	29.45
1.060	29.91
1.070	30.38
1.080	30.86
1.090	31.33
1.100	31.81
1.110	32.30
1.120	32.78
1.130	33.27
1.140	33.77
1.150	34.26
1.160	34.76
1.170	35.27
1.180	35.78
1.190	36.29
1.200	36.80
1.210	37.32
1.220	37.84
1.230	38.37
1.240	38.90
1.250	39.43
1.260	39.96
1.270	40.50
1.280	41.05
1.290	41.59
1.300	42.14
1.310	42.70
1.320	43.25
1.330	43.81
1.340	44.38
1.350	44.94
1.360	45.52
1.370	46.09
1.380	46.67
1.390	47.25
1.400	47.84
1.410	48.42
1.420	49.02
1.430	49.61
1.440	50.21
1.450	50.81
1.460	51.42
1.470	52.03
1.480	52.64
1.490	53.26
1.500	53.88
1.510	54.50
1.520	55.13
1.530	55.76
1.540	56.40
1.550	57.04
1.560	57.68
1.570	58.32
1.580	58.97
1.590	59.62
1.600	60.28
1.610	60.94
1.620	61.60
1.630	62.27
1.640	62.94
1.650	63.61
1.660	64.29
1.670	64.97
1.680	65.65
1.690	66.34
1.700	67.03
1.710	67.72
1.720	68.42
1.730	69.12
1.740	69.83
1.750	70.54
1.760	71.25
1.770	71.97
1.780	72.69
1.790	73.41
1.800	74.13
1.810	74.86
1.820	75.60
1.830	76.34
1.840	77.08
1.850	77.82
1.860	78.57
1.870	79.32
1.880	80.07
1.890	80.83
1.900	81.59
1.910	82.36
1.920	83.13
1.930	83.90
1.940	84.68
1.950	85.46
1.960	86.24
1.970	87.03
1.980	87.82
1.990	88.61
2.000	89.41
2.010	90.21
2.020	91.01
2.030	91.82
2.040	92.63
2.050	93.45
2.060	94.27
2.070	95.09
2.080	95.91
2.090	96.74
2.100	97.58
2.110	98.41
2.120	99.25
2.130	100.10
2.140	100.94
2.150	101.79
2.160	102.65
2.170	103.50
2.180	104.37
2.190	105.23
2.200	106.10
2.210	106.97
2.220	107.85
2.230	108.73
2.240	109.61
2.250	110.49
2.260	111.38
2.270	112.28
2.280	113.17
2.290	114.07
2.300	114.98
2.310	115.89
2.320	116.80
2.330	117.71
2.340	118.63
2.350	119.55
2.360	120.48
2.370	121.41
2.380	122.34
2.390	123.27
2.400	124.21
2.410	125.16
2.420	126.10
2.430	127.05
2.440	128.01
2.450	128.97
2.460	129.93
2.470	130.89
2.480	131.86
2.490	132.83
2.500	133.81
2.510	134.79
2.520	135.77
2.530	136.75
2.540	137.74
2.550	138.74
2.560	139.73
2.570	140.73
2.580	141.74
2.590	142.74
2.600	143.76
2.610	144.77
2.620	145.79
2.630	146.81
2.640	147.84
2.650	148.86
2.660	149.90
2.670	150.93
2.680	151.97
2.690	153.02
2.700	154.06
2.710	155.11
2.720	156.17
2.730	157.22
2.740	158.28
2.750	159.35
2.760	160.42
2.770	161.49
2.780	162.56
2.790	163.64
2.800	164.73
2.810	165.81
2.820	166.90
2.830	168.00
2.840	169.09
2.850	170.19
2.860	171.30
2.870	172.40
2.880	173.52
2.890	174.63
2.900	175.75
2.910	176.87
2.920	178.00
2.930	179.12
2.940	180.26
2.950	181.39
2.960	182.53
2.970	183.68
2.980	184.82
2.990	185.97
3.000	187.13
3.010	188.29
3.020	189.45
3.030	190.61
3.040	191.78
3.050	192.95
3.060	194.13
3.070	195.31
3.080	196.49
3.090	197.68
3.100	198.87
3.110	200.06
3.120	201.26
3.130	202.46
3.140	203.66
3.150	204.87
3.160	206.08
3.170	207.30
3.180	208.52
3.190	209.74
3.200	210.97
3.210	212.20
3.220	213.43
3.230	214.67
3.240	215.91
3.250	217.15
3.260	218.40
3.270	219.65
3.280	220.90
3.290	222.16
3.300	223.42
3.310	224.69
3.320	225.96
3.330	227.23
3.340	228.51
3.350	229.79
3.360	231.07
3.370	232.36
3.380	233.65
3.390	234.94
3.400	236.24
3.410	237.54
3.420	238.85
3.430	240.16
3.440	241.47
3.450	242.79
3.460	244.11
3.470	245.43
3.480	246.76
3.490	248.09
3.500	249.42
3.510	250.76
3.520	252.10
3.530	253.44
3.540	254.79
3.550	256.15
3.560	257.50
3.570	258.86
3.580	260.22
3.590	261.59
3.600	262.96
3.610	264.33
3.620	265.71
3.630	267.09
3.640	268.48
3.650	269.86
3.660	271.26
3.670	272.65
3.680	274.05
3.690	275.45
3.700	276.86
3.710	278.27
3.720	279.68
3.730	281.10
3.740	282.52
3.750	283.94
3.760	285.37
3.770	286.80
3.780	288.24
3.790	289.68
3.800	291.12
3.810	292.57
3.820	294.02
3.830	295.47
3.840	296.93
3.850	298.39
3.860	299.85
3.870	301.32
3.880	302.79
3.890	304.26
3.900	305.74
3.910	307.22
3.920	308.71
3.930	310.20
3.940	311.69
3.950	313.19
3.960	314.69
3.970	316.19
3.980	317.70
3.990	319.21
4.000	320.73
4.010	322.24
4.020	323.77
4.030	325.29
4.040	326.82
4.050	328.35
4.060	329.89
4.070	331.43
4.080	332.97
4.090	334.52
4.100	336.07
4.110	337.63
4.120	339.18
4.130	340.75
4.140	342.31
4.150	343.88
4.160	345.45
4.170	347.03
4.180	348.61
4.190	350.19
4.200	351.78
4.210	353.37
4.220	354.97
4.230	356.56
4.240	358.16
4.250	359.77
4.260	361.38
4.270	362.99
4.280	364.61
4.290	366.23
4.300	367.85
4.310	369.48
4.320	371.11
4.330	372.74
4.340	374.38
4.350	376.02
4.360	377.67
4.370	379.32
4.380	380.97
4.390	382.63
4.400	384.29
4.410	385.95
4.420	387.62
4.430	389.29
4.440	390.96
4.450	392.64
4.460	394.32
4.470	396.01
4.480	397.69
4.490	399.39
4.500	401.08
4.510	402.78
4.520	404.49
4.530	406.19
4.540	407.90
4.550	409.62
4.560	411.34
4.570	413.06
4.580	414.78
4.590	416.51
4.600	418.24
4.610	419.98
4.620	421.72
4.630	423.46
4.640	425.21
4.650	426.96
4.660	428.71
4.670	430.47
4.680	432.23
4.690	434.00
4.700	435.77
4.710	437.54
4.720	439.32
4.730	441.10
4.740	442.88
4.750	444.67
4.760	446.46
4.770	448.25
4.780	450.05
4.790	451.85
4.800	453.66
4.810	455.47
4.820	457.28
4.830	459.09
4.840	460.91
4.850	462.74
4.860	464.56
4.870	466.40
4.880	468.23
4.890	470.07
4.900	471.91
4.910	473.75
4.920	475.60
4.930	477.46
4.940	479.31
4.950	481.17
4.960	483.04
4.970	484.90
4.980	486.77
4.990	488.65
5.000	490.53
5.010	492.41
5.020	494.29
5.030	496.18
5.040	498.08
5.050	499.97
5.060	501.87
5.070	503.78
5.080	505.68
5.090	507.59
5.100	509.51
5.110	511.43
5.120	513.35
5.130	515.27
5.140	517.20
5.150	519.14
5.160	521.07
5.170	523.01
5.180	524.96
5.190	526.90
5.200	528.85
5.210	530.81
5.220	532.77
5.230	534.73
5.240	536.69
5.250	538.66
5.260	540.64
5.270	542.61
5.280	544.59
5.290	546.57
5.300	548.56
5.310	550.55
5.320	552.55
5.330	554.55
5.340	556.55
5.350	558.55
5.360	560.56
5.370	562.57
5.380	564.59
5.390	566.61
5.400	568.63
5.410	570.66
5.420	572.69
5.430	574.73
5.440	576.76
5.450	578.81
5.460	580.85
5.470	582.90
5.480	584.95
5.490	587.01
5.500	589.07
5.510	591.13
5.520	593.20
5.530	595.27
5.540	597.34
5.550	599.42
5.560	601.50
5.570	603.59
5.580	605.68
5.590	607.77
5.600	609.87
5.610	611.97
5.620	614.07
5.630	616.18
5.640	618.29
5.650	620.40
5.660	622.52
5.670	624.64
5.680	626.76
5.690	628.89
5.700	631.02
5.710	633.16
5.720	635.30
5.730	637.44
5.740	639.59
5.750	641.74
5.760	643.89
5.770	646.05
5.780	648.21
5.790	650.38
5.800	652.54
5.810	654.72
5.820	656.89
5.830	659.07
5.840	661.25
5.850	663.44
5.860	665.63
5.870	667.82
5.880	670.02
5.890	672.22
5.900	674.42
5.910	676.63
5.920	678.84
5.930	681.06
5.940	683.28
5.950	685.50
5.960	687.73
5.970	689.96
5.980	692.19
5.990	694.43
6.000	696.67
6.010	698.91
6.020	701.16
6.030	703.41
6.040	705.66
6.050	707.92
6.060	710.18
6.070	712.45
6.080	714.72
6.090	716.99
6.100	719.27
6.110	721.55
6.120	723.83
6.130	726.12
6.140	728.41
6.150	730.70
6.160	733.00
6.170	735.30
6.180	737.60
6.190	739.91
6.200	742.22
6.210	744.54
6.220	746.86
6.230	749.18
6.240	751.51
6.250	753.84
6.260	756.17
6.270	758.51
6.280	760.85
6.290	763.19
6.300	765.54
6.310	767.89
6.320	770.25
6.330	772.60
6.340	774.97
6.350	777.33
6.360	779.70
6.370	782.07
6.380	784.45
6.390	786.83
6.400	789.21
6.410	791.60
6.420	793.99
6.430	796.38
6.440	798.78
6.450	801.18
6.460	803.59
6.470	806.00
6.480	808.41
6.490	810.82
6.500	813.24
6.510	815.66
6.520	818.09
6.530	820.52
6.540	822.95
6.550	825.39
6.560	827.83
6.570	830.27
6.580	832.72
6.590	835.17
6.600	837.63
6.610	840.08
6.620	842.55
6.630	845.01
6.640	847.48
6.650	849.95
6.660	852.43
6.670	854.91
6.680	857.39
6.690	859.87
6.700	862.36
6.710	864.86
6.720	867.35
6.730	869.86
6.740	872.36
6.750	874.87
6.760	877.38
6.770	879.89
6.780	882.41
6.790	884.93
6.800	887.46
6.810	889.98
6.820	892.52
6.830	895.05
6.840	897.59
6.850	900.13
6.860	902.68
6.870	905.23
6.880	907.78
6.890	910.34
6.900	912.90
6.910	915.46
6.920	918.03
6.930	920.60
6.940	923.18
6.950	925.75
6.960	928.33
6.970	930.92
6.980	933.51
6.990	936.10
7.000	938.69
7.010	941.29
7.020	943.89
7.030	946.50
7.040	949.11
7.050	951.72
7.060	954.34
7.070	956.96
7.080	959.58
7.090	962.21
7.100	964.84
7.110	967.47
7.120	970.11
7.130	972.75
7.140	975.39
7.150	978.04
7.160	980.69
7.170	983.35
7.180	986.00
7.190	988.66
7.200	991.33
7.210	994.00
7.220	996.67
7.230	999.34
7.240	1002.02
7.250	1004.71
7.260	1007.39
7.270	1010.08
7.280	1012.77
7.290	1015.47
7.300	1018.17
7.310	1020.87
7.320	1023.58
7.330	1026.29
7.340	1029.00
7.350	1031.72
7.360	1034.44
7.370	1037.16
7.380	1039.89
7.390	1042.62
7.400	1045.35
7.410	1048.09
7.420	1050.83
7.430	1053.57
7.440	1056.32
7.450	1059.07
7.460	1061.83
7.470	1064.58
7.480	1067.35
7.490	1070.11
7.500	1072.88
7.510	1075.65
7.520	1078.42
7.530	1081.20
7.540	1083.98
7.550	1086.77
7.560	1089.56
7.570	1092.35
7.580	1095.15
7.590	1097.94
7.600	1100.75
7.610	1103.55
7.620	1106.36
7.630	1109.17
7.640	1111.99
7.650	1114.81
7.660	1117.63
7.670	1120.46
7.680	1123.28
7.690	1126.12
7.700	1128.95
7.710	1131.79
7.720	1134.63
7.730	1137.48
7.740	1140.33
7.750	1143.18
7.760	1146.04
7.770	1148.90
7.780	1151.76
7.790	1154.63
7.800	1157.50
7.810	1160.37
7.820	1163.24
7.830	1166.12
7.840	1169.01
7.850	1171.89
7.860	1174.78
7.870	1177.68
7.880	1180.57
7.890	1183.47
7.900	1186.37
7.910	1189.28
7.920	1192.19
7.930	1195.10
7.940	1198.02
7.950	1200.94
7.960	1203.86
7.970	1206.79
7.980	1209.72
7.990	1212.65
8.000	1215.58
8.010	1218.52
8.020	1221.47
8.030	1224.41
8.040	1227.36
8.050	1230.31
8.060	1233.27
8.070	1236.23
8.080	1239.19
8.090	1242.16
8.100	1245.13
8.110	1248.10
8.120	1251.07
8.130	1254.05
8.140	1257.03
8.150	1260.02
8.160	1263.01
8.170	1266.00
8.180	1269.00
8.190	1271.99
8.200	1275.00
8.210	1278.00
8.220	1281.01
8.230	1284.02
8.240	1287.03
8.250	1290.05
8.260	1293.07
8.270	1296.10
8.280	1299.13
8.290	1302.16
8.300	1305.19
8.310	1308.23
8.320	1311.27
8.330	1314.31
8.340	1317.36
8.350	1320.41
8.360	1323.46
8.370	1326.52
8.380	1329.58
8.390	1332.64
8.400	1335.71
8.410	1338.78
8.420	1341.85
8.430	1344.93
8.440	1348.01
8.450	1351.09
8.460	1354.17
8.470	1357.26
8.480	1360.35
8.490	1363.45
8.500	1366.55
8.510	1369.65
8.520	1372.75
8.530	1375.86
8.540	1378.97
8.550	1382.09
8.560	1385.20
8.570	1388.33
8.580	1391.45
8.590	1394.58
8.600	1397.71
8.610	1400.84
8.620	1403.98
8.630	1407.11
8.640	1410.26
8.650	1413.40
8.660	1416.55
8.670	1419.70
8.680	1422.86
8.690	1426.02
8.700	1429.18
8.710	1432.34
8.720	1435.51
8.730	1438.68
8.740	1441.86
8.750	1445.03
8.760	1448.22
8.770	1451.40
8.780	1454.59
8.790	1457.78
8.800	1460.97
8.810	1464.16
8.820	1467.36
8.830	1470.56
8.840	1473.77
8.850	1476.98
8.860	1480.19
8.870	1483.40
8.880	1486.62
8.890	1489.84
8.900	1493.07
8.910	1496.29
8.920	1499.52
8.930	1502.76
8.940	1505.99
8.950	1509.23
8.960	1512.47
8.970	1515.72
8.980	1518.97
8.990	1522.22
9.000	1525.47
9.010	1528.73
9.020	1531.99
9.030	1535.26
9.040	1538.52
9.050	1541.79
9.060	1545.07
9.070	1548.34
9.080	1551.62
9.090	1554.90
9.100	1558.19
9.110	1561.48
9.120	1564.77
9.130	1568.06
9.140	1571.36
9.150	1574.66
9.160	1577.96
9.170	1581.27
9.180	1584.58
9.190	1587.89
9.200	1591.21
9.210	1594.52
9.220	1597.85
9.230	1601.17
9.240	1604.50
9.250	1607.83
9.260	1611.16
9.270	1614.50
9.280	1617.84
9.290	1621.18
9.300	1624.53
9.310	1627.88
9.320	1631.23
9.330	1634.58
9.340	1637.94
9.350	1641.30
9.360	1644.66
9.370	1648.03
9.380	1651.40
9.390	1654.77
9.400	1658.15
9.410	1661.53
9.420	1664.91
9.430	1668.29
9.440	1671.68
9.450	1675.07
9.460	1678.47
9.470	1681.86
9.480	1685.26
9.490	1688.67
9.500	1692.07
9.510	1695.48
9.520	1698.89
9.530	1702.31
9.540	1705.72
9.550	1709.14
9.560	1712.57
9.570	1716.00
9.580	1719.42
9.590	1722.86
9.600	1726.29
9.610	1729.73
9.620	1733.17
9.630	1736.62
9.640	1740.06
9.650	1743.52
9.660	1746.97
9.670	1750.42
9.680	1753.88
9.690	1757.35
9.700	1760.81
9.710	1764.28
9.720	1767.75
9.730	1771.23
9.740	1774.70
9.750	1778.18
9.760	1781.67
9.770	1785.15
9.780	1788.64
9.790	1792.13
9.800	1795.63
9.810	1799.12
9.820	1802.62
9.830	1806.13
9.840	1809.64
9.850	1813.14
9.860	1816.66
9.870	1820.17
9.880	1823.69
9.890	1827.21
9.900	1830.74
9.910	1834.26
9.920	1837.79
9.930	1841.33
9.940	1844.86
9.950	1848.40
9.960	1851.94
9.970	1855.49
9.980	1859.03
9.990	1862.59
10.000	1866.14
10.010	1869.70
10.020	1873.25
10.030	1876.82
10.040	1880.38
10.050	1883.95
10.060	1887.52
10.070	1891.09
10.080	1894.67
10.090	1898.25
10.100	1901.83
10.110	1905.42
10.120	1909.01
10.130	1912.60
10.140	1916.19
10.150	1919.79
10.160	1923.39
10.170	1926.99
10.180	1930.60
10.190	1934.21
10.200	1937.82
10.210	1941.44
10.220	1945.05
10.230	1948.67
10.240	1952.30
10.250	1955.92
10.260	1959.55
10.270	1963.18
10.280	1966.82
10.290	1970.46
10.300	1974.10
10.310	1977.74
10.320	1981.39
10.330	1985.04
10.340	1988.69
10.350	1992.35
10.360	1996.00
10.370	1999.67
10.380	2003.33
10.390	2007.00
10.400	2010.67
10.410	2014.34
10.420	2018.01
10.430	2021.69
10.440	2025.37
10.450	2029.06
10.460	2032.75
10.470	2036.44
10.480	2040.13
10.490	2043.83
10.500	2047.52
10.510	2051.23
10.520	2054.93
10.530	2058.64
10.540	2062.35
10.550	2066.06
10.560	2069.78
10.570	2073.50
10.580	2077.22
10.590	2080.94
10.600	2084.67
10.610	2088.40
10.620	2092.14
10.630	2095.87
10.640	2099.61
10.650	2103.36
10.660	2107.10
10.670	2110.85
10.680	2114.60
10.690	2118.35
10.700	2122.11
10.710	2125.87
10.720	2129.63
10.730	2133.40
10.740	2137.17
10.750	2140.94
10.760	2144.71
10.770	2148.49
10.780	2152.27
10.790	2156.05
10.800	2159.84
10.810	2163.63
10.820	2167.42
10.830	2171.21
10.840	2175.01
10.850	2178.81
10.860	2182.61
10.870	2186.42
10.880	2190.23
10.890	2194.04
10.900	2197.85
10.910	2201.67
10.920	2205.49
10.930	2209.31
10.940	2213.14
10.950	2216.97
10.960	2220.80
10.970	2224.64
10.980	2228.47
10.990	2232.31
11.000	2236.16
11.010	2240.00
11.020	2243.85
11.030	2247.70
11.040	2251.56
11.050	2255.42
11.060	2259.28
11.070	2263.14
11.080	2267.01
11.090	2270.88
11.100	2274.75
11.110	2278.63
11.120	2282.50
11.130	2286.38
11.140	2290.27
11.150	2294.15
11.160	2298.04
11.170	2301.94
11.180	2305.83
11.190	2309.73
11.200	2313.63
11.210	2317.54
11.220	2321.44
11.230	2325.35
11.240	2329.26
11.250	2333.18
11.260	2337.10
11.270	2341.02
11.280	2344.94
11.290	2348.87
11.300	2352.80
11.310	2356.73
11.320	2360.67
11.330	2364.61
11.340	2368.55
11.350	2372.49
11.360	2376.44
11.370	2380.39
11.380	2384.34
11.390	2388.30
11.400	2392.26
11.410	2396.22
11.420	2400.18
11.430	2404.15
11.440	2408.12
11.450	2412.09
11.460	2416.07
11.470	2420.05
11.480	2424.03
11.490	2428.01
11.500	2432.00
11.510	2435.99
11.520	2439.98
11.530	2443.98
11.540	2447.98
11.550	2451.98
11.560	2455.98
11.570	2459.99
11.580	2464.00
11.590	2468.01
11.600	2472.03
11.610	2476.05
11.620	2480.07
11.630	2484.09
11.640	2488.12
11.650	2492.15
11.660	2496.18
11.670	2500.22
11.680	2504.26
11.690	2508.30
11.700	2512.35
11.710	2516.39
11.720	2520.44
11.730	2524.50
11.740	2528.55
11.750	2532.61
11.760	2536.67
11.770	2540.74
11.780	2544.80
11.790	2548.87
11.800	2552.95
11.810	2557.02
11.820	2561.10
11.830	2565.18
11.840	2569.27
11.850	2573.36
11.860	2577.45
11.870	2581.54
11.880	2585.63
11.890	2589.73
11.900	2593.84
11.910	2597.94
11.920	2602.05
11.930	2606.16
11.940	2610.27
11.950	2614.39
11.960	2618.51
11.970	2622.63
11.980	2626.75
11.990	2630.88
12.000	2635.01
12.010	2639.14
12.020	2643.28
12.030	2647.42
12.040	2651.56
12.050	2655.70
12.060	2659.85
12.070	2664.00
12.080	2668.15
12.090	2672.31
12.100	2676.47
12.110	2680.63
12.120	2684.79
12.130	2688.96
12.140	2693.13
12.150	2697.30
12.160	2701.48
12.170	2705.66
12.180	2709.84
12.190	2714.02
12.200	2718.21
12.210	2722.40
12.220	2726.59
12.230	2730.79
12.240	2734.99
12.250	2739.19
12.260	2743.39
12.270	2747.60
12.280	2751.81
12.290	2756.02
12.300	2760.24
12.310	2764.46
12.320	2768.68
12.330	2772.90
12.340	2777.13
12.350	2781.36
12.360	2785.59
12.370	2789.83
12.380	2794.07
12.390	2798.31
12.400	2802.55
12.410	2806.80
12.420	2811.05
12.430	2815.30
12.440	2819.55
12.450	2823.81
12.460	2828.07
12.470	2832.34
12.480	2836.60
12.490	2840.87
12.500	2845.15
12.510	2849.42
12.520	2853.70
12.530	2857.98
12.540	2862.26
12.550	2866.55
12.560	2870.84
12.570	2875.13
12.580	2879.42
12.590	2883.72
12.600	2888.02
12.610	2892.33
12.620	2896.63
12.630	2900.94
12.640	2905.25
12.650	2909.57
12.660	2913.89
12.670	2918.21
12.680	2922.53
12.690	2926.85
12.700	2931.18
12.710	2935.51
12.720	2939.85
12.730	2944.19
12.740	2948.53
12.750	2952.87
12.760	2957.21
12.770	2961.56
12.780	2965.91
12.790	2970.27
12.800	2974.62
12.810	2978.98
12.820	2983.35
12.830	2987.71
12.840	2992.08
12.850	2996.45
12.860	3000.82
12.870	3005.20
12.880	3009.58
12.890	3013.96
12.900	3018.35
12.910	3022.73
12.920	3027.12
12.930	3031.52
12.940	3035.91
12.950	3040.31
12.960	3044.71
12.970	3049.12
12.980	3053.53
12.990	3057.94
13.000	3062.35
13.010	3066.76
13.020	3071.18
13.030	3075.60
13.040	3080.03
13.050	3084.46
13.060	3088.89
13.070	3093.32
13.080	3097.75
13.090	3102.19
13.100	3106.63
13.110	3111.08
13.120	3115.52
13.130	3119.97
13.140	3124.42
13.150	3128.88
13.160	3133.34
13.170	3137.80
13.180	3142.26
13.190	3146.73
13.200	3151.19
13.210	3155.67
13.220	3160.14
13.230	3164.62
13.240	3169.10
13.250	3173.58
13.260	3178.07
13.270	3182.55
13.280	3187.05
13.290	3191.54
13.300	3196.04
13.310	3200.54
13.320	3205.04
13.330	3209.54
13.340	3214.05
13.350	3218.56
13.360	3223.08
13.370	3227.59
13.380	3232.11
13.390	3236.63
13.400	3241.16
13.410	3245.68
13.420	3250.22
13.430	3254.75
13.440	3259.28
13.450	3263.82
13.460	3268.36
13.470	3272.91
13.480	3277.46
13.490	3282.00
13.500	3286.56
13.510	3291.11
13.520	3295.67
13.530	3300.23
13.540	3304.80
13.550	3309.36
13.560	3313.93
13.570	3318.50
13.580	3323.08
13.590	3327.66
13.600	3332.24
13.610	3336.82
13.620	3341.41
13.630	3345.99
13.640	3350.59
13.650	3355.18
13.660	3359.78
13.670	3364.38
13.680	3368.98
13.690	3373.59
13.700	3378.19
13.710	3382.80
13.720	3387.42
13.730	3392.04
13.740	3396.65
13.750	3401.28
13.760	3405.90
13.770	3410.53
13.780	3415.16
13.790	3419.79
13.800	3424.43
13.810	3429.07
13.820	3433.71
13.830	3438.35
13.840	3443.00
13.850	3447.65
13.860	3452.30
13.870	3456.96
13.880	3461.62
13.890	3466.28
13.900	3470.94
13.910	3475.61
13.920	3480.28
13.930	3484.95
13.940	3489.63
13.950	3494.31
13.960	3498.99
13.970	3503.67
13.980	3508.36
13.990	3513.05
14.000	3517.74
14.010	3522.43
14.020	3527.13
14.030	3531.83
14.040	3536.53
14.050	3541.24
14.060	3545.95
14.070	3550.66
14.080	3555.37
14.090	3560.09
14.100	3564.81
14.110	3569.53
14.120	3574.26
14.130	3578.98
14.140	3583.71
14.150	3588.45
14.160	3593.18
14.170	3597.92
14.180	3602.67
14.190	3607.41
14.200	3612.16
14.210	3616.91
14.220	3621.66
14.230	3626.42
14.240	3631.18
14.250	3635.94
14.260	3640.70
14.270	3645.47
14.280	3650.24
14.290	3655.01
14.300	3659.79
14.310	3664.56
14.320	3669.35
14.330	3674.13
14.340	3678.92
14.350	3683.70
14.360	3688.50
14.370	3693.29
14.380	3698.09
14.390	3702.89
14.400	3707.69
14.410	3712.50
14.420	3717.31
14.430	3722.12
14.440	3726.93
14.450	3731.75
14.460	3736.57
14.470	3741.39
14.480	3746.22
14.490	3751.05
14.500	3755.88
14.510	3760.71
14.520	3765.55
14.530	3770.39
14.540	3775.23
14.550	3780.07
14.560	3784.92
14.570	3789.77
14.580	3794.63
14.590	3799.48
14.600	3804.34
14.610	3809.20
14.620	3814.07
14.630	3818.93
14.640	3823.80
14.650	3828.68
14.660	3833.55
14.670	3838.43
14.680	3843.31
14.690	3848.20
14.700	3853.08
14.710	3857.97
14.720	3862.86
14.730	3867.76
14.740	3872.66
14.750	3877.56
14.760	3882.46
14.770	3887.37
14.780	3892.28
14.790	3897.19
14.800	3902.10
14.810	3907.02
14.820	3911.94
14.830	3916.86
14.840	3921.79
14.850	3926.72
14.860	3931.65
14.870	3936.58
14.880	3941.52
14.890	3946.46
14.900	3951.40
14.910	3956.35
14.920	3961.29
14.930	3966.25
14.940	3971.20
14.950	3976.16
14.960	3981.11
14.970	3986.08
14.980	3991.04
14.990	3996.01
15.000	4000.98
15.010	4005.95
15.020	4010.93
15.030	4015.91
15.040	4020.89
15.050	4025.87
15.060	4030.86
15.070	4035.85
15.080	4040.84
15.090	4045.84
15.100	4050.84
15.110	4055.84
15.120	4060.84
15.130	4065.85
15.140	4070.86
15.150	4075.87
15.160	4080.88
15.170	4085.90
15.180	4090.92
15.190	4095.95
15.200	4100.97
15.210	4106.00
15.220	4111.03
15.230	4116.07
15.240	4121.10
15.250	4126.14
15.260	4131.19
15.270	4136.23
15.280	4141.28
15.290	4146.33
15.300	4151.39
15.310	4156.44
15.320	4161.50
15.330	4166.57
15.340	4171.63
15.350	4176.70
15.360	4181.77
15.370	4186.84
15.380	4191.92
15.390	4197.00
15.400	4202.08
15.410	4207.17
15.420	4212.25
15.430	4217.34
15.440	4222.44
15.450	4227.53
15.460	4232.63
15.470	4237.73
15.480	4242.84
15.490	4247.95
15.500	4253.06
15.510	4258.17
15.520	4263.28
15.530	4268.40
15.540	4273.52
15.550	4278.65
15.560	4283.78
15.570	4288.90
15.580	4294.04
15.590	4299.17
15.600	4304.31
15.610	4309.45
15.620	4314.59
15.630	4319.74
15.640	4324.89
15.650	4330.04
15.660	4335.20
15.670	4340.36
15.680	4345.52
15.690	4350.68
15.700	4355.84
15.710	4361.01
15.720	4366.19
15.730	4371.36
15.740	4376.54
15.750	4381.72
15.760	4386.90
15.770	4392.09
15.780	4397.27
15.790	4402.47
15.800	4407.66
15.810	4412.86
15.820	4418.06
15.830	4423.26
15.840	4428.46
15.850	4433.67
15.860	4438.88
15.870	4444.10
15.880	4449.31
15.890	4454.53
15.900	4459.76
15.910	4464.98
15.920	4470.21
15.930	4475.44
15.940	4480.67
15.950	4485.91
15.960	4491.15
15.970	4496.39
15.980	4501.63
15.990	4506.88
16.000	4512.13
16.010	4517.39
16.020	4522.64
16.030	4527.90
16.040	4533.16
16.050	4538.43
16.060	4543.69
16.070	4548.96
16.080	4554.24
16.090	4559.51
16.100	4564.79
16.110	4570.07
16.120	4575.36
16.130	4580.64
16.140	4585.93
16.150	4591.23
16.160	4596.52
16.170	4601.82
16.180	4607.12
16.190	4612.43
16.200	4617.73
16.210	4623.04
16.220	4628.35
16.230	4633.67
16.240	4638.99
16.250	4644.31
16.260	4649.63
16.270	4654.96
16.280	4660.29
16.290	4665.62
16.300	4670.95
16.310	4676.29
16.320	4681.63
16.330	4686.98
16.340	4692.32
16.350	4697.67
16.360	4703.02
16.370	4708.38
16.380	4713.74
16.390	4719.10
16.400	4724.46
16.410	4729.83
16.420	4735.19
16.430	4740.57
16.440	4745.94
16.450	4751.32
16.460	4756.70
16.470	4762.08
16.480	4767.47
16.490	4772.86
16.500	4778.25
16.510	4783.64
16.520	4789.04
16.530	4794.44
16.540	4799.84
16.550	4805.25
16.560	4810.66
16.570	4816.07
16.580	4821.48
16.590	4826.90
16.600	4832.32
16.610	4837.74
16.620	4843.17
16.630	4848.60
16.640	4854.03
16.650	4859.46
16.660	4864.90
16.670	4870.34
16.680	4875.78
16.690	4881.23
16.700	4886.68
16.710	4892.13
16.720	4897.58
16.730	4903.04
16.740	4908.50
16.750	4913.96
16.760	4919.43
16.770	4924.90
16.780	4930.37
16.790	4935.84
16.800	4941.32
16.810	4946.80
16.820	4952.28
16.830	4957.77
16.840	4963.25
16.850	4968.74
16.860	4974.24
16.870	4979.74
16.880	4985.24
16.890	4990.74
16.900	4996.24
16.910	5001.75
16.920	5007.26
16.930	5012.78
16.940	5018.29
16.950	5023.81
16.960	5029.34
16.970	5034.86
16.980	5040.39
16.990	5045.92
17.000	5051.45
17.010	5056.99
17.020	5062.53
17.030	5068.07
17.040	5073.62
17.050	5079.17
17.060	5084.72
17.070	5090.27
17.080	5095.83
17.090	5101.39
17.100	5106.95
17.110	5112.52
17.120	5118.09
17.130	5123.66
17.140	5129.23
17.150	5134.81
17.160	5140.39
17.170	5145.97
17.180	5151.56
17.190	5157.15
17.200	5162.74
17.210	5168.33
17.220	5173.93
17.230	5179.53
17.240	5185.13
17.250	5190.74
17.260	5196.35
17.270	5201.96
17.280	5207.57
17.290	5213.19
17.300	5218.81
17.310	5224.43
17.320	5230.06
17.330	5235.69
17.340	5241.32
17.350	5246.95
17.360	5252.59
17.370	5258.23
17.380	5263.87
17.390	5269.52
17.400	5275.17
17.410	5280.82
17.420	5286.48
17.430	5292.13
17.440	5297.79
17.450	5303.46
17.460	5309.12
17.470	5314.79
17.480	5320.46
17.490	5326.14
17.500	5331.82
17.510	5337.50
17.520	5343.18
17.530	5348.87
17.540	5354.56
17.550	5360.25
17.560	5365.95
17.570	5371.64
17.580	5377.34
17.590	5383.05
17.600	5388.76
17.610	5394.47
17.620	5400.18
17.630	5405.89
17.640	5411.61
17.650	5417.33
17.660	5423.06
17.670	5428.78
17.680	5434.51
17.690	5440.25
17.700	5445.98
17.710	5451.72
17.720	5457.46
17.730	5463.21
17.740	5468.96
17.750	5474.71
17.760	5480.46
17.770	5486.22
17.780	5491.98
17.790	5497.74
17.800	5503.50
17.810	5509.27
17.820	5515.04
17.830	5520.82
17.840	5526.59
17.850	5532.37
17.860	5538.15
17.870	5543.94
17.880	5549.73
17.890	5555.52
17.900	5561.31
17.910	5567.11
17.920	5572.91
17.930	5578.71
17.940	5584.52
17.950	5590.33
17.960	5596.14
17.970	5601.96
17.980	5607.77
17.990	5613.59
18.000	5619.42
18.010	5625.24
18.020	5631.07
18.030	5636.90
18.040	5642.74
18.050	5648.58
18.060	5654.42
18.070	5660.26
18.080	5666.11
18.090	5671.96
18.100	5677.81
18.110	5683.67
18.120	5689.53
18.130	5695.39
18.140	5701.25
18.150	5707.12
18.160	5712.99
18.170	5718.87
18.180	5724.74
18.190	5730.62
18.200	5736.50
18.210	5742.39
18.220	5748.28
18.230	5754.17
18.240	5760.06
18.250	5765.96
18.260	5771.86
18.270	5777.76
18.280	5783.67
18.290	5789.58
18.300	5795.49
18.310	5801.40
18.320	5807.32
18.330	5813.24
18.340	5819.17
18.350	5825.09
18.360	5831.02
18.370	5836.95
18.380	5842.89
18.390	5848.83
18.400	5854.77
18.410	5860.71
18.420	5866.66
18.430	5872.61
18.440	5878.57
18.450	5884.52
18.460	5890.48
18.470	5896.44
18.480	5902.41
18.490	5908.38
18.500	5914.35
18.510	5920.32
18.520	5926.30
18.530	5932.28
18.540	5938.26
18.550	5944.25
18.560	5950.24
18.570	5956.23
18.580	5962.22
18.590	5968.22
18.600	5974.22
18.610	5980.23
18.620	5986.23
18.630	5992.24
18.640	5998.26
18.650	6004.27
18.660	6010.29
18.670	6016.31
18.680	6022.34
18.690	6028.37
18.700	6034.40
18.710	6040.43
18.720	6046.47
18.730	6052.51
18.740	6058.55
18.750	6064.60
18.760	6070.65
18.770	6076.70
18.780	6082.75
18.790	6088.81
18.800	6094.87
18.810	6100.94
18.820	6107.00
18.830	6113.07
18.840	6119.14
18.850	6125.22
18.860	6131.30
18.870	6137.38
18.880	6143.47
18.890	6149.55
18.900	6155.65
18.910	6161.74
18.920	6167.84
18.930	6173.94
18.940	6180.04
18.950	6186.15
18.960	6192.25
18.970	6198.37
18.980	6204.48
18.990	6210.60
19.000	6216.72
19.010	6222.85
19.020	6228.97
19.030	6235.10
19.040	6241.24
19.050	6247.37
19.060	6253.51
19.070	6259.65
19.080	6265.80
19.090	6271.95
19.100	6278.10
19.110	6284.25
19.120	6290.41
19.130	6296.57
19.140	6302.74
19.150	6308.90
19.160	6315.07
19.170	6321.24
19.180	6327.42
19.190	6333.60
19.200	6339.78
19.210	6345.96
19.220	6352.15
19.230	6358.34
19.240	6364.54
19.250	6370.73
19.260	6376.93
19.270	6383.14
19.280	6389.34
19.290	6395.55
19.300	6401.77
19.310	6407.98
19.320	6414.20
19.330	6420.42
19.340	6426.64
19.350	6432.87
19.360	6439.10
19.370	6445.34
19.380	6451.57
19.390	6457.81
19.400	6464.06
19.410	6470.30
19.420	6476.55
19.430	6482.80
19.440	6489.06
19.450	6495.31
19.460	6501.58
19.470	6507.84
19.480	6514.11
19.490	6520.38
19.500	6526.65
19.510	6532.93
19.520	6539.21
19.530	6545.49
19.540	6551.77
19.550	6558.06
19.560	6564.36
19.570	6570.65
19.580	6576.95
19.590	6583.25
19.600	6589.55
19.610	6595.86
19.620	6602.17
19.630	6608.48
19.640	6614.80
19.650	6621.12
19.660	6627.44
19.670	6633.77
19.680	6640.10
19.690	6646.43
19.700	6652.76
19.710	6659.10
19.720	6665.44
19.730	6671.79
19.740	6678.13
19.750	6684.48
19.760	6690.84
19.770	6697.19
19.780	6703.55
19.790	6709.92
19.800	6716.28
19.810	6722.65
19.820	6729.02
19.830	6735.40
19.840	6741.77
19.850	6748.16
19.860	6754.54
19.870	6760.93
19.880	6767.32
19.890	6773.71
19.900	6780.11
19.910	6786.51
19.920	6792.91
19.930	6799.32
19.940	6805.73
19.950	6812.14
19.960	6818.55
19.970	6824.97
19.980	6831.39
19.990	6837.82
20.000	6844.25
20.010	6850.68
20.020	6857.11
20.030	6863.55
20.040	6869.99
20.050	6876.43
20.060	6882.88
20.070	6889.33
20.080	6895.78
20.090	6902.24
20.100	6908.70
20.110	6915.16
20.120	6921.62
20.130	6928.09
20.140	6934.56
20.150	6941.04
20.160	6947.52
20.170	6954.00
20.180	6960.48
20.190	6966.97
20.200	6973.46
20.210	6979.95
20.220	6986.45
20.230	6992.95
20.240	6999.45
20.250	7005.96
20.260	7012.47
20.270	7018.98
20.280	7025.50
20.290	7032.01
20.300	7038.54
20.310	7045.06
20.320	7051.59
20.330	7058.12
20.340	7064.65
20.350	7071.19
20.360	7077.73
20.370	7084.28
20.380	7090.82
20.390	7097.37
20.400	7103.93
20.410	7110.48
20.420	7117.04
20.430	7123.61
20.440	7130.17
20.450	7136.74
20.460	7143.31
20.470	7149.89
20.480	7156.47
20.490	7163.05
20.500	7169.63
20.510	7176.22
20.520	7182.81
20.530	7189.41
20.540	7196.01
20.550	7202.61
20.560	7209.21
20.570	7215.82
20.580	7222.43
20.590	7229.04
20.600	7235.66
20.610	7242.28
20.620	7248.90
20.630	7255.53
20.640	7262.16
20.650	7268.79
20.660	7275.43
20.670	7282.07
20.680	7288.71
20.690	7295.35
20.700	7302.00
20.710	7308.65
20.720	7315.31
20.730	7321.97
20.740	7328.63
20.750	7335.29
20.760	7341.96
20.770	7348.63
20.780	7355.31
20.790	7361.98
20.800	7368.66
20.810	7375.35
20.820	7382.04
20.830	7388.73
20.840	7395.42
20.850	7402.12
20.860	7408.82
20.870	7415.52
20.880	7422.23
20.890	7428.93
20.900	7435.65
20.910	7442.36
20.920	7449.08
20.930	7455.81
20.940	7462.53
20.950	7469.26
20.960	7475.99
20.970	7482.73
20.980	7489.47
20.990	7496.21
21.000	7502.95
21.010	7509.70
21.020	7516.45
21.030	7523.21
21.040	7529.97
21.050	7536.73
21.060	7543.49
21.070	7550.26
21.080	7557.03
21.090	7563.80
21.100	7570.58
21.110	7577.36
21.120	7584.15
21.130	7590.93
21.140	7597.72
21.150	7604.52
21.160	7611.31
21.170	7618.11
21.180	7624.92
21.190	7631.73
21.200	7638.54
21.210	7645.35
21.220	7652.16
21.230	7658.98
21.240	7665.81
21.250	7672.63
21.260	7679.46
21.270	7686.30
21.280	7693.13
21.290	7699.97
21.300	7706.81
21.310	7713.66
21.320	7720.51
21.330	7727.36
21.340	7734.22
21.350	7741.08
21.360	7747.94
21.370	7754.81
21.380	7761.67
21.390	7768.55
21.400	7775.42
21.410	7782.30
21.420	7789.18
21.430	7796.07
21.440	7802.96
21.450	7809.85
21.460	7816.74
21.470	7823.64
21.480	7830.54
21.490	7837.45
21.500	7844.36
21.510	7851.27
21.520	7858.18
21.530	7865.10
21.540	7872.02
21.550	7878.95
21.560	7885.88
21.570	7892.81
21.580	7899.74
21.590	7906.68
21.600	7913.62
21.610	7920.57
21.620	7927.52
21.630	7934.47
21.640	7941.42
21.650	7948.38
21.660	7955.34
21.670	7962.31
21.680	7969.28
21.690	7976.25
21.700	7983.22
21.710	7990.20
21.720	7997.18
21.730	8004.17
21.740	8011.15
21.750	8018.15
21.760	8025.14
21.770	8032.14
21.780	8039.14
21.790	8046.15
21.800	8053.15
21.810	8060.16
21.820	8067.18
21.830	8074.20
21.840	8081.22
21.850	8088.24
21.860	8095.27
21.870	8102.30
21.880	8109.34
21.890	8116.38
21.900	8123.42
21.910	8130.46
21.920	8137.51
21.930	8144.56
21.940	8151.62
21.950	8158.68
21.960	8165.74
21.970	8172.81
21.980	8179.87
21.990	8186.95
22.000	8194.02
22.010	8201.10
22.020	8208.18
22.030	8215.27
22.040	8222.36
22.050	8229.45
22.060	8236.55
22.070	8243.64
22.080	8250.75
22.090	8257.85
22.100	8264.96
22.110	8272.07
22.120	8279.19
22.130	8286.31
22.140	8293.43
22.150	8300.56
22.160	8307.69
22.170	8314.82
22.180	8321.96
22.190	8329.10
22.200	8336.24
22.210	8343.39
22.220	8350.54
22.230	8357.69
22.240	8364.85
22.250	8372.01
22.260	8379.17
22.270	8386.34
22.280	8393.51
22.290	8400.69
22.300	8407.86
22.310	8415.04
22.320	8422.23
22.330	8429.42
22.340	8436.61
22.350	8443.80
22.360	8451.00
22.370	8458.20
22.380	8465.41
22.390	8472.61
22.400	8479.83
22.410	8487.04
22.420	8494.26
22.430	8501.48
22.440	8508.71
22.450	8515.94
22.460	8523.17
22.470	8530.41
22.480	8537.65
22.490	8544.89
22.500	8552.14
22.510	8559.38
22.520	8566.64
22.530	8573.89
22.540	8581.16
22.550	8588.42
22.560	8595.69
22.570	8602.96
22.580	8610.23
22.590	8617.51
22.600	8624.79
22.610	8632.07
22.620	8639.36
22.630	8646.65
22.640	8653.95
22.650	8661.25
22.660	8668.55
22.670	8675.85
22.680	8683.16
22.690	8690.48
22.700	8697.79
22.710	8705.11
22.720	8712.43
22.730	8719.76
22.740	8727.09
22.750	8734.42
22.760	8741.76
22.770	8749.10
22.780	8756.45
22.790	8763.79
22.800	8771.14
22.810	8778.50
22.820	8785.86
22.830	8793.22
22.840	8800.58
22.850	8807.95
22.860	8815.32
22.870	8822.70
22.880	8830.08
22.890	8837.46
22.900	8844.85
22.910	8852.24
22.920	8859.63
22.930	8867.03
22.940	8874.43
22.950	8881.83
22.960	8889.24
22.970	8896.65
22.980	8904.07
22.990	8911.48
23.000	8918.91
23.010	8926.33
23.020	8933.76
23.030	8941.19
23.040	8948.63
23.050	8956.07
23.060	8963.51
23.070	8970.96
23.080	8978.41
23.090	8985.86
23.100	8993.32
23.110	9000.78
23.120	9008.24
23.130	9015.71
23.140	9023.18
23.150	9030.66
23.160	9038.14
23.170	9045.62
23.180	9053.10
23.190	9060.59
23.200	9068.09
23.210	9075.58
23.220	9083.08
23.230	9090.59
23.240	9098.10
23.250	9105.61
23.260	9113.12
23.270	9120.64
23.280	9128.16
23.290	9135.69
23.300	9143.22
23.310	9150.75
23.320	9158.28
23.330	9165.82
23.340	9173.37
23.350	9180.92
23.360	9188.47
23.370	9196.02
23.380	9203.58
23.390	9211.14
23.400	9218.71
23.410	9226.27
23.420	9233.85
23.430	9241.42
23.440	9249.00
23.450	9256.59
23.460	9264.17
23.470	9271.76
23.480	9279.36
23.490	9286.96
23.500	9294.56
23.510	9302.16
23.520	9309.77
23.530	9317.38
23.540	9325.00
23.550	9332.62
23.560	9340.24
23.570	9347.87
23.580	9355.50
23.590	9363.14
23.600	9370.77
23.610	9378.42
23.620	9386.06
23.630	9393.71
23.640	9401.36
23.650	9409.02
23.660	9416.68
23.670	9424.34
23.680	9432.01
23.690	9439.68
23.700	9447.36
23.710	9455.03
23.720	9462.72
23.730	9470.40
23.740	9478.09
23.750	9485.78
23.760	9493.48
23.770	9501.18
23.780	9508.89
23.790	9516.59
23.800	9524.30
23.810	9532.02
23.820	9539.74
23.830	9547.46
23.840	9555.19
23.850	9562.92
23.860	9570.65
23.870	9578.39
23.880	9586.13
23.890	9593.87
23.900	9601.62
23.910	9609.37
23.920	9617.13
23.930	9624.89
23.940	9632.65
23.950	9640.42
23.960	9648.19
23.970	9655.96
23.980	9663.74
23.990	9671.52
24.000	9679.31
24.010	9687.10
24.020	9694.89
24.030	9702.69
24.040	9710.49
24.050	9718.29
24.060	9726.10
24.070	9733.91
24.080	9741.72
24.090	9749.54
24.100	9757.36
24.110	9765.19
24.120	9773.02
24.130	9780.85
24.140	9788.69
24.150	9796.53
24.160	9804.38
24.170	9812.23
24.180	9820.08
24.190	9827.94
24.200	9835.79
24.210	9843.66
24.220	9851.53
24.230	9859.40
24.240	9867.27
24.250	9875.15
24.260	9883.03
24.270	9890.92
24.280	9898.81
24.290	9906.70
24.300	9914.60
24.310	9922.50
24.320	9930.41
24.330	9938.31
24.340	9946.23
24.350	9954.14
24.360	9962.06
24.370	9969.99
24.380	9977.91
24.390	9985.84
24.400	9993.78
24.410	10001.72
24.420	10009.66
24.430	10017.61
24.440	10025.56
24.450	10033.51
24.460	10041.47
24.470	10049.43
24.480	10057.40
24.490	10065.37
24.500	10073.34
24.510	10081.31
24.520	10089.30
24.530	10097.28
24.540	10105.27
24.550	10113.26
24.560	10121.25
24.570	10129.25
24.580	10137.26
24.590	10145.26
24.600	10153.28
24.610	10161.29
24.620	10169.31
24.630	10177.33
24.640	10185.36
24.650	10193.39
24.660	10201.42
24.670	10209.46
24.680	10217.50
24.690	10225.54
24.700	10233.59
24.710	10241.65
24.720	10249.70
24.730	10257.76
24.740	10265.83
24.750	10273.90
24.760	10281.97
24.770	10290.04
24.780	10298.12
24.790	10306.21
24.800	10314.29
24.810	10322.39
24.820	10330.48
24.830	10338.58
24.840	10346.68
24.850	10354.79
24.860	10362.90
24.870	10371.01
24.880	10379.13
24.890	10387.25
24.900	10395.38
24.910	10403.51
24.920	10411.64
24.930	10419.78
24.940	10427.92
24.950	10436.07
24.960	10444.21
24.970	10452.37
24.980	10460.52
24.990	10468.69
25.000	10476.85
25.010	10485.02
25.020	10493.19
25.030	10501.37
25.040	10509.55
25.050	10517.73
25.060	10525.92
25.070	10534.11
25.080	10542.31
25.090	10550.51
25.100	10558.71
25.110	10566.92
25.120	10575.13
25.130	10583.34
25.140	10591.56
25.150	10599.78
25.160	10608.01
25.170	10616.24
25.180	10624.48
25.190	10632.71
25.200	10640.96
25.210	10649.20
25.220	10657.45
25.230	10665.71
25.240	10673.97
25.250	10682.23
25.260	10690.49
25.270	10698.76
25.280	10707.04
25.290	10715.32
25.300	10723.60
25.310	10731.88
25.320	10740.17
25.330	10748.47
25.340	10756.76
25.350	10765.06
25.360	10773.37
25.370	10781.68
25.380	10789.99
25.390	10798.31
25.400	10806.63
25.410	10814.96
25.420	10823.28
25.430	10831.62
25.440	10839.95
25.450	10848.29
25.460	10856.64
25.470	10864.99
25.480	10873.34
25.490	10881.70
25.500	10890.06
25.510	10898.42
25.520	10906.79
25.530	10915.16
25.540	10923.54
25.550	10931.92
25.560	10940.31
25.570	10948.70
25.580	10957.09
25.590	10965.48
25.600	10973.88
25.610	10982.29
25.620	10990.70
25.630	10999.11
25.640	11007.53
25.650	11015.95
25.660	11024.37
25.670	11032.80
25.680	11041.23
25.690	11049.67
25.700	11058.11
25.710	11066.55
25.720	11075.00
25.730	11083.46
25.740	11091.91
25.750	11100.37
25.760	11108.84
25.770	11117.31
25.780	11125.78
25.790	11134.26
25.800	11142.74
25.810	11151.22
25.820	11159.71
25.830	11168.20
25.840	11176.70
25.850	11185.20
25.860	11193.71
25.870	11202.22
25.880	11210.73
25.890	11219.25
25.900	11227.77
25.910	11236.29
25.920	11244.82
25.930	11253.36
25.940	11261.89
25.950	11270.44
25.960	11278.98
25.970	11287.53
25.980	11296.09
25.990	11304.64
26.000	11313.21
26.010	11321.77
26.020	11330.34
26.030	11338.92
26.040	11347.50
26.050	11356.08
26.060	11364.67
26.070	11373.26
26.080	11381.85
26.090	11390.45
26.100	11399.05
26.110	11407.66
26.120	11416.27
26.130	11424.89
26.140	11433.51
26.150	11442.13
26.160	11450.76
26.170	11459.39
26.180	11468.03
26.190	11476.67
26.200	11485.31
26.210	11493.96
26.220	11502.62
26.230	11511.27
26.240	11519.93
26.250	11528.60
26.260	11537.27
26.270	11545.94
26.280	11554.62
26.290	11563.30
26.300	11571.99
26.310	11580.68
26.320	11589.37
26.330	11598.07
26.340	11606.78
26.350	11615.48
26.360	11624.19
26.370	11632.91
26.380	11641.63
26.390	11650.35
26.400	11659.08
26.410	11667.81
26.420	11676.55
26.430	11685.29
26.440	11694.03
26.450	11702.78
26.460	11711.54
26.470	11720.29
26.480	11729.06
26.490	11737.82
26.500	11746.59
26.510	11755.37
26.520	11764.15
26.530	11772.93
26.540	11781.71
26.550	11790.51
26.560	11799.30
26.570	11808.10
26.580	11816.91
26.590	11825.71
26.600	11834.53
26.610	11843.34
26.620	11852.16
26.630	11860.99
26.640	11869.82
26.650	11878.65
26.660	11887.49
26.670	11896.33
26.680	11905.18
26.690	11914.03
26.700	11922.88
26.710	11931.74
26.720	11940.61
26.730	11949.48
26.740	11958.35
26.750	11967.22
26.760	11976.11
26.770	11984.99
26.780	11993.88
26.790	12002.77
26.800	12011.67
26.810	12020.57
26.820	12029.48
26.830	12038.39
26.840	12047.31
26.850	12056.23
26.860	12065.15
26.870	12074.08
26.880	12083.01
26.890	12091.95
26.900	12100.89
26.910	12109.83
26.920	12118.78
26.930	12127.74
26.940	12136.70
26.950	12145.66
26.960	12154.63
26.970	12163.60
26.980	12172.57
26.990	12181.55
27.000	12190.54
27.010	12199.53
27.020	12208.52
27.030	12217.52
27.040	12226.52
27.050	12235.53
27.060	12244.54
27.070	12253.55
27.080	12262.57
27.090	12271.60
27.100	12280.62
27.110	12289.66
27.120	12298.69
27.130	12307.73
27.140	12316.78
27.150	12325.83
27.160	12334.89
27.170	12343.94
27.180	12353.01
27.190	12362.08
27.200	12371.15
27.210	12380.22
27.220	12389.31
27.230	12398.39
27.240	12407.48
27.250	12416.58
27.260	12425.67
27.270	12434.78
27.280	12443.89
27.290	12453.00
27.300	12462.11
27.310	12471.23
27.320	12480.36
27.330	12489.49
27.340	12498.62
27.350	12507.76
27.360	12516.91
27.370	12526.05
27.380	12535.21
27.390	12544.36
27.400	12553.52
27.410	12562.69
27.420	12571.86
27.430	12581.03
27.440	12590.21
27.450	12599.40
27.460	12608.58
27.470	12617.78
27.480	12626.97
27.490	12636.17
27.500	12645.38
27.510	12654.59
27.520	12663.81
27.530	12673.02
27.540	12682.25
27.550	12691.48
27.560	12700.71
27.570	12709.95
27.580	12719.19
27.590	12728.44
27.600	12737.69
27.610	12746.94
27.620	12756.20
27.630	12765.47
27.640	12774.74
27.650	12784.01
27.660	12793.29
27.670	12802.57
27.680	12811.86
27.690	12821.15
27.700	12830.45
27.710	12839.75
27.720	12849.05
27.730	12858.36
27.740	12867.68
27.750	12877.00
27.760	12886.32
27.770	12895.65
27.780	12904.98
27.790	12914.32
27.800	12923.66
27.810	12933.01
27.820	12942.36
27.830	12951.71
27.840	12961.07
27.850	12970.44
27.860	12979.81
27.870	12989.18
27.880	12998.56
27.890	13007.95
27.900	13017.33
27.910	13026.73
27.920	13036.12
27.930	13045.53
27.940	13054.93
27.950	13064.34
27.960	13073.76
27.970	13083.18
27.980	13092.60
27.990	13102.03
28.000	13111.47
28.010	13120.91
28.020	13130.35
28.030	13139.80
28.040	13149.25
28.050	13158.71
28.060	13168.17
28.070	13177.64
28.080	13187.11
28.090	13196.59
28.100	13206.07
28.110	13215.55
28.120	13225.04
28.130	13234.54
28.140	13244.04
28.150	13253.54
28.160	13263.05
28.170	13272.56
28.180	13282.08
28.190	13291.61
28.200	13301.13
28.210	13310.67
28.220	13320.20
28.230	13329.75
28.240	13339.29
28.250	13348.84
28.260	13358.40
28.270	13367.96
28.280	13377.53
28.290	13387.10
28.300	13396.67
28.310	13406.25
28.320	13415.83
28.330	13425.42
28.340	13435.02
28.350	13444.62
28.360	13454.22
28.370	13463.83
28.380	13473.44
28.390	13483.06
28.400	13492.68
28.410	13502.31
28.420	13511.94
28.430	13521.58
28.440	13531.22
28.450	13540.86
28.460	13550.51
28.470	13560.17
28.480	13569.83
28.490	13579.50
28.500	13589.17
28.510	13598.84
28.520	13608.52
28.530	13618.21
28.540	13627.89
28.550	13637.59
28.560	13647.29
28.570	13656.99
28.580	13666.70
28.590	13676.41
28.600	13686.13
28.610	13695.85
28.620	13705.58
28.630	13715.31
28.640	13725.05
28.650	13734.79
28.660	13744.54
28.670	13754.29
28.680	13764.05
28.690	13773.81
28.700	13783.58
28.710	13793.35
28.720	13803.12
28.730	13812.90
28.740	13822.69
28.750	13832.48
28.760	13842.28
28.770	13852.08
28.780	13861.88
28.790	13871.69
28.800	13881.51
28.810	13891.33
28.820	13901.15
28.830	13910.98
28.840	13920.81
28.850	13930.65
28.860	13940.50
28.870	13950.35
28.880	13960.20
28.890	13970.06
28.900	13979.92
28.910	13989.79
28.920	13999.67
28.930	14009.54
28.940	14019.43
28.950	14029.32
28.960	14039.21
28.970	14049.11
28.980	14059.01
28.990	14068.92
29.000	14078.83
29.010	14088.75
29.020	14098.67
29.030	14108.60
29.040	14118.53
29.050	14128.47
29.060	14138.41
29.070	14148.36
29.080	14158.31
29.090	14168.27
29.100	14178.23
29.110	14188.20
29.120	14198.17
29.130	14208.15
29.140	14218.13
29.150	14228.12
29.160	14238.11
29.170	14248.11
29.180	14258.11
29.190	14268.12
29.200	14278.13
29.210	14288.14
29.220	14298.17
29.230	14308.19
29.240	14318.23
29.250	14328.26
29.260	14338.30
29.270	14348.35
29.280	14358.40
29.290	14368.46
29.300	14378.52
29.310	14388.59
29.320	14398.66
29.330	14408.74
29.340	14418.82
29.350	14428.91
29.360	14439.00
29.370	14449.10
29.380	14459.20
29.390	14469.31
29.400	14479.42
29.410	14489.54
29.420	14499.66
29.430	14509.79
29.440	14519.92
29.450	14530.06
29.460	14540.20
29.470	14550.35
29.480	14560.50
29.490	14570.66
29.500	14580.82
29.510	14590.99
29.520	14601.16
29.530	14611.34
29.540	14621.52
29.550	14631.71
29.560	14641.90
29.570	14652.10
29.580	14662.31
29.590	14672.52
29.600	14682.73
29.610	14692.95
29.620	14703.17
29.630	14713.40
29.640	14723.64
29.650	14733.88
29.660	14744.12
29.670	14754.37
29.680	14764.62
29.690	14774.88
29.700	14785.15
29.710	14795.42
29.720	14805.69
29.730	14815.98
29.740	14826.26
29.750	14836.55
29.760	14846.85
29.770	14857.15
29.780	14867.46
29.790	14877.77
29.800	14888.08
29.810	14898.40
29.820	14908.73
29.830	14919.06
29.840	14929.40
29.850	14939.74
29.860	14950.09
29.870	14960.44
29.880	14970.80
29.890	14981.17
29.900	14991.53
29.910	15001.91
29.920	15012.29
29.930	15022.67
29.940	15033.06
29.950	15043.45
29.960	15053.85
29.970	15064.26
29.980	15074.67
29.990	15085.08
30.000	15095.50
