x(m)	y(m)
0.00	0.00
0.01	0.10
0.02	0.20
0.03	0.31
0.04	0.42
0.05	0.53
0.06	0.65
0.07	0.77
0.08	0.89
0.09	1.02
0.11	1.15
0.12	1.29
0.13	1.42
0.14	1.57
0.16	1.71
0.17	1.86
0.19	2.01
0.20	2.16
0.22	2.32
0.24	2.49
0.25	2.65
0.27	2.82
0.29	2.99
0.31	3.17
0.32	3.35
0.34	3.53
0.36	3.72
0.38	3.91
0.40	4.10
0.42	4.30
0.45	4.50
0.47	4.70
0.49	4.91
0.51	5.12
0.54	5.33
0.56	5.55
0.58	5.77
0.61	6.00
0.63	6.22
0.66	6.46
0.69	6.69
0.71	6.93
0.74	7.17
0.77	7.42
0.80	7.67
0.82	7.92
0.85	8.17
0.88	8.43
0.91	8.70
0.94	8.96
0.98	9.23
1.01	9.51
1.04	9.78
1.07	10.06
1.11	10.35
1.14	10.63
1.18	10.92
1.21	11.22
1.25	11.52
1.28	11.82
1.32	12.12
1.36	12.43
1.39	12.74
1.43	13.06
1.47	13.38
1.51	13.70
1.55	14.02
1.59	14.35
1.63	14.68
1.67	15.02
1.71	15.36
1.76	15.70
1.80	16.05
1.84	16.40
1.89	16.75
1.93	17.11
1.98	17.47
2.03	17.84
2.07	18.20
2.12	18.57
2.17	18.95
2.22	19.33
2.26	19.71
2.31	20.09
2.36	20.48
2.41	20.87
2.47	21.27
2.52	21.67
2.57	22.07
2.62	22.48
2.68	22.89
2.73	23.30
2.78	23.72
2.84	24.14
2.90	24.56
2.95	24.99
3.01	25.42
3.07	25.85
3.13	26.29
3.18	26.73
3.24	27.17
3.30	27.62
3.36	28.07
3.43	28.53
3.49	28.99
3.55	29.45
3.61	29.91
3.68	30.38
3.74	30.86
3.81	31.33
3.87	31.81
3.94	32.30
4.00	32.78
4.07	33.27
4.14	33.77
4.21	34.26
4.28	34.76
4.35	35.27
4.42	35.78
4.49	36.29
4.56	36.80
4.63	37.32
4.71	37.84
4.78	38.37
4.85	38.90
4.93	39.43
5.00	39.96
5.08	40.50
5.16	41.05
5.23	41.59
5.31	42.14
5.39	42.70
5.47	43.25
5.55	43.81
5.63	44.38
5.71	44.94
5.79	45.52
5.88	46.09
5.96	46.67
6.04	47.25
6.13	47.84
6.21	48.42
6.30	49.02
6.39	49.61
6.47	50.21
6.56	50.81
6.65	51.42
6.74	52.03
6.83	52.64
6.92	53.26
7.01	53.88
7.10	54.50
7.19	55.13
7.29	55.76
7.38	56.40
7.47	57.04
7.57	57.68
7.67	58.32
7.76	58.97
7.86	59.62
7.96	60.28
8.06	60.94
8.15	61.60
8.25	62.27
8.35	62.94
8.46	63.61
8.56	64.29
8.66	64.97
8.76	65.65
8.87	66.34
8.97	67.03
9.08	67.72
9.18	68.42
9.29	69.12
9.40	69.83
9.50	70.54
9.61	71.25
9.72	71.97
9.83	72.69
9.94	73.41
10.05	74.13
10.17	74.86
10.28	75.60
10.39	76.34
10.51	77.08
10.62	77.82
10.74	78.57
10.85	79.32
10.97	80.07
11.09	80.83
11.21	81.59
11.33	82.36
11.45	83.13
11.57	83.90
11.69	84.68
11.81	85.46
11.93	86.24
12.06	87.03
12.18	87.82
12.30	88.61
12.43	89.41
12.56	90.21
12.68	91.01
12.81	91.82
12.94	92.63
13.07	93.45
13.20	94.27
13.33	95.09
13.46	95.91
13.59	96.74
13.72	97.58
13.86	98.41
13.99	99.25
14.13	100.10
14.26	100.94
14.40	101.79
14.54	102.65
14.67	103.50
14.81	104.37
14.95	105.23
15.09	106.10
15.23	106.97
15.37	107.85
15.52	108.73
15.66	109.61
15.80	110.49
15.95	111.38
16.09	112.28
16.24	113.17
16.38	114.07
16.53	114.98
16.68	115.89
16.83	116.80
16.98	117.71
17.13	118.63
17.28	119.55
17.43	120.48
17.58	121.41
17.74	122.34
17.89	123.27
18.04	124.21
18.20	125.16
18.36	126.10
18.51	127.05
18.67	128.01
18.83	128.97
18.99	129.93
19.15	130.89
19.31	131.86
19.47	132.83
19.63	133.81
19.80	134.79
19.96	135.77
20.13	136.75
20.29	137.74
20.46	138.74
20.62	139.73
20.79	140.73
20.96	141.74
21.13	142.74
21.30	143.76
21.47	144.77
21.64	145.79
21.81	146.81
21.99	147.84
22.16	148.86
22.33	149.90
22.51	150.93
22.69	151.97
22.86	153.02
23.04	154.06
23.22	155.11
23.40	156.17
23.58	157.22
23.76	158.28
23.94	159.35
24.12	160.42
24.30	161.49
24.49	162.56
24.67	163.64
24.86	164.73
25.04	165.81
25.23	166.90
25.42	168.00
25.61	169.09
25.80	170.19
25.99	171.30
26.18	172.40
26.37	173.52
26.56	174.63
26.75	175.75
26.95	176.87
27.14	178.00
27.34	179.12
27.54	180.26
27.73	181.39
27.93	182.53
28.13	183.68
28.33	184.82
28.53	185.97
28.73	187.13
28.93	188.29
29.13	189.45
29.34	190.61
29.54	191.78
29.75	192.95
29.95	194.13
30.16	195.31
30.37	196.49
30.58	197.68
30.79	198.87
31.00	200.06
31.21	201.26
31.42	202.46
31.63	203.66
31.84	204.87
32.06	206.08
32.27	207.30
32.49	208.52
32.70	209.74
32.92	210.97
33.14	212.20
33.36	213.43
33.58	214.67
33.80	215.91
34.02	217.15
34.24	218.40
34.46	219.65
34.69	220.90
34.91	222.16
35.14	223.42
35.36	224.69
35.59	225.96
35.82	227.23
36.05	228.51
36.28	229.79
36.51	231.07
36.74	232.36
36.97	233.65
37.20	234.94
37.44	236.24
37.67	237.54
37.91	238.85
38.14	240.16
38.38	241.47
38.62	242.79
38.86	244.11
39.09	245.43
39.33	246.76
39.58	248.09
39.82	249.42
40.06	250.76
40.30	252.10
40.55	253.44
40.79	254.79
41.04	256.15
41.29	257.50
41.53	258.86
41.78	260.22
42.03	261.59
42.28	262.96
42.53	264.33
42.78	265.71
43.04	267.09
43.29	268.48
43.55	269.86
43.80	271.26
44.06	272.65
44.31	274.05
44.57	275.45
44.83	276.86
45.09	278.27
45.35	279.68
45.61	281.10
45.87	282.52
46.14	283.94
46.40	285.37
46.66	286.80
46.93	288.24
47.20	289.68
47.46	291.12
47.73	292.57
48.00	294.02
48.27	295.47
48.54	296.93
48.81	298.39
49.08	299.85
49.36	301.32
49.63	302.79
49.90	304.26
50.18	305.74
50.46	307.22
50.73	308.71
51.01	310.20
51.29	311.69
51.57	313.19
51.85	314.69
52.13	316.19
52.42	317.70
52.70	319.21
52.98	320.73
53.27	322.24
53.55	323.77
53.84	325.29
54.13	326.82
54.42	328.35
54.71	329.89
55.00	331.43
55.29	332.97
55.58	334.52
55.87	336.07
56.17	337.63
56.46	339.18
56.76	340.75
57.05	342.31
57.35	343.88
57.65	345.45
57.95	347.03
58.25	348.61
58.55	350.19
58.85	351.78
59.15	353.37
59.46	354.97
59.76	356.56
60.07	358.16
60.37	359.77
60.68	361.38
60.99	362.99
61.30	364.61
61.60	366.23
61.92	367.85
62.23	369.48
62.54	371.11
62.85	372.74
63.17	374.38
63.48	376.02
63.80	377.67
64.11	379.32
64.43	380.97
64.75	382.63
65.07	384.29
65.39	385.95
65.71	387.62
66.03	389.29
66.35	390.96
66.68	392.64
67.00	394.32
67.33	396.01
67.65	397.69
67.98	399.39
68.31	401.08
68.64	402.78
68.97	404.49
69.30	406.19
69.63	407.90
69.96	409.62
70.30	411.34
70.63	413.06
70.97	414.78
71.30	416.51
71.64	418.24
71.98	419.98
72.32	421.72
72.66	423.46
73.00	425.21
73.34	426.96
73.68	428.71
74.03	430.47
74.37	432.23
74.71	434.00
75.06	435.77
75.41	437.54
75.76	439.32
76.10	441.10
76.45	442.88
76.81	444.67
77.16	446.46
77.51	448.25
77.86	450.05
78.22	451.85
78.57	453.66
78.93	455.47
79.29	457.28
79.64	459.09
80.00	460.91
80.36	462.74
80.72	464.56
81.08	466.40
81.45	468.23
81.81	470.07
82.17	471.91
82.54	473.75
82.91	475.60
83.27	477.46
83.64	479.31
84.01	481.17
84.38	483.04
84.75	484.90
85.12	486.77
85.49	488.65
85.87	490.53
86.24	492.41
86.62	494.29
86.99	496.18
87.37	498.08
87.75	499.97
88.13	501.87
88.51	503.78
88.89	505.68
89.27	507.59
89.65	509.51
90.04	511.43
90.42	513.35
90.81	515.27
91.19	517.20
91.58	519.14
91.97	521.07
92.36	523.01
92.75	524.96
93.14	526.90
93.53	528.85
93.92	530.81
94.32	532.77
94.71	534.73
95.11	536.69
95.51	538.66
95.90	540.64
96.30	542.61
96.70	544.59
97.10	546.57
97.50	548.56
97.90	550.55
98.31	552.55
98.71	554.55
99.12	556.55
99.52	558.55
99.93	560.56
100.34	562.57
100.75	564.59
101.16	566.61
101.57	568.63
101.98	570.66
102.39	572.69
102.80	574.73
103.22	576.76
103.63	578.81
104.05	580.85
104.47	582.90
104.89	584.95
105.30	587.01
105.72	589.07
106.15	591.13
106.57	593.20
106.99	595.27
107.41	597.34
107.84	599.42
108.26	601.50
108.69	603.59
109.12	605.68
109.55	607.77
109.98	609.87
110.41	611.97
110.84	614.07
111.27	616.18
111.70	618.29
112.14	620.40
112.57	622.52
113.01	624.64
113.44	626.76
113.88	628.89
114.32	631.02
114.76	633.16
115.20	635.30
115.64	637.44
116.09	639.59
116.53	641.74
116.97	643.89
117.42	646.05
117.87	648.21
118.31	650.38
118.76	652.54
119.21	654.72
119.66	656.89
120.11	659.07
120.56	661.25
121.02	663.44
121.47	665.63
121.93	667.82
122.38	670.02
122.84	672.22
123.30	674.42
123.76	676.63
124.22	678.84
124.68	681.06
125.14	683.28
125.60	685.50
126.06	687.73
126.53	689.96
126.99	692.19
127.46	694.43
127.93	696.67
128.40	698.91
128.86	701.16
129.33	703.41
129.81	705.66
130.28	707.92
130.75	710.18
131.22	712.45
131.70	714.72
132.18	716.99
132.65	719.27
133.13	721.55
133.61	723.83
134.09	726.12
134.57	728.41
135.05	730.70
135.53	733.00
136.02	735.30
136.50	737.60
136.99	739.91
137.47	742.22
137.96	744.54
138.45	746.86
138.94	749.18
139.43	751.51
139.92	753.84
140.41	756.17
140.91	758.51
141.40	760.85
141.90	763.19
142.39	765.54
142.89	767.89
143.39	770.25
143.89	772.60
144.39	774.97
144.89	777.33
145.39	779.70
145.89	782.07
146.39	784.45
146.90	786.83
147.40	789.21
147.91	791.60
148.42	793.99
148.93	796.38
149.44	798.78
149.95	801.18
150.46	803.59
150.97	806.00
151.48	808.41
152.00	810.82
152.51	813.24
153.03	815.66
153.55	818.09
154.07	820.52
154.59	822.95
155.11	825.39
155.63	827.83
156.15	830.27
156.67	832.72
157.20	835.17
157.72	837.63
158.25	840.08
158.77	842.55
159.30	845.01
159.83	847.48
160.36	849.95
160.89	852.43
161.42	854.91
161.96	857.39
162.49	859.87
163.02	862.36
163.56	864.86
164.10	867.35
164.63	869.86
165.17	872.36
165.71	874.87
166.25	877.38
166.79	879.89
167.34	882.41
167.88	884.93
168.42	887.46
168.97	889.98
169.52	892.52
170.06	895.05
170.61	897.59
171.16	900.13
171.71	902.68
172.26	905.23
172.81	907.78
173.37	910.34
173.92	912.90
174.48	915.46
175.03	918.03
175.59	920.60
176.15	923.18
176.71	925.75
177.27	928.33
177.83	930.92
178.39	933.51
178.95	936.10
179.52	938.69
180.08	941.29
180.65	943.89
181.21	946.50
181.78	949.11
182.35	951.72
182.92	954.34
183.49	956.96
184.06	959.58
184.63	962.21
185.21	964.84
185.78	967.47
186.36	970.11
186.93	972.75
187.51	975.39
188.09	978.04
188.67	980.69
189.25	983.35
189.83	986.00
190.41	988.66
191.00	991.33
191.58	994.00
192.17	996.67
192.75	999.34
193.34	1002.02
193.93	1004.71
194.52	1007.39
195.11	1010.08
195.70	1012.77
196.29	1015.47
196.88	1018.17
197.48	1020.87
198.07	1023.58
198.67	1026.29
199.26	1029.00
199.86	1031.72
200.46	1034.44
201.06	1037.16
201.66	1039.89
202.26	1042.62
202.87	1045.35
203.47	1048.09
204.07	1050.83
204.68	1053.57
205.29	1056.32
205.89	1059.07
206.50	1061.83
207.11	1064.58
207.72	1067.35
208.33	1070.11
208.95	1072.88
209.56	1075.65
210.17	1078.42
210.79	1081.20
211.41	1083.98
212.02	1086.77
212.64	1089.56
213.26	1092.35
213.88	1095.15
214.50	1097.94
215.12	1100.75
215.75	1103.55
216.37	1106.36
217.00	1109.17
217.62	1111.99
218.25	1114.81
218.88	1117.63
219.51	1120.46
220.14	1123.28
220.77	1126.12
221.40	1128.95
222.03	1131.79
222.67	1134.63
223.30	1137.48
223.94	1140.33
224.57	1143.18
225.21	1146.04
225.85	1148.90
226.49	1151.76
227.13	1154.63
227.77	1157.50
228.41	1160.37
229.06	1163.24
229.70	1166.12
230.35	1169.01
230.99	1171.89
231.64	1174.78
232.29	1177.68
232.94	1180.57
233.59	1183.47
234.24	1186.37
234.89	1189.28
235.55	1192.19
236.20	1195.10
236.86	1198.02
237.51	1200.94
238.17	1203.86
238.83	1206.79
239.49	1209.72
240.15	1212.65
240.81	1215.58
241.47	1218.52
242.13	1221.47
242.79	1224.41
243.46	1227.36
244.12	1230.31
244.79	1233.27
245.46	1236.23
246.13	1239.19
246.80	1242.16
247.47	1245.13
248.14	1248.10
248.81	1251.07
249.49	1254.05
250.16	1257.03
250.83	1260.02
251.51	1263.01
252.19	1266.00
252.87	1269.00
253.55	1271.99
254.23	1275.00
254.91	1278.00
255.59	1281.01
256.27	1284.02
256.96	1287.03
257.64	1290.05
258.33	1293.07
259.01	1296.10
259.70	1299.13
260.39	1302.16
261.08	1305.19
261.77	1308.23
262.46	1311.27
263.16	1314.31
263.85	1317.36
264.54	1320.41
265.24	1323.46
265.94	1326.52
266.63	1329.58
267.33	1332.64
268.03	1335.71
268.73	1338.78
269.43	1341.85
270.13	1344.93
270.84	1348.01
271.54	1351.09
272.25	1354.17
272.95	1357.26
273.66	1360.35
274.37	1363.45
275.08	1366.55
275.79	1369.65
276.50	1372.75
277.21	1375.86
277.92	1378.97
278.63	1382.09
279.35	1385.20
280.06	1388.33
280.78	1391.45
281.50	1394.58
282.22	1397.71
282.94	1400.84
283.66	1403.98
284.38	1407.11
285.10	1410.26
285.82	1413.40
286.55	1416.55
287.27	1419.70
288.00	1422.86
288.72	1426.02
289.45	1429.18
290.18	1432.34
290.91	1435.51
291.64	1438.68
292.37	1441.86
293.11	1445.03
293.84	1448.22
294.57	1451.40
295.31	1454.59
296.05	1457.78
296.78	1460.97
297.52	1464.16
298.26	1467.36
299.00	1470.56
299.74	1473.77
300.48	1476.98
301.23	1480.19
301.97	1483.40
302.72	1486.62
303.46	1489.84
304.21	1493.07
304.96	1496.29
305.71	1499.52
306.46	1502.76
307.21	1505.99
307.96	1509.23
308.71	1512.47
309.46	1515.72
310.22	1518.97
310.97	1522.22
311.73	1525.47
312.49	1528.73
313.24	1531.99
314.00	1535.26
314.76	1538.52
315.52	1541.79
316.29	1545.07
317.05	1548.34
317.81	1551.62
318.58	1554.90
319.34	1558.19
320.11	1561.48
320.88	1564.77
321.64	1568.06
322.41	1571.36
323.18	1574.66
323.96	1577.96
324.73	1581.27
325.50	1584.58
326.27	1587.89
327.05	1591.21
327.83	1594.52
328.60	1597.85
329.38	1601.17
330.16	1604.50
330.94	1607.83
331.72	1611.16
332.50	1614.50
333.28	1617.84
334.07	1621.18
334.85	1624.53
335.64	1627.88
336.42	1631.23
337.21	1634.58
338.00	1637.94
338.79	1641.30
339.58	1644.66
340.37	1648.03
341.16	1651.40
341.95	1654.77
342.74	1658.15
343.54	1661.53
344.34	1664.91
345.13	1668.29
345.93	1671.68
346.73	1675.07
347.53	1678.47
348.33	1681.86
349.13	1685.26
349.93	1688.67
350.73	1692.07
351.54	1695.48
352.34	1698.89
353.15	1702.31
353.95	1705.72
354.76	1709.14
355.57	1712.57
356.38	1716.00
357.19	1719.42
358.00	1722.86
358.82	1726.29
359.63	1729.73
360.44	1733.17
361.26	1736.62
362.07	1740.06
362.89	1743.52
363.71	1746.97
364.53	1750.42
365.35	1753.88
366.17	1757.35
366.99	1760.81
367.81	1764.28
368.64	1767.75
369.46	1771.23
370.29	1774.70
371.11	1778.18
371.94	1781.67
372.77	1785.15
373.60	1788.64
374.43	1792.13
375.26	1795.63
376.09	1799.12
376.92	1802.62
377.76	1806.13
378.59	1809.64
379.43	1813.14
380.27	1816.66
381.10	1820.17
381.94	1823.69
382.78	1827.21
383.62	1830.74
384.46	1834.26
385.31	1837.79
386.15	1841.33
386.99	1844.86
387.84	1848.40
388.68	1851.94
389.53	1855.49
390.38	1859.03
391.23	1862.59
392.08	1866.14
392.93	1869.70
393.78	1873.25
394.63	1876.82
395.49	1880.38
396.34	1883.95
397.20	1887.52
398.05	1891.09
398.91	1894.67
399.77	1898.25
400.63	1901.83
401.49	1905.42
402.35	1909.01
403.21	1912.60
404.07	1916.19
404.94	1919.79
405.80	1923.39
406.67	1926.99
407.53	1930.60
408.40	1934.21
409.27	1937.82
410.14	1941.44
411.01	1945.05
411.88	1948.67
412.75	1952.30
413.63	1955.92
414.50	1959.55
415.37	1963.18
416.25	1966.82
417.13	1970.46
418.00	1974.10
418.88	1977.74
419.76	1981.39
420.64	1985.04
421.53	1988.69
422.41	1992.35
423.29	1996.00
424.18	1999.67
425.06	2003.33
425.95	2007.00
426.83	2010.67
427.72	2014.34
428.61	2018.01
429.50	2021.69
430.39	2025.37
431.28	2029.06
432.18	2032.75
433.07	2036.44
433.97	2040.13
434.86	2043.83
435.76	2047.52
436.66	2051.23
437.55	2054.93
438.45	2058.64
439.35	2062.35
440.26	2066.06
441.16	2069.78
442.06	2073.50
442.96	2077.22
443.87	2080.94
444.78	2084.67
445.68	2088.40
446.59	2092.14
447.50	2095.87
448.41	2099.61
449.32	2103.36
450.23	2107.10
451.14	2110.85
452.06	2114.60
452.97	2118.35
453.89	2122.11
454.80	2125.87
455.72	2129.63
456.64	2133.40
457.56	2137.17
458.48	2140.94
459.40	2144.71
460.32	2148.49
461.24	2152.27
462.17	2156.05
463.09	2159.84
464.02	2163.63
464.95	2167.42
465.87	2171.21
466.80	2175.01
467.73	2178.81
468.66	2182.61
469.59	2186.42
470.53	2190.23
471.46	2194.04
472.39	2197.85
473.33	2201.67
474.27	2205.49
475.20	2209.31
476.14	2213.14
477.08	2216.97
478.02	2220.80
478.96	2224.64
479.90	2228.47
480.85	2232.31
481.79	2236.16
482.73	2240.00
483.68	2243.85
484.63	2247.70
485.57	2251.56
486.52	2255.42
487.47	2259.28
488.42	2263.14
489.37	2267.01
490.33	2270.88
491.28	2274.75
492.23	2278.63
493.19	2282.50
494.15	2286.38
495.10	2290.27
496.06	2294.15
497.02	2298.04
497.98	2301.94
498.94	2305.83
499.90	2309.73
500.87	2313.63
501.83	2317.54
502.79	2321.44
503.76	2325.35
504.73	2329.26
505.69	2333.18
506.66	2337.10
507.63	2341.02
508.60	2344.94
509.57	2348.87
510.55	2352.80
511.52	2356.73
512.49	2360.67
513.47	2364.61
514.44	2368.55
515.42	2372.49
516.40	2376.44
517.38	2380.39
518.36	2384.34
519.34	2388.30
520.32	2392.26
521.30	2396.22
522.29	2400.18
523.27	2404.15
524.26	2408.12
525.25	2412.09
526.23	2416.07
527.22	2420.05
528.21	2424.03
529.20	2428.01
530.19	2432.00
531.19	2435.99
532.18	2439.98
533.17	2443.98
534.17	2447.98
535.17	2451.98
536.16	2455.98
537.16	2459.99
538.16	2464.00
539.16	2468.01
540.16	2472.03
541.16	2476.05
542.17	2480.07
543.17	2484.09
544.17	2488.12
545.18	2492.15
546.19	2496.18
547.19	2500.22
548.20	2504.26
549.21	2508.30
550.22	2512.35
551.24	2516.39
552.25	2520.44
553.26	2524.50
554.28	2528.55
555.29	2532.61
556.31	2536.67
557.32	2540.74
558.34	2544.80
559.36	2548.87
560.38	2552.95
561.40	2557.02
562.43	2561.10
563.45	2565.18
564.47	2569.27
565.50	2573.36
566.52	2577.45
567.55	2581.54
568.58	2585.63
569.61	2589.73
570.64	2593.84
571.67	2597.94
572.70	2602.05
573.73	2606.16
574.77	2610.27
575.80	2614.39
576.84	2618.51
577.87	2622.63
578.91	2626.75
579.95	2630.88
580.99	2635.01
582.03	2639.14
583.07	2643.28
584.11	2647.42
585.16	2651.56
586.20	2655.70
587.25	2659.85
588.29	2664.00
589.34	2668.15
590.39	2672.31
591.44	2676.47
592.49	2680.63
593.54	2684.79
594.59	2688.96
595.64	2693.13
596.70	2697.30
597.75	2701.48
598.81	2705.66
599.86	2709.84
600.92	2714.02
601.98	2718.21
603.04	2722.40
604.10	2726.59
605.16	2730.79
606.23	2734.99
607.29	2739.19
608.35	2743.39
609.42	2747.60
610.49	2751.81
611.55	2756.02
612.62	2760.24
613.69	2764.46
614.76	2768.68
615.83	2772.90
616.91	2777.13
617.98	2781.36
619.05	2785.59
620.13	2789.83
621.21	2794.07
622.28	2798.31
623.36	2802.55
624.44	2806.80
625.52	2811.05
626.60	2815.30
627.68	2819.55
628.77	2823.81
629.85	2828.07
630.93	2832.34
632.02	2836.60
633.11	2840.87
634.20	2845.15
635.28	2849.42
636.37	2853.70
637.46	2857.98
638.56	2862.26
639.65	2866.55
640.74	2870.84
641.84	2875.13
642.93	2879.42
644.03	2883.72
645.13	2888.02
646.23	2892.33
647.33	2896.63
648.43	2900.94
649.53	2905.25
650.63	2909.57
651.73	2913.89
652.84	2918.21
653.94	2922.53
655.05	2926.85
656.16	2931.18
657.26	2935.51
658.37	2939.85
659.48	2944.19
660.59	2948.53
661.71	2952.87
662.82	2957.21
663.93	2961.56
665.05	2965.91
666.16	2970.27
667.28	2974.62
668.40	2978.98
669.52	2983.35
670.64	2987.71
671.76	2992.08
672.88	2996.45
674.00	3000.82
675.13	3005.20
676.25	3009.58
677.38	3013.96
678.50	3018.35
679.63	3022.73
680.76	3027.12
681.89	3031.52
683.02	3035.91
684.15	3040.31
685.29	3044.71
686.42	3049.12
687.55	3053.53
688.69	3057.94
689.83	3062.35
690.96	3066.76
692.10	3071.18
693.24	3075.60
694.38	3080.03
695.52	3084.46
696.66	3088.89
697.81	3093.32
698.95	3097.75
700.10	3102.19
701.24	3106.63
702.39	3111.08
703.54	3115.52
704.69	3119.97
705.84	3124.42
706.99	3128.88
708.14	3133.34
709.29	3137.80
710.45	3142.26
711.60	3146.73
712.76	3151.19
713.91	3155.67
715.07	3160.14
716.23	3164.62
717.39	3169.10
718.55	3173.58
719.71	3178.07
720.88	3182.55
722.04	3187.05
723.21	3191.54
724.37	3196.04
725.54	3200.54
726.71	3205.04
727.87	3209.54
729.04	3214.05
730.21	3218.56
731.39	3223.08
732.56	3227.59
733.73	3232.11
734.91	3236.63
736.08	3241.16
737.26	3245.68
738.44	3250.22
739.61	3254.75
740.79	3259.28
741.97	3263.82
743.15	3268.36
744.34	3272.91
745.52	3277.46
746.70	3282.00
747.89	3286.56
749.08	3291.11
750.26	3295.67
751.45	3300.23
752.64	3304.80
753.83	3309.36
755.02	3313.93
756.21	3318.50
757.41	3323.08
758.60	3327.66
759.80	3332.24
760.99	3336.82
762.19	3341.41
763.39	3345.99
764.59	3350.59
765.79	3355.18
766.99	3359.78
768.19	3364.38
769.39	3368.98
770.60	3373.59
771.80	3378.19
773.01	3382.80
774.21	3387.42
775.42	3392.04
776.63	3396.65
777.84	3401.28
779.05	3405.90
780.26	3410.53
781.48	3415.16
782.69	3419.79
783.90	3424.43
785.12	3429.07
786.34	3433.71
787.55	3438.35
788.77	3443.00
789.99	3447.65
791.21	3452.30
792.44	3456.96
793.66	3461.62
794.88	3466.28
796.11	3470.94
797.33	3475.61
798.56	3480.28
799.79	3484.95
801.02	3489.63
802.24	3494.31
803.48	3498.99
804.71	3503.67
805.94	3508.36
807.17	3513.05
808.41	3517.74
809.64	3522.43
810.88	3527.13
812.12	3531.83
813.36	3536.53
814.60	3541.24
815.84	3545.95
817.08	3550.66
818.32	3555.37
819.56	3560.09
820.81	3564.81
822.05	3569.53
823.30	3574.26
824.55	3578.98
825.80	3583.71
827.04	3588.45
828.29	3593.18
829.55	3597.92
830.80	3602.67
832.05	3607.41
833.31	3612.16
834.56	3616.91
835.82	3621.66
837.08	3626.42
838.33	3631.18
839.59	3635.94
840.85	3640.70
842.12	3645.47
843.38	3650.24
844.64	3655.01
845.91	3659.79
847.17	3664.56
848.44	3669.35
849.70	3674.13
850.97	3678.92
852.24	3683.70
853.51	3688.50
854.78	3693.29
856.06	3698.09
857.33	3702.89
858.60	3707.69
859.88	3712.50
861.15	3717.31
862.43	3722.12
863.71	3726.93
864.99	3731.75
866.27	3736.57
867.55	3741.39
868.83	3746.22
870.12	3751.05
871.40	3755.88
872.69	3760.71
873.97	3765.55
875.26	3770.39
876.55	3775.23
877.84	3780.07
879.13	3784.92
880.42	3789.77
881.71	3794.63
883.01	3799.48
884.30	3804.34
885.59	3809.20
886.89	3814.07
888.19	3818.93
889.49	3823.80
890.79	3828.68
892.09	3833.55
893.39	3838.43
894.69	3843.31
895.99	3848.20
897.30	3853.08
898.60	3857.97
899.91	3862.86
901.22	3867.76
902.53	3872.66
903.84	3877.56
905.15	3882.46
906.46	3887.37
907.77	3892.28
909.08	3897.19
910.40	3902.10
911.71	3907.02
913.03	3911.94
914.35	3916.86
915.66	3921.79
916.98	3926.72
918.30	3931.65
919.63	3936.58
920.95	3941.52
922.27	3946.46
923.60	3951.40
924.92	3956.35
926.25	3961.29
927.58	3966.25
928.90	3971.20
930.23	3976.16
931.57	3981.11
932.90	3986.08
934.23	3991.04
935.56	3996.01
936.90	4000.98
938.23	4005.95
939.57	4010.93
940.91	4015.91
942.25	4020.89
943.59	4025.87
944.93	4030.86
946.27	4035.85
947.61	4040.84
948.95	4045.84
950.30	4050.84
951.65	4055.84
952.99	4060.84
954.34	4065.85
955.69	4070.86
957.04	4075.87
958.39	4080.88
959.74	4085.90
961.09	4090.92
962.45	4095.95
963.80	4100.97
965.16	4106.00
966.52	4111.03
967.87	4116.07
969.23	4121.10
970.59	4126.14
971.95	4131.19
973.32	4136.23
974.68	4141.28
976.04	4146.33
977.41	4151.39
978.77	4156.44
980.14	4161.50
981.51	4166.57
982.88	4171.63
984.25	4176.70
985.62	4181.77
986.99	4186.84
988.37	4191.92
989.74	4197.00
991.11	4202.08
992.49	4207.17
993.87	4212.25
995.25	4217.34
996.63	4222.44
998.01	4227.53
999.39	4232.63
1000.77	4237.73
1002.15	4242.84
1003.54	4247.95
1004.92	4253.06
1006.31	4258.17
1007.70	4263.28
1009.09	4268.40
1010.48	4273.52
1011.87	4278.65
1013.26	4283.78
1014.65	4288.90
1016.05	4294.04
1017.44	4299.17
1018.84	4304.31
1020.23	4309.45
1021.63	4314.59
1023.03	4319.74
1024.43	4324.89
1025.83	4330.04
1027.23	4335.20
1028.64	4340.36
1030.04	4345.52
1031.44	4350.68
1032.85	4355.84
1034.26	4361.01
1035.67	4366.19
1037.07	4371.36
1038.49	4376.54
1039.90	4381.72
1041.31	4386.90
1042.72	4392.09
1044.14	4397.27
1045.55	4402.47
1046.97	4407.66
1048.39	4412.86
1049.80	4418.06
1051.22	4423.26
1052.64	4428.46
1054.07	4433.67
1055.49	4438.88
1056.91	4444.10
1058.34	4449.31
1059.76	4454.53
1061.19	4459.76
1062.62	4464.98
1064.05	4470.21
1065.48	4475.44
1066.91	4480.67
1068.34	4485.91
1069.77	4491.15
1071.20	4496.39
1072.64	4501.63
1074.08	4506.88
1075.51	4512.13
1076.95	4517.39
1078.39	4522.64
1079.83	4527.90
1081.27	4533.16
1082.71	4538.43
1084.16	4543.69
1085.60	4548.96
1087.05	4554.24
1088.49	4559.51
1089.94	4564.79
1091.39	4570.07
1092.84	4575.36
1094.29	4580.64
1095.74	4585.93
1097.19	4591.23
1098.65	4596.52
1100.10	4601.82
1101.56	4607.12
1103.02	4612.43
1104.47	4617.73
1105.93	4623.04
1107.39	4628.35
1108.85	4633.67
1110.32	4638.99
1111.78	4644.31
1113.24	4649.63
1114.71	4654.96
1116.17	4660.29
1117.64	4665.62
1119.11	4670.95
1120.58	4676.29
1122.05	4681.63
1123.52	4686.98
1124.99	4692.32
1126.47	4697.67
1127.94	4703.02
1129.42	4708.38
1130.90	4713.74
1132.37	4719.10
1133.85	4724.46
1135.33	4729.83
1136.81	4735.19
1138.30	4740.57
1139.78	4745.94
1141.26	4751.32
1142.75	4756.70
1144.23	4762.08
1145.72	4767.47
1147.21	4772.86
1148.70	4778.25
1150.19	4783.64
1151.68	4789.04
1153.17	4794.44
1154.67	4799.84
1156.16	4805.25
1157.66	4810.66
1159.15	4816.07
1160.65	4821.48
1162.15	4826.90
1163.65	4832.32
1165.15	4837.74
1166.65	4843.17
1168.16	4848.60
1169.66	4854.03
1171.17	4859.46
1172.67	4864.90
1174.18	4870.34
1175.69	4875.78
1177.20	4881.23
1178.71	4886.68
1180.22	4892.13
1181.73	4897.58
1183.25	4903.04
1184.76	4908.50
1186.28	4913.96
1187.79	4919.43
1189.31	4924.90
1190.83	4930.37
1192.35	4935.84
1193.87	4941.32
1195.40	4946.80
1196.92	4952.28
1198.44	4957.77
1199.97	4963.25
1201.49	4968.74
1203.02	4974.24
1204.55	4979.74
1206.08	4985.24
1207.61	4990.74
1209.14	4996.24
1210.68	5001.75
1212.21	5007.26
1213.75	5012.78
1215.28	5018.29
1216.82	5023.81
1218.36	5029.34
1219.90	5034.86
1221.44	5040.39
1222.98	5045.92
1224.52	5051.45
1226.06	5056.99
1227.61	5062.53
1229.15	5068.07
1230.70	5073.62
1232.25	5079.17
1233.80	5084.72
1235.35	5090.27
1236.90	5095.83
1238.45	5101.39
1240.00	5106.95
1241.56	5112.52
1243.11	5118.09
1244.67	5123.66
1246.23	5129.23
1247.79	5134.81
1249.35	5140.39
1250.91	5145.97
1252.47	5151.56
1254.03	5157.15
1255.60	5162.74
1257.16	5168.33
1258.73	5173.93
1260.29	5179.53
1261.86	5185.13
1263.43	5190.74
1265.00	5196.35
1266.57	5201.96
1268.15	5207.57
1269.72	5213.19
1271.30	5218.81
1272.87	5224.43
1274.45	5230.06
1276.03	5235.69
1277.61	5241.32
1279.19	5246.95
1280.77	5252.59
1282.35	5258.23
1283.93	5263.87
1285.52	5269.52
1287.10	5275.17
1288.69	5280.82
1290.28	5286.48
1291.87	5292.13
1293.46	5297.79
1295.05	5303.46
1296.64	5309.12
1298.23	5314.79
1299.83	5320.46
1301.42	5326.14
1303.02	5331.82
1304.62	5337.50
1306.22	5343.18
1307.82	5348.87
1309.42	5354.56
1311.02	5360.25
1312.62	5365.95
1314.23	5371.64
1315.83	5377.34
1317.44	5383.05
1319.04	5388.76
1320.65	5394.47
1322.26	5400.18
1323.87	5405.89
1325.48	5411.61
1327.10	5417.33
1328.71	5423.06
1330.33	5428.78
1331.94	5434.51
1333.56	5440.25
1335.18	5445.98
1336.80	5451.72
1338.42	5457.46
1340.04	5463.21
1341.66	5468.96
1343.29	5474.71
1344.91	5480.46
1346.54	5486.22
1348.16	5491.98
1349.79	5497.74
1351.42	5503.50
1353.05	5509.27
1354.68	5515.04
1356.32	5520.82
1357.95	5526.59
1359.59	5532.37
1361.22	5538.15
1362.86	5543.94
1364.50	5549.73
1366.14	5555.52
1367.78	5561.31
1369.42	5567.11
1371.06	5572.91
1372.70	5578.71
1374.35	5584.52
1376.00	5590.33
1377.64	5596.14
1379.29	5601.96
1380.94	5607.77
1382.59	5613.59
1384.24	5619.42
1385.89	5625.24
1387.55	5631.07
1389.20	5636.90
1390.86	5642.74
1392.52	5648.58
1394.17	5654.42
1395.83	5660.26
1397.49	5666.11
1399.15	5671.96
1400.82	5677.81
1402.48	5683.67
1404.15	5689.53
1405.81	5695.39
1407.48	5701.25
1409.15	5707.12
1410.82	5712.99
1412.49	5718.87
1414.16	5724.74
1415.83	5730.62
1417.50	5736.50
1419.18	5742.39
1420.85	5748.28
1422.53	5754.17
1424.21	5760.06
1425.89	5765.96
1427.57	5771.86
1429.25	5777.76
1430.93	5783.67
1432.62	5789.58
1434.30	5795.49
1435.99	5801.40
1437.68	5807.32
1439.36	5813.24
1441.05	5819.17
1442.74	5825.09
1444.44	5831.02
1446.13	5836.95
1447.82	5842.89
1449.52	5848.83
1451.21	5854.77
1452.91	5860.71
1454.61	5866.66
1456.31	5872.61
1458.01	5878.57
1459.71	5884.52
1461.41	5890.48
1463.12	5896.44
1464.82	5902.41
1466.53	5908.38
1468.24	5914.35
1469.95	5920.32
1471.66	5926.30
1473.37	5932.28
1475.08	5938.26
1476.79	5944.25
1478.51	5950.24
1480.22	5956.23
1481.94	5962.22
1483.65	5968.22
1485.37	5974.22
1487.09	5980.23
1488.81	5986.23
1490.54	5992.24
1492.26	5998.26
1493.98	6004.27
1495.71	6010.29
1497.44	6016.31
1499.16	6022.34
1500.89	6028.37
1502.62	6034.40
1504.36	6040.43
1506.09	6046.47
1507.82	6052.51
1509.56	6058.55
1511.29	6064.60
1513.03	6070.65
1514.77	6076.70
1516.51	6082.75
1518.25	6088.81
1519.99	6094.87
1521.73	6100.94
1523.47	6107.00
1525.22	6113.07
1526.97	6119.14
1528.71	6125.22
1530.46	6131.30
1532.21	6137.38
1533.96	6143.47
1535.71	6149.55
1537.47	6155.65
1539.22	6161.74
1540.98	6167.84
1542.73	6173.94
1544.49	6180.04
1546.25	6186.15
1548.01	6192.25
1549.77	6198.37
1551.53	6204.48
1553.30	6210.60
1555.06	6216.72
1556.83	6222.85
1558.59	6228.97
1560.36	6235.10
1562.13	6241.24
1563.90	6247.37
1565.67	6253.51
1567.45	6259.65
1569.22	6265.80
1570.99	6271.95
1572.77	6278.10
1574.55	6284.25
1576.33	6290.41
1578.11	6296.57
1579.89	6302.74
1581.67	6308.90
1583.45	6315.07
1585.24	6321.24
1587.02	6327.42
1588.81	6333.60
1590.59	6339.78
1592.38	6345.96
1594.17	6352.15
1595.97	6358.34
1597.76	6364.54
1599.55	6370.73
1601.35	6376.93
1603.14	6383.14
1604.94	6389.34
1606.74	6395.55
1608.54	6401.77
1610.34	6407.98
1612.14	6414.20
1613.94	6420.42
1615.75	6426.64
1617.55	6432.87
1619.36	6439.10
1621.16	6445.34
1622.97	6451.57
1624.78	6457.81
1626.59	6464.06
1628.41	6470.30
1630.22	6476.55
1632.03	6482.80
1633.85	6489.06
1635.67	6495.31
1637.48	6501.58
1639.30	6507.84
1641.12	6514.11
1642.95	6520.38
1644.77	6526.65
1646.59	6532.93
1648.42	6539.21
1650.24	6545.49
1652.07	6551.77
1653.90	6558.06
1655.73	6564.36
1657.56	6570.65
1659.39	6576.95
1661.23	6583.25
1663.06	6589.55
1664.90	6595.86
1666.73	6602.17
1668.57	6608.48
1670.41	6614.80
1672.25	6621.12
1674.09	6627.44
1675.94	6633.77
1677.78	6640.10
1679.63	6646.43
1681.47	6652.76
1683.32	6659.10
1685.17	6665.44
1687.02	6671.79
1688.87	6678.13
1690.72	6684.48
1692.57	6690.84
1694.43	6697.19
1696.29	6703.55
1698.14	6709.92
1700.00	6716.28
1701.86	6722.65
1703.72	6729.02
1705.58	6735.40
1707.45	6741.77
1709.31	6748.16
1711.17	6754.54
1713.04	6760.93
1714.91	6767.32
1716.78	6773.71
1718.65	6780.11
1720.52	6786.51
1722.39	6792.91
1724.27	6799.32
1726.14	6805.73
1728.02	6812.14
1729.89	6818.55
1731.77	6824.97
1733.65	6831.39
1735.53	6837.82
1737.42	6844.25
1739.30	6850.68
1741.18	6857.11
1743.07	6863.55
1744.96	6869.99
1746.84	6876.43
1748.73	6882.88
1750.62	6889.33
1752.52	6895.78
1754.41	6902.24
1756.30	6908.70
1758.20	6915.16
1760.09	6921.62
1761.99	6928.09
1763.89	6934.56
1765.79	6941.04
1767.69	6947.52
1769.60	6954.00
1771.50	6960.48
1773.40	6966.97
1775.31	6973.46
1777.22	6979.95
1779.13	6986.45
1781.04	6992.95
1782.95	6999.45
1784.86	7005.96
1786.77	7012.47
1788.69	7018.98
1790.60	7025.50
1792.52	7032.01
1794.44	7038.54
1796.36	7045.06
1798.28	7051.59
1800.20	7058.12
1802.12	7064.65
1804.05	7071.19
1805.97	7077.73
1807.90	7084.28
1809.83	7090.82
1811.76	7097.37
1813.69	7103.93
1815.62	7110.48
1817.55	7117.04
1819.49	7123.61
1821.42	7130.17
1823.36	7136.74
1825.30	7143.31
1827.24	7149.89
1829.18	7156.47
1831.12	7163.05
1833.06	7169.63
1835.00	7176.22
1836.95	7182.81
1838.90	7189.41
1840.84	7196.01
1842.79	7202.61
1844.74	7209.21
1846.69	7215.82
1848.65	7222.43
1850.60	7229.04
1852.55	7235.66
1854.51	7242.28
1856.47	7248.90
1858.43	7255.53
1860.39	7262.16
1862.35	7268.79
1864.31	7275.43
1866.27	7282.07
1868.24	7288.71
1870.20	7295.35
1872.17	7302.00
1874.14	7308.65
1876.11	7315.31
1878.08	7321.97
1880.05	7328.63
1882.03	7335.29
1884.00	7341.96
1885.98	7348.63
1887.95	7355.31
1889.93	7361.98
1891.91	7368.66
1893.89	7375.35
1895.88	7382.04
1897.86	7388.73
1899.84	7395.42
1901.83	7402.12
1903.82	7408.82
1905.80	7415.52
1907.79	7422.23
1909.79	7428.93
1911.78	7435.65
1913.77	7442.36
1915.77	7449.08
1917.76	7455.81
1919.76	7462.53
1921.76	7469.26
1923.76	7475.99
1925.76	7482.73
1927.76	7489.47
1929.76	7496.21
1931.77	7502.95
1933.77	7509.70
1935.78	7516.45
1937.79	7523.21
1939.80	7529.97
1941.81	7536.73
1943.82	7543.49
1945.83	7550.26
1947.85	7557.03
1949.86	7563.80
1951.88	7570.58
1953.90	7577.36
1955.92	7584.15
1957.94	7590.93
1959.96	7597.72
1961.99	7604.52
1964.01	7611.31
1966.04	7618.11
1968.06	7624.92
1970.09	7631.73
1972.12	7638.54
1974.15	7645.35
1976.19	7652.16
1978.22	7658.98
1980.25	7665.81
1982.29	7672.63
1984.33	7679.46
1986.37	7686.30
1988.41	7693.13
1990.45	7699.97
1992.49	7706.81
1994.53	7713.66
1996.58	7720.51
1998.62	7727.36
2000.67	7734.22
2002.72	7741.08
2004.77	7747.94
2006.82	7754.81
2008.87	7761.67
2010.93	7768.55
2012.98	7775.42
2015.04	7782.30
2017.10	7789.18
2019.16	7796.07
2021.22	7802.96
2023.28	7809.85
2025.34	7816.74
2027.40	7823.64
2029.47	7830.54
2031.54	7837.45
2033.60	7844.36
2035.67	7851.27
2037.74	7858.18
2039.82	7865.10
2041.89	7872.02
2043.96	7878.95
2046.04	7885.88
2048.11	7892.81
2050.19	7899.74
2052.27	7906.68
2054.35	7913.62
2056.44	7920.57
2058.52	7927.52
2060.60	7934.47
2062.69	7941.42
2064.78	7948.38
2066.86	7955.34
2068.95	7962.31
2071.05	7969.28
2073.14	7976.25
2075.23	7983.22
2077.33	7990.20
2079.42	7997.18
2081.52	8004.17
2083.62	8011.15
2085.72	8018.15
2087.82	8025.14
2089.92	8032.14
2092.03	8039.14
2094.13	8046.15
2096.24	8053.15
2098.35	8060.16
2100.46	8067.18
2102.57	8074.20
2104.68	8081.22
2106.79	8088.24
2108.91	8095.27
2111.02	8102.30
2113.14	8109.34
2115.26	8116.38
2117.38	8123.42
2119.50	8130.46
2121.62	8137.51
2123.74	8144.56
2125.87	8151.62
2127.99	8158.68
2130.12	8165.74
2132.25	8172.81
2134.38	8179.87
2136.51	8186.95
2138.65	8194.02
2140.78	8201.10
2142.91	8208.18
2145.05	8215.27
2147.19	8222.36
2149.33	8229.45
2151.47	8236.55
2153.61	8243.64
2155.75	8250.75
2157.90	8257.85
2160.05	8264.96
2162.19	8272.07
2164.34	8279.19
2166.49	8286.31
2168.64	8293.43
2170.79	8300.56
2172.95	8307.69
2175.10	8314.82
2177.26	8321.96
2179.42	8329.10
2181.58	8336.24
2183.74	8343.39
2185.90	8350.54
2188.06	8357.69
2190.23	8364.85
2192.39	8372.01
2194.56	8379.17
2196.73	8386.34
2198.90	8393.51
2201.07	8400.69
2203.24	8407.86
2205.42	8415.04
2207.59	8422.23
2209.77	8429.42
2211.94	8436.61
2214.12	8443.80
2216.30	8451.00
2218.49	8458.20
2220.67	8465.41
2222.85	8472.61
2225.04	8479.83
2227.23	8487.04
2229.42	8494.26
2231.61	8501.48
2233.80	8508.71
2235.99	8515.94
2238.18	8523.17
2240.38	8530.41
2242.57	8537.65
2244.77	8544.89
2246.97	8552.14
2249.17	8559.38
2251.37	8566.64
2253.58	8573.89
2255.78	8581.16
2257.99	8588.42
2260.20	8595.69
2262.40	8602.96
2264.61	8610.23
2266.83	8617.51
2269.04	8624.79
2271.25	8632.07
2273.47	8639.36
2275.68	8646.65
2277.90	8653.95
2280.12	8661.25
2282.34	8668.55
2284.57	8675.85
2286.79	8683.16
2289.01	8690.48
2291.24	8697.79
2293.47	8705.11
2295.70	8712.43
2297.93	8719.76
2300.16	8727.09
2302.39	8734.42
2304.63	8741.76
2306.86	8749.10
2309.10	8756.45
2311.34	8763.79
2313.58	8771.14
2315.82	8778.50
2318.06	8785.86
2320.31	8793.22
2322.55	8800.58
2324.80	8807.95
2327.05	8815.32
2329.30	8822.70
2331.55	8830.08
2333.80	8837.46
2336.05	8844.85
2338.31	8852.24
2340.57	8859.63
2342.82	8867.03
2345.08	8874.43
2347.34	8881.83
2349.61	8889.24
2351.87	8896.65
2354.13	8904.07
2356.40	8911.48
2358.67	8918.91
2360.94	8926.33
2363.21	8933.76
2365.48	8941.19
2367.75	8948.63
2370.03	8956.07
2372.30	8963.51
2374.58	8970.96
2376.86	8978.41
2379.14	8985.86
2381.42	8993.32
2383.70	9000.78
2385.99	9008.24
2388.27	9015.71
2390.56	9023.18
2392.85	9030.66
2395.14	9038.14
2397.43	9045.62
2399.72	9053.10
2402.01	9060.59
2404.31	9068.09
2406.61	9075.58
2408.90	9083.08
2411.20	9090.59
2413.51	9098.10
2415.81	9105.61
2418.11	9113.12
2420.42	9120.64
2422.72	9128.16
2425.03	9135.69
2427.34	9143.22
2429.65	9150.75
2431.96	9158.28
2434.28	9165.82
2436.59	9173.37
2438.91	9180.92
2441.23	9188.47
2443.55	9196.02
2445.87	9203.58
2448.19	9211.14
2450.51	9218.71
2452.84	9226.27
2455.16	9233.85
2457.49	9241.42
2459.82	9249.00
2462.15	9256.59
2464.48	9264.17
2466.82	9271.76
2469.15	9279.36
2471.49	9286.96
2473.82	9294.56
2476.16	9302.16
2478.50	9309.77
2480.85	9317.38
2483.19	9325.00
2485.53	9332.62
2487.88	9340.24
2490.23	9347.87
2492.58	9355.50
2494.93	9363.14
2497.28	9370.77
2499.63	9378.42
2501.99	9386.06
2504.34	9393.71
2506.70	9401.36
2509.06	9409.02
2511.42	9416.68
2513.78	9424.34
2516.15	9432.01
2518.51	9439.68
2520.88	9447.36
2523.24	9455.03
2525.61	9462.72
2527.98	9470.40
2530.36	9478.09
2532.73	9485.78
2535.10	9493.48
2537.48	9501.18
2539.86	9508.89
2542.24	9516.59
2544.62	9524.30
2547.00	9532.02
2549.38	9539.74
2551.77	9547.46
2554.15	9555.19
2556.54	9562.92
2558.93	9570.65
2561.32	9578.39
2563.71	9586.13
2566.11	9593.87
2568.50	9601.62
2570.90	9609.37
2573.30	9617.13
2575.70	9624.89
2578.10	9632.65
2580.50	9640.42
2582.90	9648.19
2585.31	9655.96
2587.71	9663.74
2590.12	9671.52
2592.53	9679.31
2594.94	9687.10
2597.35	9694.89
2599.77	9702.69
2602.18	9710.49
2604.60	9718.29
2607.02	9726.10
2609.44	9733.91
2611.86	9741.72
2614.28	9749.54
2616.71	9757.36
2619.13	9765.19
2621.56	9773.02
2623.99	9780.85
2626.42	9788.69
2628.85	9796.53
2631.28	9804.38
2633.71	9812.23
2636.15	9820.08
2638.59	9827.94
2641.03	9835.79
2643.47	9843.66
2645.91	9851.53
2648.35	9859.40
2650.79	9867.27
2653.24	9875.15
2655.69	9883.03
2658.14	9890.92
2660.59	9898.81
2663.04	9906.70
2665.49	9914.60
2667.95	9922.50
2670.40	9930.41
2672.86	9938.31
2675.32	9946.23
2677.78	9954.14
2680.24	9962.06
2682.71	9969.99
2685.17	9977.91
2687.64	9985.84
2690.11	9993.78
2692.58	10001.72
2695.05	10009.66
2697.52	10017.61
2699.99	10025.56
2702.47	10033.51
2704.94	10041.47
2707.42	10049.43
2709.90	10057.40
2712.38	10065.37
2714.87	10073.34
2717.35	10081.31
2719.84	10089.30
2722.32	10097.28
2724.81	10105.27
2727.30	10113.26
2729.80	10121.25
2732.29	10129.25
2734.78	10137.26
2737.28	10145.26
2739.78	10153.28
2742.28	10161.29
2744.78	10169.31
2747.28	10177.33
2749.78	10185.36
2752.29	10193.39
2754.79	10201.42
2757.30	10209.46
2759.81	10217.50
2762.32	10225.54
2764.84	10233.59
2767.35	10241.65
2769.87	10249.70
2772.38	10257.76
2774.90	10265.83
2777.42	10273.90
2779.94	10281.97
2782.47	10290.04
2784.99	10298.12
2787.52	10306.21
2790.05	10314.29
2792.57	10322.39
2795.11	10330.48
2797.64	10338.58
2800.17	10346.68
2802.71	10354.79
2805.24	10362.90
2807.78	10371.01
2810.32	10379.13
2812.86	10387.25
2815.41	10395.38
2817.95	10403.51
2820.50	10411.64
2823.04	10419.78
2825.59	10427.92
2828.14	10436.07
2830.69	10444.21
2833.25	10452.37
2835.80	10460.52
2838.36	10468.69
2840.92	10476.85
2843.48	10485.02
2846.04	10493.19
2848.60	10501.37
2851.16	10509.55
2853.73	10517.73
2856.30	10525.92
2858.87	10534.11
2861.44	10542.31
2864.01	10550.51
2866.58	10558.71
2869.16	10566.92
2871.73	10575.13
2874.31	10583.34
2876.89	10591.56
2879.47	10599.78
2882.05	10608.01
2884.64	10616.24
2887.22	10624.48
2889.81	10632.71
2892.40	10640.96
2894.99	10649.20
2897.58	10657.45
2900.17	10665.71
2902.77	10673.97
2905.36	10682.23
2907.96	10690.49
2910.56	10698.76
2913.16	10707.04
2915.76	10715.32
2918.37	10723.60
2920.97	10731.88
2923.58	10740.17
2926.19	10748.47
2928.80	10756.76
2931.41	10765.06
2934.02	10773.37
2936.64	10781.68
2939.25	10789.99
2941.87	10798.31
2944.49	10806.63
2947.11	10814.96
2949.73	10823.28
2952.36	10831.62
2954.98	10839.95
2957.61	10848.29
2960.24	10856.64
2962.87	10864.99
2965.50	10873.34
2968.14	10881.70
2970.77	10890.06
2973.41	10898.42
2976.05	10906.79
2978.69	10915.16
2981.33	10923.54
2983.97	10931.92
2986.61	10940.31
2989.26	10948.70
2991.91	10957.09
2994.56	10965.48
2997.21	10973.88
2999.86	10982.29
3002.51	10990.70
3005.17	10999.11
3007.82	11007.53
3010.48	11015.95
3013.14	11024.37
3015.80	11032.80
3018.47	11041.23
3021.13	11049.67
3023.80	11058.11
3026.47	11066.55
3029.14	11075.00
3031.81	11083.46
3034.48	11091.91
3037.15	11100.37
3039.83	11108.84
3042.51	11117.31
3045.19	11125.78
3047.87	11134.26
3050.55	11142.74
3053.23	11151.22
3055.92	11159.71
3058.61	11168.20
3061.29	11176.70
3063.98	11185.20
3066.68	11193.71
3069.37	11202.22
3072.06	11210.73
3074.76	11219.25
3077.46	11227.77
3080.16	11236.29
3082.86	11244.82
3085.56	11253.36
3088.27	11261.89
3090.97	11270.44
3093.68	11278.98
3096.39	11287.53
3099.10	11296.09
3101.81	11304.64
3104.53	11313.21
3107.24	11321.77
3109.96	11330.34
3112.68	11338.92
3115.40	11347.50
3118.12	11356.08
3120.85	11364.67
3123.57	11373.26
3126.30	11381.85
3129.03	11390.45
3131.76	11399.05
3134.49	11407.66
3137.22	11416.27
3139.96	11424.89
3142.69	11433.51
3145.43	11442.13
3148.17	11450.76
3150.91	11459.39
3153.66	11468.03
3156.40	11476.67
3159.15	11485.31
3161.90	11493.96
3164.65	11502.62
3167.40	11511.27
3170.15	11519.93
3172.91	11528.60
3175.66	11537.27
3178.42	11545.94
3181.18	11554.62
3183.94	11563.30
3186.70	11571.99
3189.47	11580.68
3192.23	11589.37
3195.00	11598.07
3197.77	11606.78
3200.54	11615.48
3203.31	11624.19
3206.09	11632.91
3208.87	11641.63
3211.64	11650.35
3214.42	11659.08
3217.20	11667.81
3219.99	11676.55
3222.77	11685.29
3225.56	11694.03
3228.34	11702.78
3231.13	11711.54
3233.92	11720.29
3236.72	11729.06
3239.51	11737.82
3242.30	11746.59
3245.10	11755.37
3247.90	11764.15
3250.70	11772.93
3253.50	11781.71
3256.31	11790.51
3259.11	11799.30
3261.92	11808.10
3264.73	11816.91
3267.54	11825.71
3270.35	11834.53
3273.17	11843.34
3275.98	11852.16
3278.80	11860.99
3281.62	11869.82
3284.44	11878.65
3287.26	11887.49
3290.09	11896.33
3292.91	11905.18
3295.74	11914.03
3298.57	11922.88
3301.40	11931.74
3304.23	11940.61
3307.07	11949.48
3309.90	11958.35
3312.74	11967.22
3315.58	11976.11
3318.42	11984.99
3321.26	11993.88
3324.11	12002.77
3326.95	12011.67
3329.80	12020.57
3332.65	12029.48
3335.50	12038.39
3338.35	12047.31
3341.21	12056.23
3344.06	12065.15
3346.92	12074.08
3349.78	12083.01
3352.64	12091.95
3355.50	12100.89
3358.37	12109.83
3361.24	12118.78
3364.10	12127.74
3366.97	12136.70
3369.84	12145.66
3372.72	12154.63
3375.59	12163.60
3378.47	12172.57
3381.35	12181.55
3384.23	12190.54
3387.11	12199.53
3389.99	12208.52
3392.88	12217.52
3395.76	12226.52
3398.65	12235.53
3401.54	12244.54
3404.43	12253.55
3407.33	12262.57
3410.22	12271.60
3413.12	12280.62
3416.02	12289.66
3418.92	12298.69
3421.82	12307.73
3424.73	12316.78
3427.63	12325.83
3430.54	12334.89
3433.45	12343.94
3436.36	12353.01
3439.27	12362.08
3442.19	12371.15
3445.10	12380.22
3448.02	12389.31
3450.94	12398.39
3453.86	12407.48
3456.78	12416.58
3459.71	12425.67
3462.63	12434.78
3465.56	12443.89
3468.49	12453.00
3471.42	12462.11
3474.36	12471.23
3477.29	12480.36
3480.23	12489.49
3483.17	12498.62
3486.11	12507.76
3489.05	12516.91
3492.00	12526.05
3494.94	12535.21
3497.89	12544.36
3500.84	12553.52
3503.79	12562.69
3506.74	12571.86
3509.70	12581.03
3512.65	12590.21
3515.61	12599.40
3518.57	12608.58
3521.53	12617.78
3524.49	12626.97
3527.46	12636.17
3530.43	12645.38
3533.39	12654.59
3536.36	12663.81
3539.34	12673.02
3542.31	12682.25
3545.29	12691.48
3548.26	12700.71
3551.24	12709.95
3554.22	12719.19
3557.21	12728.44
3560.19	12737.69
3563.18	12746.94
3566.16	12756.20
3569.15	12765.47
3572.15	12774.74
3575.14	12784.01
3578.13	12793.29
3581.13	12802.57
3584.13	12811.86
3587.13	12821.15
3590.13	12830.45
3593.14	12839.75
3596.14	12849.05
3599.15	12858.36
3602.16	12867.68
3605.17	12877.00
3608.18	12886.32
3611.20	12895.65
3614.21	12904.98
3617.23	12914.32
3620.25	12923.66
3623.28	12933.01
3626.30	12942.36
3629.32	12951.71
3632.35	12961.07
3635.38	12970.44
3638.41	12979.81
3641.45	12989.18
3644.48	12998.56
3647.52	13007.95
3650.55	13017.33
3653.59	13026.73
3656.64	13036.12
3659.68	13045.53
3662.73	13054.93
3665.77	13064.34
3668.82	13073.76
3671.87	13083.18
3674.93	13092.60
3677.98	13102.03
3681.04	13111.47
3684.09	13120.91
3687.15	13130.35
3690.22	13139.80
3693.28	13149.25
3696.34	13158.71
3699.41	13168.17
3702.48	13177.64
3705.55	13187.11
3708.63	13196.59
3711.70	13206.07
3714.78	13215.55
3717.85	13225.04
3720.93	13234.54
3724.02	13244.04
3727.10	13253.54
3730.19	13263.05
3733.27	13272.56
3736.36	13282.08
3739.45	13291.61
3742.55	13301.13
3745.64	13310.67
3748.74	13320.20
3751.84	13329.75
3754.94	13339.29
3758.04	13348.84
3761.14	13358.40
3764.25	13367.96
3767.36	13377.53
3770.47	13387.10
3773.58	13396.67
3776.69	13406.25
3779.81	13415.83
3782.92	13425.42
3786.04	13435.02
3789.16	13444.62
3792.29	13454.22
3795.41	13463.83
3798.54	13473.44
3801.66	13483.06
3804.79	13492.68
3807.93	13502.31
3811.06	13511.94
3814.20	13521.58
3817.33	13531.22
3820.47	13540.86
3823.61	13550.51
3826.76	13560.17
3829.90	13569.83
3833.05	13579.50
3836.20	13589.17
3839.35	13598.84
3842.50	13608.52
3845.66	13618.21
3848.81	13627.89
3851.97	13637.59
3855.13	13647.29
3858.29	13656.99
3861.46	13666.70
3864.62	13676.41
3867.79	13686.13
3870.96	13695.85
3874.13	13705.58
3877.30	13715.31
3880.48	13725.05
3883.66	13734.79
3886.83	13744.54
3890.02	13754.29
3893.20	13764.05
3896.38	13773.81
3899.57	13783.58
3902.76	13793.35
3905.95	13803.12
3909.14	13812.90
3912.33	13822.69
3915.53	13832.48
3918.73	13842.28
3921.93	13852.08
3925.13	13861.88
3928.33	13871.69
3931.54	13881.51
3934.75	13891.33
3937.96	13901.15
3941.17	13910.98
3944.38	13920.81
3947.60	13930.65
3950.81	13940.50
3954.03	13950.35
3957.25	13960.20
3960.48	13970.06
3963.70	13979.92
3966.93	13989.79
3970.16	13999.67
3973.39	14009.54
3976.62	14019.43
3979.85	14029.32
3983.09	14039.21
3986.33	14049.11
3989.57	14059.01
3992.81	14068.92
3996.05	14078.83
3999.30	14088.75
4002.55	14098.67
4005.80	14108.60
4009.05	14118.53
4012.30	14128.47
4015.56	14138.41
4018.82	14148.36
4022.07	14158.31
4025.34	14168.27
4028.60	14178.23
4031.86	14188.20
4035.13	14198.17
4038.40	14208.15
4041.67	14218.13
4044.95	14228.12
4048.22	14238.11
4051.50	14248.11
4054.78	14258.11
4058.06	14268.12
4061.34	14278.13
4064.62	14288.14
4067.91	14298.17
4071.20	14308.19
4074.49	14318.23
4077.78	14328.26
4081.08	14338.30
4084.37	14348.35
4087.67	14358.40
4090.97	14368.46
4094.28	14378.52
4097.58	14388.59
4100.89	14398.66
4104.20	14408.74
4107.51	14418.82
4110.82	14428.91
4114.13	14439.00
4117.45	14449.10
4120.77	14459.20
4124.09	14469.31
4127.41	14479.42
4130.73	14489.54
4134.06	14499.66
4137.39	14509.79
4140.72	14519.92
4144.05	14530.06
4147.38	14540.20
4150.72	14550.35
4154.06	14560.50
4157.40	14570.66
4160.74	14580.82
4164.08	14590.99
4167.43	14601.16
4170.78	14611.34
4174.13	14621.52
4177.48	14631.71
4180.83	14641.90
4184.19	14652.10
4187.55	14662.31
4190.91	14672.52
4194.27	14682.73
4197.63	14692.95
4201.00	14703.17
4204.37	14713.40
4207.74	14723.64
4211.11	14733.88
4214.48	14744.12
4217.86	14754.37
4221.24	14764.62
4224.62	14774.88
4228.00	14785.15
4231.38	14795.42
4234.77	14805.69
4238.16	14815.98
4241.55	14826.26
4244.94	14836.55
4248.34	14846.85
4251.73	14857.15
4255.13	14867.46
4258.53	14877.77
4261.93	14888.08
4265.34	14898.40
4268.74	14908.73
4272.15	14919.06
4275.56	14929.40
4278.97	14939.74
4282.39	14950.09
4285.80	14960.44
4289.22	14970.80
4292.64	14981.17
4296.07	14991.53
4299.49	15001.91
4302.92	15012.29
4306.35	15022.67
4309.78	15033.06
4313.21	15043.45
4316.64	15053.85
4320.08	15064.26
4323.52	15074.67
4326.96	15085.08
4330.40	15095.50
