t(c)	y(m)
0.000	0.00
0.010	0.10
0.020	0.21
0.030	0.31
0.040	0.43
0.050	0.54
0.060	0.66
0.070	0.78
0.080	0.91
0.090	1.04
0.100	1.17
0.110	1.31
0.120	1.45
0.130	1.59
0.140	1.73
0.150	1.88
0.160	2.04
0.170	2.19
0.180	2.36
0.190	2.52
0.200	2.69
0.210	2.86
0.220	3.03
0.230	3.21
0.240	3.39
0.250	3.57
0.260	3.76
0.270	3.95
0.280	4.15
0.290	4.35
0.300	4.55
0.310	4.76
0.320	4.97
0.330	5.18
0.340	5.39
0.350	5.61
0.360	5.84
0.370	6.06
0.380	6.29
0.390	6.53
0.400	6.76
0.410	7.00
0.420	7.25
0.430	7.50
0.440	7.75
0.450	8.00
0.460	8.26
0.470	8.52
0.480	8.78
0.490	9.05
0.500	9.33
0.510	9.60
0.520	9.88
0.530	10.16
0.540	10.45
0.550	10.74
0.560	11.03
0.570	11.33
0.580	11.63
0.590	11.93
0.600	12.24
0.610	12.55
0.620	12.86
0.630	13.18
0.640	13.50
0.650	13.82
0.660	14.15
0.670	14.48
0.680	14.82
0.690	15.16
0.700	15.50
0.710	15.84
0.720	16.19
0.730	16.55
0.740	16.90
0.750	17.26
0.760	17.62
0.770	17.99
0.780	18.36
0.790	18.74
0.800	19.11
0.810	19.49
0.820	19.88
0.830	20.26
0.840	20.66
0.850	21.05
0.860	21.45
0.870	21.85
0.880	22.26
0.890	22.66
0.900	23.08
0.910	23.49
0.920	23.91
0.930	24.34
0.940	24.76
0.950	25.19
0.960	25.63
0.970	26.06
0.980	26.50
0.990	26.95
1.000	27.39
1.010	27.85
1.020	28.30
1.030	28.76
1.040	29.22
1.050	29.69
1.060	30.15
1.070	30.63
1.080	31.10
1.090	31.58
1.100	32.06
1.110	32.55
1.120	33.04
1.130	33.53
1.140	34.03
1.150	34.53
1.160	35.04
1.170	35.54
1.180	36.06
1.190	36.57
1.200	37.09
1.210	37.61
1.220	38.14
1.230	38.66
1.240	39.20
1.250	39.73
1.260	40.27
1.270	40.82
1.280	41.36
1.290	41.91
1.300	42.47
1.310	43.02
1.320	43.58
1.330	44.15
1.340	44.72
1.350	45.29
1.360	45.86
1.370	46.44
1.380	47.02
1.390	47.61
1.400	48.20
1.410	48.79
1.420	49.39
1.430	49.99
1.440	50.59
1.450	51.20
1.460	51.81
1.470	52.42
1.480	53.04
1.490	53.66
1.500	54.29
1.510	54.92
1.520	55.55
1.530	56.18
1.540	56.82
1.550	57.46
1.560	58.11
1.570	58.76
1.580	59.41
1.590	60.07
1.600	60.73
1.610	61.40
1.620	62.06
1.630	62.73
1.640	63.41
1.650	64.09
1.660	64.77
1.670	65.45
1.680	66.14
1.690	66.84
1.700	67.53
1.710	68.23
1.720	68.93
1.730	69.64
1.740	70.35
1.750	71.07
1.760	71.78
1.770	72.50
1.780	73.23
1.790	73.96
1.800	74.69
1.810	75.42
1.820	76.16
1.830	76.91
1.840	77.65
1.850	78.40
1.860	79.16
1.870	79.91
1.880	80.67
1.890	81.44
1.900	82.21
1.910	82.98
1.920	83.75
1.930	84.53
1.940	85.31
1.950	86.10
1.960	86.89
1.970	87.68
1.980	88.48
1.990	89.28
2.000	90.08
2.010	90.89
2.020	91.70
2.030	92.51
2.040	93.33
2.050	94.15
2.060	94.98
2.070	95.80
2.080	96.64
2.090	97.47
2.100	98.31
2.110	99.15
2.120	100.00
2.130	100.85
2.140	101.71
2.150	102.56
2.160	103.42
2.170	104.29
2.180	105.16
2.190	106.03
2.200	106.90
2.210	107.78
2.220	108.66
2.230	109.55
2.240	110.44
2.250	111.33
2.260	112.23
2.270	113.13
2.280	114.04
2.290	114.94
2.300	115.86
2.310	116.77
2.320	117.69
2.330	118.61
2.340	119.54
2.350	120.47
2.360	121.40
2.370	122.34
2.380	123.28
2.390	124.22
2.400	125.17
2.410	126.12
2.420	127.07
2.430	128.03
2.440	128.99
2.450	129.96
2.460	130.93
2.470	131.90
2.480	132.88
2.490	133.86
2.500	134.84
2.510	135.83
2.520	136.82
2.530	137.81
2.540	138.81
2.550	139.81
2.560	140.82
2.570	141.83
2.580	142.84
2.590	143.86
2.600	144.88
2.610	145.90
2.620	146.93
2.630	147.96
2.640	148.99
2.650	150.03
2.660	151.07
2.670	152.12
2.680	153.16
2.690	154.22
2.700	155.27
2.710	156.33
2.720	157.40
2.730	158.46
2.740	159.53
2.750	160.61
2.760	161.68
2.770	162.77
2.780	163.85
2.790	164.94
2.800	166.03
2.810	167.13
2.820	168.23
2.830	169.33
2.840	170.44
2.850	171.55
2.860	172.66
2.870	173.78
2.880	174.90
2.890	176.03
2.900	177.15
2.910	178.29
2.920	179.42
2.930	180.56
2.940	181.71
2.950	182.85
2.960	184.00
2.970	185.16
2.980	186.31
2.990	187.48
3.000	188.64
3.010	189.81
3.020	190.98
3.030	192.16
3.040	193.34
3.050	194.52
3.060	195.71
3.070	196.90
3.080	198.09
3.090	199.29
3.100	200.49
3.110	201.70
3.120	202.90
3.130	204.12
3.140	205.33
3.150	206.55
3.160	207.78
3.170	209.00
3.180	210.23
3.190	211.47
3.200	212.71
3.210	213.95
3.220	215.19
3.230	216.44
3.240	217.69
3.250	218.95
3.260	220.21
3.270	221.47
3.280	222.74
3.290	224.01
3.300	225.28
3.310	226.56
3.320	227.84
3.330	229.13
3.340	230.42
3.350	231.71
3.360	233.01
3.370	234.31
3.380	235.61
3.390	236.92
3.400	238.23
3.410	239.54
3.420	240.86
3.430	242.18
3.440	243.51
3.450	244.84
3.460	246.17
3.470	247.51
3.480	248.85
3.490	250.19
3.500	251.54
3.510	252.89
3.520	254.25
3.530	255.60
3.540	256.97
3.550	258.33
3.560	259.70
3.570	261.08
3.580	262.45
3.590	263.83
3.600	265.22
3.610	266.60
3.620	268.00
3.630	269.39
3.640	270.79
3.650	272.19
3.660	273.60
3.670	275.01
3.680	276.42
3.690	277.84
3.700	279.26
3.710	280.69
3.720	282.11
3.730	283.55
3.740	284.98
3.750	286.42
3.760	287.86
3.770	289.31
3.780	290.76
3.790	292.21
3.800	293.67
3.810	295.13
3.820	296.60
3.830	298.07
3.840	299.54
3.850	301.02
3.860	302.49
3.870	303.98
3.880	305.47
3.890	306.96
3.900	308.45
3.910	309.95
3.920	311.45
3.930	312.96
3.940	314.46
3.950	315.98
3.960	317.49
3.970	319.01
3.980	320.54
3.990	322.07
4.000	323.60
4.010	325.13
4.020	326.67
4.030	328.21
4.040	329.76
4.050	331.31
4.060	332.86
4.070	334.42
4.080	335.98
4.090	337.54
4.100	339.11
4.110	340.68
4.120	342.26
4.130	343.84
4.140	345.42
4.150	347.01
4.160	348.60
4.170	350.19
4.180	351.79
4.190	353.39
4.200	355.00
4.210	356.61
4.220	358.22
4.230	359.83
4.240	361.45
4.250	363.08
4.260	364.70
4.270	366.33
4.280	367.97
4.290	369.61
4.300	371.25
4.310	372.90
4.320	374.54
4.330	376.20
4.340	377.85
4.350	379.51
4.360	381.18
4.370	382.85
4.380	384.52
4.390	386.19
4.400	387.87
4.410	389.56
4.420	391.24
4.430	392.93
4.440	394.63
4.450	396.32
4.460	398.02
4.470	399.73
4.480	401.44
4.490	403.15
4.500	404.87
4.510	406.59
4.520	408.31
4.530	410.04
4.540	411.77
4.550	413.50
4.560	415.24
4.570	416.98
4.580	418.73
4.590	420.48
4.600	422.23
4.610	423.99
4.620	425.75
4.630	427.51
4.640	429.28
4.650	431.05
4.660	432.82
4.670	434.60
4.680	436.39
4.690	438.17
4.700	439.96
4.710	441.76
4.720	443.55
4.730	445.36
4.740	447.16
4.750	448.97
4.760	450.78
4.770	452.60
4.780	454.42
4.790	456.24
4.800	458.07
4.810	459.90
4.820	461.73
4.830	463.57
4.840	465.41
4.850	467.26
4.860	469.11
4.870	470.96
4.880	472.82
4.890	474.68
4.900	476.55
4.910	478.41
4.920	480.29
4.930	482.16
4.940	484.04
4.950	485.92
4.960	487.81
4.970	489.70
4.980	491.59
4.990	493.49
5.000	495.39
5.010	497.30
5.020	499.21
5.030	501.12
5.040	503.04
5.050	504.96
5.060	506.88
5.070	508.81
5.080	510.74
5.090	512.68
5.100	514.61
5.110	516.56
5.120	518.50
5.130	520.45
5.140	522.41
5.150	524.36
5.160	526.32
5.170	528.29
5.180	530.26
5.190	532.23
5.200	534.21
5.210	536.18
5.220	538.17
5.230	540.16
5.240	542.15
5.250	544.14
5.260	546.14
5.270	548.14
5.280	550.15
5.290	552.15
5.300	554.17
5.310	556.18
5.320	558.20
5.330	560.23
5.340	562.26
5.350	564.29
5.360	566.32
5.370	568.36
5.380	570.40
5.390	572.45
5.400	574.50
5.410	576.55
5.420	578.61
5.430	580.67
5.440	582.74
5.450	584.81
5.460	586.88
5.470	588.96
5.480	591.03
5.490	593.12
5.500	595.21
5.510	597.30
5.520	599.39
5.530	601.49
5.540	603.59
5.550	605.70
5.560	607.81
5.570	609.92
5.580	612.03
5.590	614.16
5.600	616.28
5.610	618.41
5.620	620.54
5.630	622.67
5.640	624.81
5.650	626.95
5.660	629.10
5.670	631.25
5.680	633.40
5.690	635.56
5.700	637.72
5.710	639.89
5.720	642.06
5.730	644.23
5.740	646.40
5.750	648.58
5.760	650.77
5.770	652.95
5.780	655.14
5.790	657.34
5.800	659.54
5.810	661.74
5.820	663.94
5.830	666.15
5.840	668.36
5.850	670.58
5.860	672.80
5.870	675.02
5.880	677.25
5.890	679.48
5.900	681.72
5.910	683.96
5.920	686.20
5.930	688.44
5.940	690.69
5.950	692.95
5.960	695.20
5.970	697.46
5.980	699.73
5.990	702.00
6.000	704.27
6.010	706.54
6.020	708.82
6.030	711.10
6.040	713.39
6.050	715.68
6.060	717.97
6.070	720.27
6.080	722.57
6.090	724.88
6.100	727.19
6.110	729.50
6.120	731.81
6.130	734.13
6.140	736.46
6.150	738.78
6.160	741.11
6.170	743.45
6.180	745.78
6.190	748.13
6.200	750.47
6.210	752.82
6.220	755.17
6.230	757.53
6.240	759.89
6.250	762.25
6.260	764.62
6.270	766.99
6.280	769.36
6.290	771.74
6.300	774.12
6.310	776.51
6.320	778.90
6.330	781.29
6.340	783.68
6.350	786.08
6.360	788.49
6.370	790.89
6.380	793.31
6.390	795.72
6.400	798.14
6.410	800.56
6.420	802.99
6.430	805.41
6.440	807.85
6.450	810.28
6.460	812.72
6.470	815.17
6.480	817.61
6.490	820.06
6.500	822.52
6.510	824.98
6.520	827.44
6.530	829.90
6.540	832.37
6.550	834.85
6.560	837.32
6.570	839.80
6.580	842.29
6.590	844.77
6.600	847.26
6.610	849.76
6.620	852.26
6.630	854.76
6.640	857.26
6.650	859.77
6.660	862.29
6.670	864.80
6.680	867.32
6.690	869.84
6.700	872.37
6.710	874.90
6.720	877.44
6.730	879.98
6.740	882.52
6.750	885.06
6.760	887.61
6.770	890.16
6.780	892.72
6.790	895.28
6.800	897.84
6.810	900.41
6.820	902.98
6.830	905.55
6.840	908.13
6.850	910.71
6.860	913.30
6.870	915.89
6.880	918.48
6.890	921.07
6.900	923.67
6.910	926.28
6.920	928.88
6.930	931.49
6.940	934.11
6.950	936.72
6.960	939.34
6.970	941.97
6.980	944.60
6.990	947.23
7.000	949.86
7.010	952.50
7.020	955.14
7.030	957.79
7.040	960.44
7.050	963.09
7.060	965.75
7.070	968.41
7.080	971.07
7.090	973.74
7.100	976.41
7.110	979.09
7.120	981.77
7.130	984.45
7.140	987.13
7.150	989.82
7.160	992.51
7.170	995.21
7.180	997.91
7.190	1000.61
7.200	1003.32
7.210	1006.03
7.220	1008.74
7.230	1011.46
7.240	1014.18
7.250	1016.91
7.260	1019.64
7.270	1022.37
7.280	1025.10
7.290	1027.84
7.300	1030.58
7.310	1033.33
7.320	1036.08
7.330	1038.83
7.340	1041.59
7.350	1044.35
7.360	1047.11
7.370	1049.88
7.380	1052.65
7.390	1055.42
7.400	1058.20
7.410	1060.98
7.420	1063.77
7.430	1066.55
7.440	1069.35
7.450	1072.14
7.460	1074.94
7.470	1077.74
7.480	1080.55
7.490	1083.36
7.500	1086.17
7.510	1088.99
7.520	1091.81
7.530	1094.63
7.540	1097.46
7.550	1100.29
7.560	1103.12
7.570	1105.96
7.580	1108.80
7.590	1111.64
7.600	1114.49
7.610	1117.34
7.620	1120.20
7.630	1123.05
7.640	1125.92
7.650	1128.78
7.660	1131.65
7.670	1134.52
7.680	1137.40
7.690	1140.28
7.700	1143.16
7.710	1146.05
7.720	1148.94
7.730	1151.83
7.740	1154.72
7.750	1157.62
7.760	1160.53
7.770	1163.43
7.780	1166.34
7.790	1169.26
7.800	1172.18
7.810	1175.10
7.820	1178.02
7.830	1180.95
7.840	1183.88
7.850	1186.81
7.860	1189.75
7.870	1192.69
7.880	1195.64
7.890	1198.58
7.900	1201.53
7.910	1204.49
7.920	1207.45
7.930	1210.41
7.940	1213.37
7.950	1216.34
7.960	1219.32
7.970	1222.29
7.980	1225.27
7.990	1228.25
8.000	1231.24
8.010	1234.23
8.020	1237.22
8.030	1240.21
8.040	1243.21
8.050	1246.22
8.060	1249.22
8.070	1252.23
8.080	1255.24
8.090	1258.26
8.100	1261.28
8.110	1264.30
8.120	1267.33
8.130	1270.36
8.140	1273.39
8.150	1276.43
8.160	1279.47
8.170	1282.51
8.180	1285.56
8.190	1288.61
8.200	1291.66
8.210	1294.72
8.220	1297.78
8.230	1300.84
8.240	1303.91
8.250	1306.98
8.260	1310.05
8.270	1313.13
8.280	1316.21
8.290	1319.29
8.300	1322.38
8.310	1325.47
8.320	1328.56
8.330	1331.66
8.340	1334.76
8.350	1337.86
8.360	1340.97
8.370	1344.08
8.380	1347.19
8.390	1350.31
8.400	1353.43
8.410	1356.55
8.420	1359.68
8.430	1362.81
8.440	1365.94
8.450	1369.07
8.460	1372.21
8.470	1375.36
8.480	1378.50
8.490	1381.65
8.500	1384.81
8.510	1387.96
8.520	1391.12
8.530	1394.28
8.540	1397.45
8.550	1400.62
8.560	1403.79
8.570	1406.97
8.580	1410.15
8.590	1413.33
8.600	1416.52
8.610	1419.71
8.620	1422.90
8.630	1426.09
8.640	1429.29
8.650	1432.49
8.660	1435.70
8.670	1438.91
8.680	1442.12
8.690	1445.33
8.700	1448.55
8.710	1451.77
8.720	1455.00
8.730	1458.23
8.740	1461.46
8.750	1464.69
8.760	1467.93
8.770	1471.17
8.780	1474.41
8.790	1477.66
8.800	1480.91
8.810	1484.17
8.820	1487.42
8.830	1490.68
8.840	1493.95
8.850	1497.21
8.860	1500.48
8.870	1503.76
8.880	1507.03
8.890	1510.31
8.900	1513.59
8.910	1516.88
8.920	1520.17
8.930	1523.46
8.940	1526.76
8.950	1530.05
8.960	1533.36
8.970	1536.66
8.980	1539.97
8.990	1543.28
9.000	1546.59
9.010	1549.91
9.020	1553.23
9.030	1556.56
9.040	1559.88
9.050	1563.21
9.060	1566.55
9.070	1569.88
9.080	1573.22
9.090	1576.56
9.100	1579.91
9.110	1583.26
9.120	1586.61
9.130	1589.97
9.140	1593.32
9.150	1596.69
9.160	1600.05
9.170	1603.42
9.180	1606.79
9.190	1610.16
9.200	1613.54
9.210	1616.92
9.220	1620.31
9.230	1623.69
9.240	1627.08
9.250	1630.47
9.260	1633.87
9.270	1637.27
9.280	1640.67
9.290	1644.08
9.300	1647.49
9.310	1650.90
9.320	1654.31
9.330	1657.73
9.340	1661.15
9.350	1664.58
9.360	1668.00
9.370	1671.43
9.380	1674.87
9.390	1678.30
9.400	1681.74
9.410	1685.19
9.420	1688.63
9.430	1692.08
9.440	1695.53
9.450	1698.99
9.460	1702.45
9.470	1705.91
9.480	1709.37
9.490	1712.84
9.500	1716.31
9.510	1719.78
9.520	1723.26
9.530	1726.74
9.540	1730.22
9.550	1733.71
9.560	1737.20
9.570	1740.69
9.580	1744.19
9.590	1747.69
9.600	1751.19
9.610	1754.69
9.620	1758.20
9.630	1761.71
9.640	1765.22
9.650	1768.74
9.660	1772.26
9.670	1775.78
9.680	1779.31
9.690	1782.84
9.700	1786.37
9.710	1789.91
9.720	1793.45
9.730	1796.99
9.740	1800.53
9.750	1804.08
9.760	1807.63
9.770	1811.18
9.780	1814.74
9.790	1818.30
9.800	1821.86
9.810	1825.43
9.820	1829.00
9.830	1832.57
9.840	1836.15
9.850	1839.72
9.860	1843.30
9.870	1846.89
9.880	1850.48
9.890	1854.07
9.900	1857.66
9.910	1861.26
9.920	1864.86
9.930	1868.46
9.940	1872.06
9.950	1875.67
9.960	1879.28
9.970	1882.90
9.980	1886.52
9.990	1890.14
10.000	1893.76
10.010	1897.39
10.020	1901.02
10.030	1904.65
10.040	1908.29
10.050	1911.93
10.060	1915.57
10.070	1919.21
10.080	1922.86
10.090	1926.51
10.100	1930.17
10.110	1933.82
10.120	1937.48
10.130	1941.15
10.140	1944.81
10.150	1948.48
10.160	1952.15
10.170	1955.83
10.180	1959.51
10.190	1963.19
10.200	1966.87
10.210	1970.56
10.220	1974.25
10.230	1977.94
10.240	1981.64
10.250	1985.34
10.260	1989.04
10.270	1992.75
10.280	1996.45
10.290	2000.17
10.300	2003.88
10.310	2007.60
10.320	2011.32
10.330	2015.04
10.340	2018.77
10.350	2022.50
10.360	2026.23
10.370	2029.96
10.380	2033.70
10.390	2037.44
10.400	2041.19
10.410	2044.94
10.420	2048.69
10.430	2052.44
10.440	2056.20
10.450	2059.96
10.460	2063.72
10.470	2067.49
10.480	2071.25
10.490	2075.03
10.500	2078.80
10.510	2082.58
10.520	2086.36
10.530	2090.14
10.540	2093.93
10.550	2097.72
10.560	2101.51
10.570	2105.31
10.580	2109.11
10.590	2112.91
10.600	2116.71
10.610	2120.52
10.620	2124.33
10.630	2128.14
10.640	2131.96
10.650	2135.78
10.660	2139.60
10.670	2143.43
10.680	2147.26
10.690	2151.09
10.700	2154.92
10.710	2158.76
10.720	2162.60
10.730	2166.45
10.740	2170.29
10.750	2174.14
10.760	2178.00
10.770	2181.85
10.780	2185.71
10.790	2189.57
10.800	2193.44
10.810	2197.31
10.820	2201.18
10.830	2205.05
10.840	2208.93
10.850	2212.81
10.860	2216.69
10.870	2220.58
10.880	2224.46
10.890	2228.36
10.900	2232.25
10.910	2236.15
10.920	2240.05
10.930	2243.95
10.940	2247.86
10.950	2251.77
10.960	2255.68
10.970	2259.60
10.980	2263.52
10.990	2267.44
11.000	2271.36
11.010	2275.29
11.020	2279.22
11.030	2283.16
11.040	2287.09
11.050	2291.03
11.060	2294.98
11.070	2298.92
11.080	2302.87
11.090	2306.82
11.100	2310.78
11.110	2314.73
11.120	2318.70
11.130	2322.66
11.140	2326.63
11.150	2330.60
11.160	2334.57
11.170	2338.54
11.180	2342.52
11.190	2346.51
11.200	2350.49
11.210	2354.48
11.220	2358.47
11.230	2362.46
11.240	2366.46
11.250	2370.46
11.260	2374.46
11.270	2378.47
11.280	2382.48
11.290	2386.49
11.300	2390.50
11.310	2394.52
11.320	2398.54
11.330	2402.56
11.340	2406.59
11.350	2410.62
11.360	2414.65
11.370	2418.69
11.380	2422.73
11.390	2426.77
11.400	2430.81
11.410	2434.86
11.420	2438.91
11.430	2442.97
11.440	2447.02
11.450	2451.08
11.460	2455.14
11.470	2459.21
11.480	2463.28
11.490	2467.35
11.500	2471.42
11.510	2475.50
11.520	2479.58
11.530	2483.66
11.540	2487.75
11.550	2491.84
11.560	2495.93
11.570	2500.03
11.580	2504.13
11.590	2508.23
11.600	2512.33
11.610	2516.44
11.620	2520.55
11.630	2524.66
11.640	2528.78
11.650	2532.90
11.660	2537.02
11.670	2541.15
11.680	2545.27
11.690	2549.40
11.700	2553.54
11.710	2557.68
11.720	2561.82
11.730	2565.96
11.740	2570.11
11.750	2574.25
11.760	2578.41
11.770	2582.56
11.780	2586.72
11.790	2590.88
11.800	2595.04
11.810	2599.21
11.820	2603.38
11.830	2607.55
11.840	2611.73
11.850	2615.91
11.860	2620.09
11.870	2624.27
11.880	2628.46
11.890	2632.65
11.900	2636.85
11.910	2641.04
11.920	2645.24
11.930	2649.45
11.940	2653.65
11.950	2657.86
11.960	2662.07
11.970	2666.29
11.980	2670.50
11.990	2674.72
12.000	2678.95
12.010	2683.17
12.020	2687.40
12.030	2691.64
12.040	2695.87
12.050	2700.11
12.060	2704.35
12.070	2708.59
12.080	2712.84
12.090	2717.09
12.100	2721.34
12.110	2725.60
12.120	2729.86
12.130	2734.12
12.140	2738.39
12.150	2742.66
12.160	2746.93
12.170	2751.20
12.180	2755.48
12.190	2759.76
12.200	2764.04
12.210	2768.33
12.220	2772.61
12.230	2776.91
12.240	2781.20
12.250	2785.50
12.260	2789.80
12.270	2794.10
12.280	2798.41
12.290	2802.72
12.300	2807.03
12.310	2811.35
12.320	2815.67
12.330	2819.99
12.340	2824.31
12.350	2828.64
12.360	2832.97
12.370	2837.30
12.380	2841.64
12.390	2845.98
12.400	2850.32
12.410	2854.67
12.420	2859.01
12.430	2863.37
12.440	2867.72
12.450	2872.08
12.460	2876.44
12.470	2880.80
12.480	2885.16
12.490	2889.53
12.500	2893.91
12.510	2898.28
12.520	2902.66
12.530	2907.04
12.540	2911.42
12.550	2915.81
12.560	2920.20
12.570	2924.59
12.580	2928.99
12.590	2933.38
12.600	2937.79
12.610	2942.19
12.620	2946.60
12.630	2951.01
12.640	2955.42
12.650	2959.84
12.660	2964.25
12.670	2968.68
12.680	2973.10
12.690	2977.53
12.700	2981.96
12.710	2986.39
12.720	2990.83
12.730	2995.27
12.740	2999.71
12.750	3004.16
12.760	3008.61
12.770	3013.06
12.780	3017.51
12.790	3021.97
12.800	3026.43
12.810	3030.89
12.820	3035.36
12.830	3039.83
12.840	3044.30
12.850	3048.77
12.860	3053.25
12.870	3057.73
12.880	3062.22
12.890	3066.70
12.900	3071.19
12.910	3075.69
12.920	3080.18
12.930	3084.68
12.940	3089.18
12.950	3093.68
12.960	3098.19
12.970	3102.70
12.980	3107.21
12.990	3111.73
13.000	3116.25
13.010	3120.77
13.020	3125.30
13.030	3129.82
13.040	3134.35
13.050	3138.89
13.060	3143.42
13.070	3147.96
13.080	3152.51
13.090	3157.05
13.100	3161.60
13.110	3166.15
13.120	3170.70
13.130	3175.26
13.140	3179.82
13.150	3184.38
13.160	3188.95
13.170	3193.52
13.180	3198.09
13.190	3202.67
13.200	3207.24
13.210	3211.82
13.220	3216.41
13.230	3220.99
13.240	3225.58
13.250	3230.17
13.260	3234.77
13.270	3239.37
13.280	3243.97
13.290	3248.57
13.300	3253.18
13.310	3257.79
13.320	3262.40
13.330	3267.02
13.340	3271.63
13.350	3276.26
13.360	3280.88
13.370	3285.51
13.380	3290.14
13.390	3294.77
13.400	3299.41
13.410	3304.04
13.420	3308.69
13.430	3313.33
13.440	3317.98
13.450	3322.63
13.460	3327.28
13.470	3331.94
13.480	3336.60
13.490	3341.26
13.500	3345.93
13.510	3350.59
13.520	3355.27
13.530	3359.94
13.540	3364.62
13.550	3369.30
13.560	3373.98
13.570	3378.66
13.580	3383.35
13.590	3388.04
13.600	3392.74
13.610	3397.44
13.620	3402.14
13.630	3406.84
13.640	3411.55
13.650	3416.25
13.660	3420.97
13.670	3425.68
13.680	3430.40
13.690	3435.12
13.700	3439.84
13.710	3444.57
13.720	3449.30
13.730	3454.03
13.740	3458.77
13.750	3463.51
13.760	3468.25
13.770	3472.99
13.780	3477.74
13.790	3482.49
13.800	3487.24
13.810	3492.00
13.820	3496.76
13.830	3501.52
13.840	3506.28
13.850	3511.05
13.860	3515.82
13.870	3520.59
13.880	3525.37
13.890	3530.15
13.900	3534.93
13.910	3539.72
13.920	3544.50
13.930	3549.29
13.940	3554.09
13.950	3558.88
13.960	3563.68
13.970	3568.49
13.980	3573.29
13.990	3578.10
14.000	3582.91
14.010	3587.73
14.020	3592.54
14.030	3597.36
14.040	3602.19
14.050	3607.01
14.060	3611.84
14.070	3616.67
14.080	3621.51
14.090	3626.35
14.100	3631.19
14.110	3636.03
14.120	3640.88
14.130	3645.73
14.140	3650.58
14.150	3655.43
14.160	3660.29
14.170	3665.15
14.180	3670.02
14.190	3674.88
14.200	3679.75
14.210	3684.63
14.220	3689.50
14.230	3694.38
14.240	3699.26
14.250	3704.15
14.260	3709.03
14.270	3713.92
14.280	3718.82
14.290	3723.71
14.300	3728.61
14.310	3733.51
14.320	3738.42
14.330	3743.33
14.340	3748.24
14.350	3753.15
14.360	3758.07
14.370	3762.99
14.380	3767.91
14.390	3772.83
14.400	3777.76
14.410	3782.69
14.420	3787.63
14.430	3792.57
14.440	3797.51
14.450	3802.45
14.460	3807.39
14.470	3812.34
14.480	3817.30
14.490	3822.25
14.500	3827.21
14.510	3832.17
14.520	3837.13
14.530	3842.10
14.540	3847.07
14.550	3852.04
14.560	3857.01
14.570	3861.99
14.580	3866.97
14.590	3871.96
14.600	3876.94
14.610	3881.93
14.620	3886.93
14.630	3891.92
14.640	3896.92
14.650	3901.92
14.660	3906.93
14.670	3911.93
14.680	3916.94
14.690	3921.96
14.700	3926.97
14.710	3931.99
14.720	3937.02
14.730	3942.04
14.740	3947.07
14.750	3952.10
14.760	3957.13
14.770	3962.17
14.780	3967.21
14.790	3972.25
14.800	3977.30
14.810	3982.35
14.820	3987.40
14.830	3992.45
14.840	3997.51
14.850	4002.57
14.860	4007.63
14.870	4012.70
14.880	4017.77
14.890	4022.84
14.900	4027.91
14.910	4032.99
14.920	4038.07
14.930	4043.16
14.940	4048.24
14.950	4053.33
14.960	4058.43
14.970	4063.52
14.980	4068.62
14.990	4073.72
15.000	4078.82
15.010	4083.93
15.020	4089.04
15.030	4094.15
15.040	4099.27
15.050	4104.39
15.060	4109.51
15.070	4114.64
15.080	4119.76
15.090	4124.89
15.100	4130.03
15.110	4135.17
15.120	4140.30
15.130	4145.45
15.140	4150.59
15.150	4155.74
15.160	4160.89
15.170	4166.05
15.180	4171.20
15.190	4176.36
15.200	4181.53
15.210	4186.69
15.220	4191.86
15.230	4197.03
15.240	4202.21
15.250	4207.39
15.260	4212.57
15.270	4217.75
15.280	4222.94
15.290	4228.13
15.300	4233.32
15.310	4238.51
15.320	4243.71
15.330	4248.91
15.340	4254.12
15.350	4259.33
15.360	4264.54
15.370	4269.75
15.380	4274.97
15.390	4280.18
15.400	4285.41
15.410	4290.63
15.420	4295.86
15.430	4301.09
15.440	4306.32
15.450	4311.56
15.460	4316.80
15.470	4322.04
15.480	4327.29
15.490	4332.54
15.500	4337.79
15.510	4343.04
15.520	4348.30
15.530	4353.56
15.540	4358.82
15.550	4364.09
15.560	4369.36
15.570	4374.63
15.580	4379.91
15.590	4385.19
15.600	4390.47
15.610	4395.75
15.620	4401.04
15.630	4406.33
15.640	4411.62
15.650	4416.92
15.660	4422.22
15.670	4427.52
15.680	4432.82
15.690	4438.13
15.700	4443.44
15.710	4448.75
15.720	4454.07
15.730	4459.39
15.740	4464.71
15.750	4470.04
15.760	4475.37
15.770	4480.70
15.780	4486.03
15.790	4491.37
15.800	4496.71
15.810	4502.05
15.820	4507.40
15.830	4512.75
15.840	4518.10
15.850	4523.46
15.860	4528.81
15.870	4534.17
15.880	4539.54
15.890	4544.91
15.900	4550.28
15.910	4555.65
15.920	4561.02
15.930	4566.40
15.940	4571.79
15.950	4577.17
15.960	4582.56
15.970	4587.95
15.980	4593.34
15.990	4598.74
16.000	4604.14
16.010	4609.54
16.020	4614.95
16.030	4620.36
16.040	4625.77
16.050	4631.18
16.060	4636.60
16.070	4642.02
16.080	4647.44
16.090	4652.87
16.100	4658.30
16.110	4663.73
16.120	4669.17
16.130	4674.61
16.140	4680.05
16.150	4685.49
16.160	4690.94
16.170	4696.39
16.180	4701.84
16.190	4707.30
16.200	4712.76
16.210	4718.22
16.220	4723.69
16.230	4729.15
16.240	4734.62
16.250	4740.10
16.260	4745.58
16.270	4751.06
16.280	4756.54
16.290	4762.03
16.300	4767.51
16.310	4773.01
16.320	4778.50
16.330	4784.00
16.340	4789.50
16.350	4795.01
16.360	4800.51
16.370	4806.02
16.380	4811.54
16.390	4817.05
16.400	4822.57
16.410	4828.09
16.420	4833.62
16.430	4839.15
16.440	4844.68
16.450	4850.21
16.460	4855.75
16.470	4861.29
16.480	4866.83
16.490	4872.38
16.500	4877.93
16.510	4883.48
16.520	4889.03
16.530	4894.59
16.540	4900.15
16.550	4905.72
16.560	4911.28
16.570	4916.85
16.580	4922.43
16.590	4928.00
16.600	4933.58
16.610	4939.16
16.620	4944.75
16.630	4950.34
16.640	4955.93
16.650	4961.52
16.660	4967.12
16.670	4972.72
16.680	4978.32
16.690	4983.93
16.700	4989.54
16.710	4995.15
16.720	5000.77
16.730	5006.38
16.740	5012.00
16.750	5017.63
16.760	5023.26
16.770	5028.89
16.780	5034.52
16.790	5040.16
16.800	5045.80
16.810	5051.44
16.820	5057.08
16.830	5062.73
16.840	5068.38
16.850	5074.04
16.860	5079.69
16.870	5085.36
16.880	5091.02
16.890	5096.69
16.900	5102.35
16.910	5108.03
16.920	5113.70
16.930	5119.38
16.940	5125.06
16.950	5130.75
16.960	5136.44
16.970	5142.13
16.980	5147.82
16.990	5153.52
17.000	5159.22
17.010	5164.92
17.020	5170.63
17.030	5176.33
17.040	5182.05
17.050	5187.76
17.060	5193.48
17.070	5199.20
17.080	5204.92
17.090	5210.65
17.100	5216.38
17.110	5222.12
17.120	5227.85
17.130	5233.59
17.140	5239.33
17.150	5245.08
17.160	5250.83
17.170	5256.58
17.180	5262.33
17.190	5268.09
17.200	5273.85
17.210	5279.62
17.220	5285.38
17.230	5291.15
17.240	5296.92
17.250	5302.70
17.260	5308.48
17.270	5314.26
17.280	5320.05
17.290	5325.83
17.300	5331.63
17.310	5337.42
17.320	5343.22
17.330	5349.02
17.340	5354.82
17.350	5360.63
17.360	5366.44
17.370	5372.25
17.380	5378.07
17.390	5383.88
17.400	5389.71
17.410	5395.53
17.420	5401.36
17.430	5407.19
17.440	5413.02
17.450	5418.86
17.460	5424.70
17.470	5430.54
17.480	5436.39
17.490	5442.24
17.500	5448.09
17.510	5453.95
17.520	5459.81
17.530	5465.67
17.540	5471.53
17.550	5477.40
17.560	5483.27
17.570	5489.14
17.580	5495.02
17.590	5500.90
17.600	5506.79
17.610	5512.67
17.620	5518.56
17.630	5524.45
17.640	5530.35
17.650	5536.25
17.660	5542.15
17.670	5548.05
17.680	5553.96
17.690	5559.87
17.700	5565.79
17.710	5571.70
17.720	5577.62
17.730	5583.55
17.740	5589.47
17.750	5595.40
17.760	5601.34
17.770	5607.27
17.780	5613.21
17.790	5619.15
17.800	5625.10
17.810	5631.04
17.820	5637.00
17.830	5642.95
17.840	5648.91
17.850	5654.87
17.860	5660.83
17.870	5666.80
17.880	5672.77
17.890	5678.74
17.900	5684.72
17.910	5690.70
17.920	5696.68
17.930	5702.66
17.940	5708.65
17.950	5714.64
17.960	5720.64
17.970	5726.63
17.980	5732.64
17.990	5738.64
18.000	5744.65
18.010	5750.66
18.020	5756.67
18.030	5762.69
18.040	5768.71
18.050	5774.73
18.060	5780.75
18.070	5786.78
18.080	5792.82
18.090	5798.85
18.100	5804.89
18.110	5810.93
18.120	5816.97
18.130	5823.02
18.140	5829.07
18.150	5835.13
18.160	5841.18
18.170	5847.24
18.180	5853.31
18.190	5859.37
18.200	5865.44
18.210	5871.52
18.220	5877.59
18.230	5883.67
18.240	5889.75
18.250	5895.84
18.260	5901.93
18.270	5908.02
18.280	5914.11
18.290	5920.21
18.300	5926.31
18.310	5932.42
18.320	5938.52
18.330	5944.63
18.340	5950.75
18.350	5956.86
18.360	5962.98
18.370	5969.11
18.380	5975.23
18.390	5981.36
18.400	5987.49
18.410	5993.63
18.420	5999.77
18.430	6005.91
18.440	6012.06
18.450	6018.20
18.460	6024.36
18.470	6030.51
18.480	6036.67
18.490	6042.83
18.500	6048.99
18.510	6055.16
18.520	6061.33
18.530	6067.50
18.540	6073.68
18.550	6079.86
18.560	6086.04
18.570	6092.23
18.580	6098.42
18.590	6104.61
18.600	6110.81
18.610	6117.01
18.620	6123.21
18.630	6129.41
18.640	6135.62
18.650	6141.84
18.660	6148.05
18.670	6154.27
18.680	6160.49
18.690	6166.71
18.700	6172.94
18.710	6179.17
18.720	6185.41
18.730	6191.64
18.740	6197.88
18.750	6204.13
18.760	6210.37
18.770	6216.62
18.780	6222.88
18.790	6229.13
18.800	6235.39
18.810	6241.66
18.820	6247.92
18.830	6254.19
18.840	6260.46
18.850	6266.74
18.860	6273.02
18.870	6279.30
18.880	6285.59
18.890	6291.87
18.900	6298.17
18.910	6304.46
18.920	6310.76
18.930	6317.06
18.940	6323.36
18.950	6329.67
18.960	6335.98
18.970	6342.30
18.980	6348.61
18.990	6354.93
19.000	6361.26
19.010	6367.59
19.020	6373.92
19.030	6380.25
19.040	6386.59
19.050	6392.93
19.060	6399.27
19.070	6405.62
19.080	6411.96
19.090	6418.32
19.100	6424.67
19.110	6431.03
19.120	6437.40
19.130	6443.76
19.140	6450.13
19.150	6456.50
19.160	6462.88
19.170	6469.26
19.180	6475.64
19.190	6482.02
19.200	6488.41
19.210	6494.80
19.220	6501.20
19.230	6507.60
19.240	6514.00
19.250	6520.40
19.260	6526.81
19.270	6533.22
19.280	6539.64
19.290	6546.05
19.300	6552.47
19.310	6558.90
19.320	6565.33
19.330	6571.76
19.340	6578.19
19.350	6584.63
19.360	6591.07
19.370	6597.51
19.380	6603.96
19.390	6610.41
19.400	6616.86
19.410	6623.32
19.420	6629.78
19.430	6636.24
19.440	6642.71
19.450	6649.18
19.460	6655.65
19.470	6662.13
19.480	6668.61
19.490	6675.09
19.500	6681.58
19.510	6688.06
19.520	6694.56
19.530	6701.05
19.540	6707.55
19.550	6714.05
19.560	6720.56
19.570	6727.07
19.580	6733.58
19.590	6740.10
19.600	6746.62
19.610	6753.14
19.620	6759.66
19.630	6766.19
19.640	6772.72
19.650	6779.26
19.660	6785.80
19.670	6792.34
19.680	6798.88
19.690	6805.43
19.700	6811.98
19.710	6818.54
19.720	6825.10
19.730	6831.66
19.740	6838.22
19.750	6844.79
19.760	6851.36
19.770	6857.94
19.780	6864.52
19.790	6871.10
19.800	6877.68
19.810	6884.27
19.820	6890.86
19.830	6897.46
19.840	6904.05
19.850	6910.66
19.860	6917.26
19.870	6923.87
19.880	6930.48
19.890	6937.09
19.900	6943.71
19.910	6950.33
19.920	6956.96
19.930	6963.58
19.940	6970.22
19.950	6976.85
19.960	6983.49
19.970	6990.13
19.980	6996.77
19.990	7003.42
20.000	7010.07
20.010	7016.73
20.020	7023.38
20.030	7030.04
20.040	7036.71
20.050	7043.38
20.060	7050.05
20.070	7056.72
20.080	7063.40
20.090	7070.08
20.100	7076.77
20.110	7083.45
20.120	7090.14
20.130	7096.84
20.140	7103.54
20.150	7110.24
20.160	7116.94
20.170	7123.65
20.180	7130.36
20.190	7137.07
20.200	7143.79
20.210	7150.51
20.220	7157.24
20.230	7163.97
20.240	7170.70
20.250	7177.43
20.260	7184.17
20.270	7190.91
20.280	7197.66
20.290	7204.40
20.300	7211.16
20.310	7217.91
20.320	7224.67
20.330	7231.43
20.340	7238.19
20.350	7244.96
20.360	7251.73
20.370	7258.51
20.380	7265.29
20.390	7272.07
20.400	7278.85
20.410	7285.64
20.420	7292.44
20.430	7299.23
20.440	7306.03
20.450	7312.83
20.460	7319.64
20.470	7326.45
20.480	7333.26
20.490	7340.07
20.500	7346.89
20.510	7353.71
20.520	7360.54
20.530	7367.37
20.540	7374.20
20.550	7381.04
20.560	7387.88
20.570	7394.72
20.580	7401.57
20.590	7408.42
20.600	7415.27
20.610	7422.13
20.620	7428.99
20.630	7435.85
20.640	7442.72
20.650	7449.59
20.660	7456.46
20.670	7463.34
20.680	7470.22
20.690	7477.10
20.700	7483.99
20.710	7490.88
20.720	7497.77
20.730	7504.67
20.740	7511.57
20.750	7518.47
20.760	7525.38
20.770	7532.29
20.780	7539.21
20.790	7546.12
20.800	7553.05
20.810	7559.97
20.820	7566.90
20.830	7573.83
20.840	7580.77
20.850	7587.70
20.860	7594.65
20.870	7601.59
20.880	7608.54
20.890	7615.49
20.900	7622.45
20.910	7629.41
20.920	7636.37
20.930	7643.34
20.940	7650.31
20.950	7657.28
20.960	7664.26
20.970	7671.24
20.980	7678.22
20.990	7685.21
21.000	7692.20
21.010	7699.19
21.020	7706.19
21.030	7713.19
21.040	7720.19
21.050	7727.20
21.060	7734.21
21.070	7741.23
21.080	7748.24
21.090	7755.27
21.100	7762.29
21.110	7769.32
21.120	7776.35
21.130	7783.39
21.140	7790.43
21.150	7797.47
21.160	7804.51
21.170	7811.56
21.180	7818.62
21.190	7825.67
21.200	7832.73
21.210	7839.80
21.220	7846.86
21.230	7853.93
21.240	7861.01
21.250	7868.09
21.260	7875.17
21.270	7882.25
21.280	7889.34
21.290	7896.43
21.300	7903.53
21.310	7910.62
21.320	7917.73
21.330	7924.83
21.340	7931.94
21.350	7939.05
21.360	7946.17
21.370	7953.29
21.380	7960.41
21.390	7967.54
21.400	7974.67
21.410	7981.80
21.420	7988.94
21.430	7996.08
21.440	8003.22
21.450	8010.37
21.460	8017.52
21.470	8024.68
21.480	8031.84
21.490	8039.00
21.500	8046.16
21.510	8053.33
21.520	8060.50
21.530	8067.68
21.540	8074.86
21.550	8082.04
21.560	8089.23
21.570	8096.42
21.580	8103.61
21.590	8110.81
21.600	8118.01
21.610	8125.22
21.620	8132.42
21.630	8139.64
21.640	8146.85
21.650	8154.07
21.660	8161.29
21.670	8168.52
21.680	8175.75
21.690	8182.98
21.700	8190.22
21.710	8197.46
21.720	8204.70
21.730	8211.95
21.740	8219.20
21.750	8226.45
21.760	8233.71
21.770	8240.97
21.780	8248.24
21.790	8255.51
21.800	8262.78
21.810	8270.06
21.820	8277.34
21.830	8284.62
21.840	8291.91
21.850	8299.20
21.860	8306.49
21.870	8313.79
21.880	8321.09
21.890	8328.39
21.900	8335.70
21.910	8343.01
21.920	8350.33
21.930	8357.65
21.940	8364.97
21.950	8372.30
21.960	8379.63
21.970	8386.96
21.980	8394.30
21.990	8401.64
22.000	8408.99
22.010	8416.33
22.020	8423.69
22.030	8431.04
22.040	8438.40
22.050	8445.76
22.060	8453.13
22.070	8460.50
22.080	8467.87
22.090	8475.25
22.100	8482.63
22.110	8490.02
22.120	8497.40
22.130	8504.80
22.140	8512.19
22.150	8519.59
22.160	8526.99
22.170	8534.40
22.180	8541.81
22.190	8549.22
22.200	8556.64
22.210	8564.06
22.220	8571.49
22.230	8578.92
22.240	8586.35
22.250	8593.78
22.260	8601.22
22.270	8608.67
22.280	8616.11
22.290	8623.56
22.300	8631.02
22.310	8638.48
22.320	8645.94
22.330	8653.40
22.340	8660.87
22.350	8668.35
22.360	8675.82
22.370	8683.30
22.380	8690.79
22.390	8698.27
22.400	8705.76
22.410	8713.26
22.420	8720.76
22.430	8728.26
22.440	8735.77
22.450	8743.28
22.460	8750.79
22.470	8758.31
22.480	8765.83
22.490	8773.35
22.500	8780.88
22.510	8788.41
22.520	8795.95
22.530	8803.49
22.540	8811.03
22.550	8818.58
22.560	8826.13
22.570	8833.68
22.580	8841.24
22.590	8848.80
22.600	8856.37
22.610	8863.94
22.620	8871.51
22.630	8879.09
22.640	8886.67
22.650	8894.25
22.660	8901.84
22.670	8909.43
22.680	8917.03
22.690	8924.63
22.700	8932.23
22.710	8939.84
22.720	8947.45
22.730	8955.06
22.740	8962.68
22.750	8970.30
22.760	8977.93
22.770	8985.55
22.780	8993.19
22.790	9000.83
22.800	9008.47
22.810	9016.11
22.820	9023.76
22.830	9031.41
22.840	9039.07
22.850	9046.73
22.860	9054.39
22.870	9062.06
22.880	9069.73
22.890	9077.40
22.900	9085.08
22.910	9092.76
22.920	9100.45
22.930	9108.14
22.940	9115.83
22.950	9123.53
22.960	9131.23
22.970	9138.94
22.980	9146.65
22.990	9154.36
23.000	9162.08
23.010	9169.80
23.020	9177.52
23.030	9185.25
23.040	9192.98
23.050	9200.72
23.060	9208.46
23.070	9216.20
23.080	9223.95
23.090	9231.70
23.100	9239.45
23.110	9247.21
23.120	9254.98
23.130	9262.74
23.140	9270.51
23.150	9278.29
23.160	9286.07
23.170	9293.85
23.180	9301.63
23.190	9309.42
23.200	9317.22
23.210	9325.01
23.220	9332.82
23.230	9340.62
23.240	9348.43
23.250	9356.24
23.260	9364.06
23.270	9371.88
23.280	9379.70
23.290	9387.53
23.300	9395.37
23.310	9403.20
23.320	9411.04
23.330	9418.89
23.340	9426.73
23.350	9434.59
23.360	9442.44
23.370	9450.30
23.380	9458.16
23.390	9466.03
23.400	9473.90
23.410	9481.78
23.420	9489.66
23.430	9497.54
23.440	9505.43
23.450	9513.32
23.460	9521.21
23.470	9529.11
23.480	9537.01
23.490	9544.92
23.500	9552.83
23.510	9560.74
23.520	9568.66
23.530	9576.58
23.540	9584.51
23.550	9592.44
23.560	9600.37
23.570	9608.31
23.580	9616.25
23.590	9624.20
23.600	9632.15
23.610	9640.10
23.620	9648.06
23.630	9656.02
23.640	9663.99
23.650	9671.95
23.660	9679.93
23.670	9687.91
23.680	9695.89
23.690	9703.87
23.700	9711.86
23.710	9719.85
23.720	9727.85
23.730	9735.85
23.740	9743.86
23.750	9751.86
23.760	9759.88
23.770	9767.89
23.780	9775.91
23.790	9783.94
23.800	9791.97
23.810	9800.00
23.820	9808.04
23.830	9816.08
23.840	9824.12
23.850	9832.17
23.860	9840.22
23.870	9848.28
23.880	9856.34
23.890	9864.40
23.900	9872.47
23.910	9880.54
23.920	9888.62
23.930	9896.70
23.940	9904.78
23.950	9912.87
23.960	9920.96
23.970	9929.06
23.980	9937.16
23.990	9945.26
24.000	9953.37
24.010	9961.48
24.020	9969.60
24.030	9977.72
24.040	9985.84
24.050	9993.97
24.060	10002.10
24.070	10010.24
24.080	10018.38
24.090	10026.52
24.100	10034.67
24.110	10042.82
24.120	10050.98
24.130	10059.14
24.140	10067.30
24.150	10075.47
24.160	10083.65
24.170	10091.82
24.180	10100.00
24.190	10108.19
24.200	10116.37
24.210	10124.57
24.220	10132.76
24.230	10140.96
24.240	10149.17
24.250	10157.38
24.260	10165.59
24.270	10173.81
24.280	10182.03
24.290	10190.25
24.300	10198.48
24.310	10206.71
24.320	10214.95
24.330	10223.19
24.340	10231.44
24.350	10239.69
24.360	10247.94
24.370	10256.20
24.380	10264.46
24.390	10272.72
24.400	10280.99
24.410	10289.27
24.420	10297.54
24.430	10305.82
24.440	10314.11
24.450	10322.40
24.460	10330.69
24.470	10338.99
24.480	10347.29
24.490	10355.60
24.500	10363.91
24.510	10372.22
24.520	10380.54
24.530	10388.87
24.540	10397.19
24.550	10405.52
24.560	10413.86
24.570	10422.20
24.580	10430.54
24.590	10438.89
24.600	10447.24
24.610	10455.59
24.620	10463.95
24.630	10472.32
24.640	10480.68
24.650	10489.06
24.660	10497.43
24.670	10505.81
24.680	10514.20
24.690	10522.58
24.700	10530.98
24.710	10539.37
24.720	10547.77
24.730	10556.18
24.740	10564.59
24.750	10573.00
24.760	10581.42
24.770	10589.84
24.780	10598.26
24.790	10606.69
24.800	10615.13
24.810	10623.57
24.820	10632.01
24.830	10640.45
24.840	10648.90
24.850	10657.36
24.860	10665.82
24.870	10674.28
24.880	10682.75
24.890	10691.22
24.900	10699.69
24.910	10708.17
24.920	10716.66
24.930	10725.14
24.940	10733.64
24.950	10742.13
24.960	10750.63
24.970	10759.14
24.980	10767.65
24.990	10776.16
25.000	10784.68
25.010	10793.20
25.020	10801.72
25.030	10810.25
25.040	10818.79
25.050	10827.33
25.060	10835.87
25.070	10844.41
25.080	10852.96
25.090	10861.52
25.100	10870.08
25.110	10878.64
25.120	10887.21
25.130	10895.78
25.140	10904.36
25.150	10912.94
25.160	10921.52
25.170	10930.11
25.180	10938.70
25.190	10947.30
25.200	10955.90
25.210	10964.51
25.220	10973.12
25.230	10981.73
25.240	10990.35
25.250	10998.97
25.260	11007.60
25.270	11016.23
25.280	11024.86
25.290	11033.50
25.300	11042.15
25.310	11050.79
25.320	11059.45
25.330	11068.10
25.340	11076.76
25.350	11085.43
25.360	11094.10
25.370	11102.77
25.380	11111.45
25.390	11120.13
25.400	11128.82
25.410	11137.51
25.420	11146.20
25.430	11154.90
25.440	11163.61
25.450	11172.31
25.460	11181.03
25.470	11189.74
25.480	11198.46
25.490	11207.19
25.500	11215.92
25.510	11224.65
25.520	11233.39
25.530	11242.13
25.540	11250.88
25.550	11259.63
25.560	11268.39
25.570	11277.14
25.580	11285.91
25.590	11294.68
25.600	11303.45
25.610	11312.23
25.620	11321.01
25.630	11329.79
25.640	11338.58
25.650	11347.38
25.660	11356.18
25.670	11364.98
25.680	11373.79
25.690	11382.60
25.700	11391.41
25.710	11400.24
25.720	11409.06
25.730	11417.89
25.740	11426.72
25.750	11435.56
25.760	11444.40
25.770	11453.25
25.780	11462.10
25.790	11470.96
25.800	11479.82
25.810	11488.68
25.820	11497.55
25.830	11506.42
25.840	11515.30
25.850	11524.18
25.860	11533.07
25.870	11541.96
25.880	11550.85
25.890	11559.75
25.900	11568.66
25.910	11577.57
25.920	11586.48
25.930	11595.40
25.940	11604.32
25.950	11613.24
25.960	11622.17
25.970	11631.11
25.980	11640.05
25.990	11648.99
26.000	11657.94
26.010	11666.89
26.020	11675.85
26.030	11684.81
26.040	11693.78
26.050	11702.75
26.060	11711.72
26.070	11720.70
26.080	11729.69
26.090	11738.67
26.100	11747.67
26.110	11756.66
26.120	11765.67
26.130	11774.67
26.140	11783.68
26.150	11792.70
26.160	11801.72
26.170	11810.74
26.180	11819.77
26.190	11828.80
26.200	11837.84
26.210	11846.88
26.220	11855.93
26.230	11864.98
26.240	11874.04
26.250	11883.10
26.260	11892.16
26.270	11901.23
26.280	11910.31
26.290	11919.38
26.300	11928.47
26.310	11937.55
26.320	11946.65
26.330	11955.74
26.340	11964.84
26.350	11973.95
26.360	11983.06
26.370	11992.17
26.380	12001.29
26.390	12010.42
26.400	12019.55
26.410	12028.68
26.420	12037.82
26.430	12046.96
26.440	12056.10
26.450	12065.26
26.460	12074.41
26.470	12083.57
26.480	12092.74
26.490	12101.91
26.500	12111.08
26.510	12120.26
26.520	12129.44
26.530	12138.63
26.540	12147.82
26.550	12157.02
26.560	12166.22
26.570	12175.43
26.580	12184.64
26.590	12193.85
26.600	12203.07
26.610	12212.30
26.620	12221.53
26.630	12230.76
26.640	12240.00
26.650	12249.24
26.660	12258.49
26.670	12267.74
26.680	12277.00
26.690	12286.26
26.700	12295.53
26.710	12304.80
26.720	12314.07
26.730	12323.35
26.740	12332.64
26.750	12341.93
26.760	12351.22
26.770	12360.52
26.780	12369.83
26.790	12379.13
26.800	12388.45
26.810	12397.76
26.820	12407.09
26.830	12416.41
26.840	12425.75
26.850	12435.08
26.860	12444.42
26.870	12453.77
26.880	12463.12
26.890	12472.47
26.900	12481.83
26.910	12491.20
26.920	12500.57
26.930	12509.94
26.940	12519.32
26.950	12528.70
26.960	12538.09
26.970	12547.48
26.980	12556.88
26.990	12566.28
27.000	12575.69
27.010	12585.10
27.020	12594.52
27.030	12603.94
27.040	12613.37
27.050	12622.80
27.060	12632.23
27.070	12641.67
27.080	12651.12
27.090	12660.57
27.100	12670.02
27.110	12679.48
27.120	12688.95
27.130	12698.41
27.140	12707.89
27.150	12717.37
27.160	12726.85
27.170	12736.34
27.180	12745.83
27.190	12755.33
27.200	12764.83
27.210	12774.34
27.220	12783.85
27.230	12793.37
27.240	12802.89
27.250	12812.41
27.260	12821.94
27.270	12831.48
27.280	12841.02
27.290	12850.57
27.300	12860.12
27.310	12869.67
27.320	12879.23
27.330	12888.80
27.340	12898.37
27.350	12907.94
27.360	12917.52
27.370	12927.10
27.380	12936.69
27.390	12946.29
27.400	12955.89
27.410	12965.49
27.420	12975.10
27.430	12984.71
27.440	12994.33
27.450	13003.95
27.460	13013.58
27.470	13023.21
27.480	13032.85
27.490	13042.49
27.500	13052.14
27.510	13061.79
27.520	13071.45
27.530	13081.11
27.540	13090.78
27.550	13100.45
27.560	13110.13
27.570	13119.81
27.580	13129.50
27.590	13139.19
27.600	13148.89
27.610	13158.59
27.620	13168.29
27.630	13178.00
27.640	13187.72
27.650	13197.44
27.660	13207.17
27.670	13216.90
27.680	13226.64
27.690	13236.38
27.700	13246.12
27.710	13255.87
27.720	13265.63
27.730	13275.39
27.740	13285.15
27.750	13294.93
27.760	13304.70
27.770	13314.48
27.780	13324.27
27.790	13334.06
27.800	13343.85
27.810	13353.65
27.820	13363.46
27.830	13373.27
27.840	13383.08
27.850	13392.91
27.860	13402.73
27.870	13412.56
27.880	13422.40
27.890	13432.24
27.900	13442.08
27.910	13451.93
27.920	13461.79
27.930	13471.65
27.940	13481.51
27.950	13491.39
27.960	13501.26
27.970	13511.14
27.980	13521.03
27.990	13530.92
28.000	13540.81
28.010	13550.71
28.020	13560.62
28.030	13570.53
28.040	13580.45
28.050	13590.37
28.060	13600.29
28.070	13610.23
28.080	13620.16
28.090	13630.10
28.100	13640.05
28.110	13650.00
28.120	13659.96
28.130	13669.92
28.140	13679.89
28.150	13689.86
28.160	13699.83
28.170	13709.82
28.180	13719.80
28.190	13729.80
28.200	13739.79
28.210	13749.80
28.220	13759.80
28.230	13769.82
28.240	13779.83
28.250	13789.86
28.260	13799.88
28.270	13809.92
28.280	13819.96
28.290	13830.00
28.300	13840.05
28.310	13850.10
28.320	13860.16
28.330	13870.22
28.340	13880.29
28.350	13890.37
28.360	13900.45
28.370	13910.53
28.380	13920.62
28.390	13930.72
28.400	13940.82
28.410	13950.92
28.420	13961.03
28.430	13971.15
28.440	13981.27
28.450	13991.39
28.460	14001.53
28.470	14011.66
28.480	14021.80
28.490	14031.95
28.500	14042.10
28.510	14052.26
28.520	14062.42
28.530	14072.59
28.540	14082.76
28.550	14092.94
28.560	14103.12
28.570	14113.31
28.580	14123.50
28.590	14133.70
28.600	14143.91
28.610	14154.12
28.620	14164.33
28.630	14174.55
28.640	14184.78
28.650	14195.01
28.660	14205.24
28.670	14215.48
28.680	14225.73
28.690	14235.98
28.700	14246.24
28.710	14256.50
28.720	14266.77
28.730	14277.04
28.740	14287.32
28.750	14297.60
28.760	14307.89
28.770	14318.18
28.780	14328.48
28.790	14338.78
28.800	14349.09
28.810	14359.41
28.820	14369.73
28.830	14380.05
28.840	14390.38
28.850	14400.72
28.860	14411.06
28.870	14421.41
28.880	14431.76
28.890	14442.12
28.900	14452.48
28.910	14462.85
28.920	14473.22
28.930	14483.60
28.940	14493.98
28.950	14504.37
28.960	14514.76
28.970	14525.16
28.980	14535.57
28.990	14545.98
29.000	14556.40
29.010	14566.82
29.020	14577.24
29.030	14587.67
29.040	14598.11
29.050	14608.55
29.060	14619.00
29.070	14629.46
29.080	14639.92
29.090	14650.38
29.100	14660.85
29.110	14671.32
29.120	14681.80
29.130	14692.29
29.140	14702.78
29.150	14713.28
29.160	14723.78
29.170	14734.29
29.180	14744.80
29.190	14755.32
29.200	14765.84
29.210	14776.37
29.220	14786.90
29.230	14797.44
29.240	14807.99
29.250	14818.54
29.260	14829.10
29.270	14839.66
29.280	14850.23
29.290	14860.80
29.300	14871.38
29.310	14881.96
29.320	14892.55
29.330	14903.14
29.340	14913.74
29.350	14924.35
29.360	14934.96
29.370	14945.57
29.380	14956.20
29.390	14966.82
29.400	14977.46
29.410	14988.09
29.420	14998.74
29.430	15009.39
29.440	15020.04
29.450	15030.70
29.460	15041.37
29.470	15052.04
29.480	15062.71
29.490	15073.40
29.500	15084.08
29.510	15094.78
29.520	15105.48
29.530	15116.18
29.540	15126.89
29.550	15137.61
29.560	15148.33
29.570	15159.05
29.580	15169.79
29.590	15180.52
29.600	15191.27
29.610	15202.01
29.620	15212.77
29.630	15223.53
29.640	15234.29
29.650	15245.06
29.660	15255.84
29.670	15266.62
29.680	15277.41
29.690	15288.20
29.700	15299.00
29.710	15309.81
29.720	15320.62
29.730	15331.43
29.740	15342.25
29.750	15353.08
29.760	15363.91
29.770	15374.75
29.780	15385.59
29.790	15396.44
29.800	15407.30
29.810	15418.16
29.820	15429.02
29.830	15439.89
29.840	15450.77
29.850	15461.66
29.860	15472.54
29.870	15483.44
29.880	15494.34
29.890	15505.24
29.900	15516.15
29.910	15527.07
29.920	15537.99
29.930	15548.92
29.940	15559.86
29.950	15570.79
29.960	15581.74
29.970	15592.69
29.980	15603.65
29.990	15614.61
30.000	15625.58
