t(c)	x(m)
0.000	0.00
0.010	0.01
0.020	0.02
0.030	0.03
0.040	0.04
0.050	0.05
0.060	0.06
0.070	0.07
0.080	0.08
0.090	0.09
0.100	0.11
0.110	0.12
0.120	0.13
0.130	0.15
0.140	0.16
0.150	0.17
0.160	0.19
0.170	0.20
0.180	0.22
0.190	0.24
0.200	0.25
0.210	0.27
0.220	0.29
0.230	0.30
0.240	0.32
0.250	0.34
0.260	0.36
0.270	0.38
0.280	0.40
0.290	0.42
0.300	0.44
0.310	0.46
0.320	0.48
0.330	0.50
0.340	0.52
0.350	0.54
0.360	0.57
0.370	0.59
0.380	0.61
0.390	0.64
0.400	0.66
0.410	0.68
0.420	0.71
0.430	0.74
0.440	0.76
0.450	0.79
0.460	0.81
0.470	0.84
0.480	0.87
0.490	0.90
0.500	0.92
0.510	0.95
0.520	0.98
0.530	1.01
0.540	1.04
0.550	1.07
0.560	1.10
0.570	1.13
0.580	1.16
0.590	1.19
0.600	1.23
0.610	1.26
0.620	1.29
0.630	1.32
0.640	1.36
0.650	1.39
0.660	1.42
0.670	1.46
0.680	1.49
0.690	1.53
0.700	1.57
0.710	1.60
0.720	1.64
0.730	1.68
0.740	1.71
0.750	1.75
0.760	1.79
0.770	1.83
0.780	1.87
0.790	1.91
0.800	1.95
0.810	1.99
0.820	2.03
0.830	2.07
0.840	2.11
0.850	2.15
0.860	2.19
0.870	2.24
0.880	2.28
0.890	2.32
0.900	2.37
0.910	2.41
0.920	2.46
0.930	2.50
0.940	2.55
0.950	2.59
0.960	2.64
0.970	2.68
0.980	2.73
0.990	2.78
1.000	2.83
1.010	2.87
1.020	2.92
1.030	2.97
1.040	3.02
1.050	3.07
1.060	3.12
1.070	3.17
1.080	3.22
1.090	3.27
1.100	3.32
1.110	3.38
1.120	3.43
1.130	3.48
1.140	3.53
1.150	3.59
1.160	3.64
1.170	3.70
1.180	3.75
1.190	3.81
1.200	3.86
1.210	3.92
1.220	3.97
1.230	4.03
1.240	4.09
1.250	4.15
1.260	4.20
1.270	4.26
1.280	4.32
1.290	4.38
1.300	4.44
1.310	4.50
1.320	4.56
1.330	4.62
1.340	4.68
1.350	4.74
1.360	4.81
1.370	4.87
1.380	4.93
1.390	4.99
1.400	5.06
1.410	5.12
1.420	5.19
1.430	5.25
1.440	5.31
1.450	5.38
1.460	5.45
1.470	5.51
1.480	5.58
1.490	5.65
1.500	5.71
1.510	5.78
1.520	5.85
1.530	5.92
1.540	5.99
1.550	6.06
1.560	6.13
1.570	6.20
1.580	6.27
1.590	6.34
1.600	6.41
1.610	6.48
1.620	6.55
1.630	6.63
1.640	6.70
1.650	6.77
1.660	6.85
1.670	6.92
1.680	7.00
1.690	7.07
1.700	7.15
1.710	7.22
1.720	7.30
1.730	7.37
1.740	7.45
1.750	7.53
1.760	7.61
1.770	7.69
1.780	7.76
1.790	7.84
1.800	7.92
1.810	8.00
1.820	8.08
1.830	8.16
1.840	8.24
1.850	8.33
1.860	8.41
1.870	8.49
1.880	8.57
1.890	8.65
1.900	8.74
1.910	8.82
1.920	8.91
1.930	8.99
1.940	9.08
1.950	9.16
1.960	9.25
1.970	9.33
1.980	9.42
1.990	9.51
2.000	9.59
2.010	9.68
2.020	9.77
2.030	9.86
2.040	9.95
2.050	10.04
2.060	10.13
2.070	10.22
2.080	10.31
2.090	10.40
2.100	10.49
2.110	10.58
2.120	10.67
2.130	10.77
2.140	10.86
2.150	10.95
2.160	11.05
2.170	11.14
2.180	11.23
2.190	11.33
2.200	11.42
2.210	11.52
2.220	11.62
2.230	11.71
2.240	11.81
2.250	11.91
2.260	12.00
2.270	12.10
2.280	12.20
2.290	12.30
2.300	12.40
2.310	12.50
2.320	12.60
2.330	12.70
2.340	12.80
2.350	12.90
2.360	13.00
2.370	13.11
2.380	13.21
2.390	13.31
2.400	13.42
2.410	13.52
2.420	13.62
2.430	13.73
2.440	13.83
2.450	13.94
2.460	14.04
2.470	14.15
2.480	14.26
2.490	14.36
2.500	14.47
2.510	14.58
2.520	14.69
2.530	14.80
2.540	14.90
2.550	15.01
2.560	15.12
2.570	15.23
2.580	15.34
2.590	15.45
2.600	15.57
2.610	15.68
2.620	15.79
2.630	15.90
2.640	16.02
2.650	16.13
2.660	16.24
2.670	16.36
2.680	16.47
2.690	16.59
2.700	16.70
2.710	16.82
2.720	16.93
2.730	17.05
2.740	17.17
2.750	17.28
2.760	17.40
2.770	17.52
2.780	17.64
2.790	17.76
2.800	17.88
2.810	18.00
2.820	18.12
2.830	18.24
2.840	18.36
2.850	18.48
2.860	18.60
2.870	18.72
2.880	18.85
2.890	18.97
2.900	19.09
2.910	19.22
2.920	19.34
2.930	19.47
2.940	19.59
2.950	19.72
2.960	19.84
2.970	19.97
2.980	20.09
2.990	20.22
3.000	20.35
3.010	20.48
3.020	20.61
3.030	20.73
3.040	20.86
3.050	20.99
3.060	21.12
3.070	21.25
3.080	21.38
3.090	21.51
3.100	21.65
3.110	21.78
3.120	21.91
3.130	22.04
3.140	22.18
3.150	22.31
3.160	22.44
3.170	22.58
3.180	22.71
3.190	22.85
3.200	22.98
3.210	23.12
3.220	23.25
3.230	23.39
3.240	23.53
3.250	23.67
3.260	23.80
3.270	23.94
3.280	24.08
3.290	24.22
3.300	24.36
3.310	24.50
3.320	24.64
3.330	24.78
3.340	24.92
3.350	25.06
3.360	25.20
3.370	25.35
3.380	25.49
3.390	25.63
3.400	25.78
3.410	25.92
3.420	26.06
3.430	26.21
3.440	26.35
3.450	26.50
3.460	26.65
3.470	26.79
3.480	26.94
3.490	27.09
3.500	27.23
3.510	27.38
3.520	27.53
3.530	27.68
3.540	27.83
3.550	27.98
3.560	28.13
3.570	28.28
3.580	28.43
3.590	28.58
3.600	28.73
3.610	28.88
3.620	29.04
3.630	29.19
3.640	29.34
3.650	29.50
3.660	29.65
3.670	29.80
3.680	29.96
3.690	30.11
3.700	30.27
3.710	30.43
3.720	30.58
3.730	30.74
3.740	30.90
3.750	31.05
3.760	31.21
3.770	31.37
3.780	31.53
3.790	31.69
3.800	31.85
3.810	32.01
3.820	32.17
3.830	32.33
3.840	32.49
3.850	32.65
3.860	32.82
3.870	32.98
3.880	33.14
3.890	33.30
3.900	33.47
3.910	33.63
3.920	33.80
3.930	33.96
3.940	34.13
3.950	34.29
3.960	34.46
3.970	34.63
3.980	34.79
3.990	34.96
4.000	35.13
4.010	35.30
4.020	35.46
4.030	35.63
4.040	35.80
4.050	35.97
4.060	36.14
4.070	36.31
4.080	36.48
4.090	36.66
4.100	36.83
4.110	37.00
4.120	37.17
4.130	37.35
4.140	37.52
4.150	37.69
4.160	37.87
4.170	38.04
4.180	38.22
4.190	38.39
4.200	38.57
4.210	38.74
4.220	38.92
4.230	39.10
4.240	39.28
4.250	39.45
4.260	39.63
4.270	39.81
4.280	39.99
4.290	40.17
4.300	40.35
4.310	40.53
4.320	40.71
4.330	40.89
4.340	41.07
4.350	41.26
4.360	41.44
4.370	41.62
4.380	41.80
4.390	41.99
4.400	42.17
4.410	42.36
4.420	42.54
4.430	42.73
4.440	42.91
4.450	43.10
4.460	43.28
4.470	43.47
4.480	43.66
4.490	43.85
4.500	44.03
4.510	44.22
4.520	44.41
4.530	44.60
4.540	44.79
4.550	44.98
4.560	45.17
4.570	45.36
4.580	45.55
4.590	45.74
4.600	45.94
4.610	46.13
4.620	46.32
4.630	46.51
4.640	46.71
4.650	46.90
4.660	47.10
4.670	47.29
4.680	47.49
4.690	47.68
4.700	47.88
4.710	48.08
4.720	48.27
4.730	48.47
4.740	48.67
4.750	48.87
4.760	49.07
4.770	49.26
4.780	49.46
4.790	49.66
4.800	49.86
4.810	50.06
4.820	50.27
4.830	50.47
4.840	50.67
4.850	50.87
4.860	51.07
4.870	51.28
4.880	51.48
4.890	51.68
4.900	51.89
4.910	52.09
4.920	52.30
4.930	52.50
4.940	52.71
4.950	52.92
4.960	53.12
4.970	53.33
4.980	53.54
4.990	53.74
5.000	53.95
5.010	54.16
5.020	54.37
5.030	54.58
5.040	54.79
5.050	55.00
5.060	55.21
5.070	55.42
5.080	55.63
5.090	55.85
5.100	56.06
5.110	56.27
5.120	56.48
5.130	56.70
5.140	56.91
5.150	57.13
5.160	57.34
5.170	57.56
5.180	57.77
5.190	57.99
5.200	58.21
5.210	58.42
5.220	58.64
5.230	58.86
5.240	59.07
5.250	59.29
5.260	59.51
5.270	59.73
5.280	59.95
5.290	60.17
5.300	60.39
5.310	60.61
5.320	60.83
5.330	61.06
5.340	61.28
5.350	61.50
5.360	61.72
5.370	61.95
5.380	62.17
5.390	62.39
5.400	62.62
5.410	62.84
5.420	63.07
5.430	63.29
5.440	63.52
5.450	63.75
5.460	63.97
5.470	64.20
5.480	64.43
5.490	64.66
5.500	64.89
5.510	65.12
5.520	65.34
5.530	65.57
5.540	65.80
5.550	66.03
5.560	66.27
5.570	66.50
5.580	66.73
5.590	66.96
5.600	67.19
5.610	67.43
5.620	67.66
5.630	67.89
5.640	68.13
5.650	68.36
5.660	68.60
5.670	68.83
5.680	69.07
5.690	69.31
5.700	69.54
5.710	69.78
5.720	70.02
5.730	70.25
5.740	70.49
5.750	70.73
5.760	70.97
5.770	71.21
5.780	71.45
5.790	71.69
5.800	71.93
5.810	72.17
5.820	72.41
5.830	72.65
5.840	72.90
5.850	73.14
5.860	73.38
5.870	73.62
5.880	73.87
5.890	74.11
5.900	74.36
5.910	74.60
5.920	74.85
5.930	75.09
5.940	75.34
5.950	75.59
5.960	75.83
5.970	76.08
5.980	76.33
5.990	76.58
6.000	76.83
6.010	77.07
6.020	77.32
6.030	77.57
6.040	77.82
6.050	78.07
6.060	78.33
6.070	78.58
6.080	78.83
6.090	79.08
6.100	79.33
6.110	79.59
6.120	79.84
6.130	80.09
6.140	80.35
6.150	80.60
6.160	80.86
6.170	81.11
6.180	81.37
6.190	81.62
6.200	81.88
6.210	82.14
6.220	82.39
6.230	82.65
6.240	82.91
6.250	83.17
6.260	83.43
6.270	83.69
6.280	83.95
6.290	84.21
6.300	84.47
6.310	84.73
6.320	84.99
6.330	85.25
6.340	85.51
6.350	85.78
6.360	86.04
6.370	86.30
6.380	86.57
6.390	86.83
6.400	87.09
6.410	87.36
6.420	87.62
6.430	87.89
6.440	88.16
6.450	88.42
6.460	88.69
6.470	88.96
6.480	89.22
6.490	89.49
6.500	89.76
6.510	90.03
6.520	90.30
6.530	90.57
6.540	90.84
6.550	91.11
6.560	91.38
6.570	91.65
6.580	91.92
6.590	92.19
6.600	92.47
6.610	92.74
6.620	93.01
6.630	93.28
6.640	93.56
6.650	93.83
6.660	94.11
6.670	94.38
6.680	94.66
6.690	94.93
6.700	95.21
6.710	95.49
6.720	95.76
6.730	96.04
6.740	96.32
6.750	96.60
6.760	96.88
6.770	97.15
6.780	97.43
6.790	97.71
6.800	97.99
6.810	98.27
6.820	98.56
6.830	98.84
6.840	99.12
6.850	99.40
6.860	99.68
6.870	99.97
6.880	100.25
6.890	100.53
6.900	100.82
6.910	101.10
6.920	101.39
6.930	101.67
6.940	101.96
6.950	102.24
6.960	102.53
6.970	102.81
6.980	103.10
6.990	103.39
7.000	103.68
7.010	103.97
7.020	104.25
7.030	104.54
7.040	104.83
7.050	105.12
7.060	105.41
7.070	105.70
7.080	105.99
7.090	106.29
7.100	106.58
7.110	106.87
7.120	107.16
7.130	107.45
7.140	107.75
7.150	108.04
7.160	108.34
7.170	108.63
7.180	108.92
7.190	109.22
7.200	109.51
7.210	109.81
7.220	110.11
7.230	110.40
7.240	110.70
7.250	111.00
7.260	111.30
7.270	111.59
7.280	111.89
7.290	112.19
7.300	112.49
7.310	112.79
7.320	113.09
7.330	113.39
7.340	113.69
7.350	113.99
7.360	114.30
7.370	114.60
7.380	114.90
7.390	115.20
7.400	115.51
7.410	115.81
7.420	116.11
7.430	116.42
7.440	116.72
7.450	117.03
7.460	117.33
7.470	117.64
7.480	117.94
7.490	118.25
7.500	118.56
7.510	118.86
7.520	119.17
7.530	119.48
7.540	119.79
7.550	120.10
7.560	120.41
7.570	120.72
7.580	121.03
7.590	121.34
7.600	121.65
7.610	121.96
7.620	122.27
7.630	122.58
7.640	122.89
7.650	123.21
7.660	123.52
7.670	123.83
7.680	124.15
7.690	124.46
7.700	124.77
7.710	125.09
7.720	125.40
7.730	125.72
7.740	126.04
7.750	126.35
7.760	126.67
7.770	126.99
7.780	127.30
7.790	127.62
7.800	127.94
7.810	128.26
7.820	128.58
7.830	128.89
7.840	129.21
7.850	129.53
7.860	129.85
7.870	130.18
7.880	130.50
7.890	130.82
7.900	131.14
7.910	131.46
7.920	131.78
7.930	132.11
7.940	132.43
7.950	132.75
7.960	133.08
7.970	133.40
7.980	133.73
7.990	134.05
8.000	134.38
8.010	134.70
8.020	135.03
8.030	135.36
8.040	135.68
8.050	136.01
8.060	136.34
8.070	136.67
8.080	136.99
8.090	137.32
8.100	137.65
8.110	137.98
8.120	138.31
8.130	138.64
8.140	138.97
8.150	139.30
8.160	139.63
8.170	139.96
8.180	140.30
8.190	140.63
8.200	140.96
8.210	141.29
8.220	141.63
8.230	141.96
8.240	142.30
8.250	142.63
8.260	142.96
8.270	143.30
8.280	143.63
8.290	143.97
8.300	144.31
8.310	144.64
8.320	144.98
8.330	145.32
8.340	145.66
8.350	145.99
8.360	146.33
8.370	146.67
8.380	147.01
8.390	147.35
8.400	147.69
8.410	148.03
8.420	148.37
8.430	148.71
8.440	149.05
8.450	149.39
8.460	149.73
8.470	150.08
8.480	150.42
8.490	150.76
8.500	151.10
8.510	151.45
8.520	151.79
8.530	152.14
8.540	152.48
8.550	152.83
8.560	153.17
8.570	153.52
8.580	153.86
8.590	154.21
8.600	154.56
8.610	154.90
8.620	155.25
8.630	155.60
8.640	155.95
8.650	156.29
8.660	156.64
8.670	156.99
8.680	157.34
8.690	157.69
8.700	158.04
8.710	158.39
8.720	158.74
8.730	159.09
8.740	159.45
8.750	159.80
8.760	160.15
8.770	160.50
8.780	160.86
8.790	161.21
8.800	161.56
8.810	161.92
8.820	162.27
8.830	162.62
8.840	162.98
8.850	163.33
8.860	163.69
8.870	164.05
8.880	164.40
8.890	164.76
8.900	165.12
8.910	165.47
8.920	165.83
8.930	166.19
8.940	166.55
8.950	166.91
8.960	167.26
8.970	167.62
8.980	167.98
8.990	168.34
9.000	168.70
9.010	169.06
9.020	169.43
9.030	169.79
9.040	170.15
9.050	170.51
9.060	170.87
9.070	171.24
9.080	171.60
9.090	171.96
9.100	172.32
9.110	172.69
9.120	173.05
9.130	173.42
9.140	173.78
9.150	174.15
9.160	174.51
9.170	174.88
9.180	175.25
9.190	175.61
9.200	175.98
9.210	176.35
9.220	176.71
9.230	177.08
9.240	177.45
9.250	177.82
9.260	178.19
9.270	178.56
9.280	178.93
9.290	179.30
9.300	179.67
9.310	180.04
9.320	180.41
9.330	180.78
9.340	181.15
9.350	181.52
9.360	181.89
9.370	182.27
9.380	182.64
9.390	183.01
9.400	183.38
9.410	183.76
9.420	184.13
9.430	184.51
9.440	184.88
9.450	185.26
9.460	185.63
9.470	186.01
9.480	186.38
9.490	186.76
9.500	187.14
9.510	187.51
9.520	187.89
9.530	188.27
9.540	188.65
9.550	189.02
9.560	189.40
9.570	189.78
9.580	190.16
9.590	190.54
9.600	190.92
9.610	191.30
9.620	191.68
9.630	192.06
9.640	192.44
9.650	192.83
9.660	193.21
9.670	193.59
9.680	193.97
9.690	194.35
9.700	194.74
9.710	195.12
9.720	195.50
9.730	195.89
9.740	196.27
9.750	196.66
9.760	197.04
9.770	197.43
9.780	197.81
9.790	198.20
9.800	198.59
9.810	198.97
9.820	199.36
9.830	199.75
9.840	200.13
9.850	200.52
9.860	200.91
9.870	201.30
9.880	201.69
9.890	202.08
9.900	202.47
9.910	202.86
9.920	203.25
9.930	203.64
9.940	204.03
9.950	204.42
9.960	204.81
9.970	205.20
9.980	205.59
9.990	205.99
10.000	206.38
10.010	206.77
10.020	207.16
10.030	207.56
10.040	207.95
10.050	208.35
10.060	208.74
10.070	209.13
10.080	209.53
10.090	209.93
10.100	210.32
10.110	210.72
10.120	211.11
10.130	211.51
10.140	211.91
10.150	212.30
10.160	212.70
10.170	213.10
10.180	213.50
10.190	213.90
10.200	214.30
10.210	214.70
10.220	215.10
10.230	215.50
10.240	215.90
10.250	216.30
10.260	216.70
10.270	217.10
10.280	217.50
10.290	217.90
10.300	218.30
10.310	218.71
10.320	219.11
10.330	219.51
10.340	219.91
10.350	220.32
10.360	220.72
10.370	221.13
10.380	221.53
10.390	221.94
10.400	222.34
10.410	222.75
10.420	223.15
10.430	223.56
10.440	223.96
10.450	224.37
10.460	224.78
10.470	225.19
10.480	225.59
10.490	226.00
10.500	226.41
10.510	226.82
10.520	227.23
10.530	227.64
10.540	228.05
10.550	228.46
10.560	228.87
10.570	229.28
10.580	229.69
10.590	230.10
10.600	230.51
10.610	230.92
10.620	231.33
10.630	231.75
10.640	232.16
10.650	232.57
10.660	232.99
10.670	233.40
10.680	233.81
10.690	234.23
10.700	234.64
10.710	235.06
10.720	235.47
10.730	235.89
10.740	236.30
10.750	236.72
10.760	237.14
10.770	237.55
10.780	237.97
10.790	238.39
10.800	238.81
10.810	239.22
10.820	239.64
10.830	240.06
10.840	240.48
10.850	240.90
10.860	241.32
10.870	241.74
10.880	242.16
10.890	242.58
10.900	243.00
10.910	243.42
10.920	243.84
10.930	244.26
10.940	244.69
10.950	245.11
10.960	245.53
10.970	245.95
10.980	246.38
10.990	246.80
11.000	247.23
11.010	247.65
11.020	248.07
11.030	248.50
11.040	248.92
11.050	249.35
11.060	249.78
11.070	250.20
11.080	250.63
11.090	251.05
11.100	251.48
11.110	251.91
11.120	252.34
11.130	252.76
11.140	253.19
11.150	253.62
11.160	254.05
11.170	254.48
11.180	254.91
11.190	255.34
11.200	255.77
11.210	256.20
11.220	256.63
11.230	257.06
11.240	257.49
11.250	257.92
11.260	258.36
11.270	258.79
11.280	259.22
11.290	259.65
11.300	260.09
11.310	260.52
11.320	260.95
11.330	261.39
11.340	261.82
11.350	262.26
11.360	262.69
11.370	263.13
11.380	263.56
11.390	264.00
11.400	264.44
11.410	264.87
11.420	265.31
11.430	265.75
11.440	266.18
11.450	266.62
11.460	267.06
11.470	267.50
11.480	267.94
11.490	268.38
11.500	268.82
11.510	269.26
11.520	269.70
11.530	270.14
11.540	270.58
11.550	271.02
11.560	271.46
11.570	271.90
11.580	272.34
11.590	272.78
11.600	273.23
11.610	273.67
11.620	274.11
11.630	274.56
11.640	275.00
11.650	275.44
11.660	275.89
11.670	276.33
11.680	276.78
11.690	277.22
11.700	277.67
11.710	278.11
11.720	278.56
11.730	279.01
11.740	279.45
11.750	279.90
11.760	280.35
11.770	280.80
11.780	281.24
11.790	281.69
11.800	282.14
11.810	282.59
11.820	283.04
11.830	283.49
11.840	283.94
11.850	284.39
11.860	284.84
11.870	285.29
11.880	285.74
11.890	286.19
11.900	286.64
11.910	287.09
11.920	287.55
11.930	288.00
11.940	288.45
11.950	288.91
11.960	289.36
11.970	289.81
11.980	290.27
11.990	290.72
12.000	291.18
12.010	291.63
12.020	292.09
12.030	292.54
12.040	293.00
12.050	293.45
12.060	293.91
12.070	294.37
12.080	294.82
12.090	295.28
12.100	295.74
12.110	296.20
12.120	296.66
12.130	297.11
12.140	297.57
12.150	298.03
12.160	298.49
12.170	298.95
12.180	299.41
12.190	299.87
12.200	300.33
12.210	300.80
12.220	301.26
12.230	301.72
12.240	302.18
12.250	302.64
12.260	303.11
12.270	303.57
12.280	304.03
12.290	304.49
12.300	304.96
12.310	305.42
12.320	305.89
12.330	306.35
12.340	306.82
12.350	307.28
12.360	307.75
12.370	308.21
12.380	308.68
12.390	309.15
12.400	309.61
12.410	310.08
12.420	310.55
12.430	311.02
12.440	311.48
12.450	311.95
12.460	312.42
12.470	312.89
12.480	313.36
12.490	313.83
12.500	314.30
12.510	314.77
12.520	315.24
12.530	315.71
12.540	316.18
12.550	316.65
12.560	317.12
12.570	317.60
12.580	318.07
12.590	318.54
12.600	319.01
12.610	319.49
12.620	319.96
12.630	320.43
12.640	320.91
12.650	321.38
12.660	321.86
12.670	322.33
12.680	322.81
12.690	323.28
12.700	323.76
12.710	324.24
12.720	324.71
12.730	325.19
12.740	325.67
12.750	326.14
12.760	326.62
12.770	327.10
12.780	327.58
12.790	328.06
12.800	328.54
12.810	329.01
12.820	329.49
12.830	329.97
12.840	330.45
12.850	330.93
12.860	331.41
12.870	331.90
12.880	332.38
12.890	332.86
12.900	333.34
12.910	333.82
12.920	334.31
12.930	334.79
12.940	335.27
12.950	335.75
12.960	336.24
12.970	336.72
12.980	337.21
12.990	337.69
13.000	338.18
13.010	338.66
13.020	339.15
13.030	339.63
13.040	340.12
13.050	340.60
13.060	341.09
13.070	341.58
13.080	342.07
13.090	342.55
13.100	343.04
13.110	343.53
13.120	344.02
13.130	344.51
13.140	345.00
13.150	345.48
13.160	345.97
13.170	346.46
13.180	346.95
13.190	347.44
13.200	347.94
13.210	348.43
13.220	348.92
13.230	349.41
13.240	349.90
13.250	350.39
13.260	350.89
13.270	351.38
13.280	351.87
13.290	352.37
13.300	352.86
13.310	353.35
13.320	353.85
13.330	354.34
13.340	354.84
13.350	355.33
13.360	355.83
13.370	356.33
13.380	356.82
13.390	357.32
13.400	357.81
13.410	358.31
13.420	358.81
13.430	359.31
13.440	359.80
13.450	360.30
13.460	360.80
13.470	361.30
13.480	361.80
13.490	362.30
13.500	362.80
13.510	363.30
13.520	363.80
13.530	364.30
13.540	364.80
13.550	365.30
13.560	365.80
13.570	366.30
13.580	366.81
13.590	367.31
13.600	367.81
13.610	368.31
13.620	368.82
13.630	369.32
13.640	369.83
13.650	370.33
13.660	370.83
13.670	371.34
13.680	371.84
13.690	372.35
13.700	372.85
13.710	373.36
13.720	373.87
13.730	374.37
13.740	374.88
13.750	375.39
13.760	375.89
13.770	376.40
13.780	376.91
13.790	377.42
13.800	377.93
13.810	378.44
13.820	378.94
13.830	379.45
13.840	379.96
13.850	380.47
13.860	380.98
13.870	381.50
13.880	382.01
13.890	382.52
13.900	383.03
13.910	383.54
13.920	384.05
13.930	384.57
13.940	385.08
13.950	385.59
13.960	386.10
13.970	386.62
13.980	387.13
13.990	387.65
14.000	388.16
14.010	388.67
14.020	389.19
14.030	389.71
14.040	390.22
14.050	390.74
14.060	391.25
14.070	391.77
14.080	392.29
14.090	392.80
14.100	393.32
14.110	393.84
14.120	394.36
14.130	394.88
14.140	395.39
14.150	395.91
14.160	396.43
14.170	396.95
14.180	397.47
14.190	397.99
14.200	398.51
14.210	399.03
14.220	399.55
14.230	400.07
14.240	400.60
14.250	401.12
14.260	401.64
14.270	402.16
14.280	402.68
14.290	403.21
14.300	403.73
14.310	404.25
14.320	404.78
14.330	405.30
14.340	405.83
14.350	406.35
14.360	406.88
14.370	407.40
14.380	407.93
14.390	408.45
14.400	408.98
14.410	409.51
14.420	410.03
14.430	410.56
14.440	411.09
14.450	411.62
14.460	412.14
14.470	412.67
14.480	413.20
14.490	413.73
14.500	414.26
14.510	414.79
14.520	415.32
14.530	415.85
14.540	416.38
14.550	416.91
14.560	417.44
14.570	417.97
14.580	418.50
14.590	419.03
14.600	419.57
14.610	420.10
14.620	420.63
14.630	421.16
14.640	421.70
14.650	422.23
14.660	422.77
14.670	423.30
14.680	423.83
14.690	424.37
14.700	424.90
14.710	425.44
14.720	425.98
14.730	426.51
14.740	427.05
14.750	427.58
14.760	428.12
14.770	428.66
14.780	429.20
14.790	429.73
14.800	430.27
14.810	430.81
14.820	431.35
14.830	431.89
14.840	432.43
14.850	432.97
14.860	433.50
14.870	434.04
14.880	434.59
14.890	435.13
14.900	435.67
14.910	436.21
14.920	436.75
14.930	437.29
14.940	437.83
14.950	438.38
14.960	438.92
14.970	439.46
14.980	440.00
14.990	440.55
15.000	441.09
15.010	441.64
15.020	442.18
15.030	442.73
15.040	443.27
15.050	443.82
15.060	444.36
15.070	444.91
15.080	445.45
15.090	446.00
15.100	446.55
15.110	447.09
15.120	447.64
15.130	448.19
15.140	448.74
15.150	449.29
15.160	449.83
15.170	450.38
15.180	450.93
15.190	451.48
15.200	452.03
15.210	452.58
15.220	453.13
15.230	453.68
15.240	454.23
15.250	454.78
15.260	455.34
15.270	455.89
15.280	456.44
15.290	456.99
15.300	457.55
15.310	458.10
15.320	458.65
15.330	459.20
15.340	459.76
15.350	460.31
15.360	460.87
15.370	461.42
15.380	461.98
15.390	462.53
15.400	463.09
15.410	463.64
15.420	464.20
15.430	464.76
15.440	465.31
15.450	465.87
15.460	466.43
15.470	466.99
15.480	467.54
15.490	468.10
15.500	468.66
15.510	469.22
15.520	469.78
15.530	470.34
15.540	470.90
15.550	471.46
15.560	472.02
15.570	472.58
15.580	473.14
15.590	473.70
15.600	474.26
15.610	474.82
15.620	475.39
15.630	475.95
15.640	476.51
15.650	477.07
15.660	477.64
15.670	478.20
15.680	478.77
15.690	479.33
15.700	479.89
15.710	480.46
15.720	481.02
15.730	481.59
15.740	482.15
15.750	482.72
15.760	483.29
15.770	483.85
15.780	484.42
15.790	484.99
15.800	485.55
15.810	486.12
15.820	486.69
15.830	487.26
15.840	487.83
15.850	488.40
15.860	488.97
15.870	489.53
15.880	490.10
15.890	490.67
15.900	491.24
15.910	491.82
15.920	492.39
15.930	492.96
15.940	493.53
15.950	494.10
15.960	494.67
15.970	495.25
15.980	495.82
15.990	496.39
16.000	496.96
16.010	497.54
16.020	498.11
16.030	498.69
16.040	499.26
16.050	499.84
16.060	500.41
16.070	500.99
16.080	501.56
16.090	502.14
16.100	502.71
16.110	503.29
16.120	503.87
16.130	504.44
16.140	505.02
16.150	505.60
16.160	506.18
16.170	506.76
16.180	507.33
16.190	507.91
16.200	508.49
16.210	509.07
16.220	509.65
16.230	510.23
16.240	510.81
16.250	511.39
16.260	511.97
16.270	512.56
16.280	513.14
16.290	513.72
16.300	514.30
16.310	514.88
16.320	515.47
16.330	516.05
16.340	516.63
16.350	517.22
16.360	517.80
16.370	518.38
16.380	518.97
16.390	519.55
16.400	520.14
16.410	520.72
16.420	521.31
16.430	521.90
16.440	522.48
16.450	523.07
16.460	523.66
16.470	524.24
16.480	524.83
16.490	525.42
16.500	526.01
16.510	526.60
16.520	527.18
16.530	527.77
16.540	528.36
16.550	528.95
16.560	529.54
16.570	530.13
16.580	530.72
16.590	531.31
16.600	531.90
16.610	532.50
16.620	533.09
16.630	533.68
16.640	534.27
16.650	534.86
16.660	535.46
16.670	536.05
16.680	536.64
16.690	537.24
16.700	537.83
16.710	538.43
16.720	539.02
16.730	539.62
16.740	540.21
16.750	540.81
16.760	541.40
16.770	542.00
16.780	542.59
16.790	543.19
16.800	543.79
16.810	544.39
16.820	544.98
16.830	545.58
16.840	546.18
16.850	546.78
16.860	547.38
16.870	547.98
16.880	548.58
16.890	549.17
16.900	549.77
16.910	550.38
16.920	550.98
16.930	551.58
16.940	552.18
16.950	552.78
16.960	553.38
16.970	553.98
16.980	554.59
16.990	555.19
17.000	555.79
17.010	556.39
17.020	557.00
17.030	557.60
17.040	558.21
17.050	558.81
17.060	559.42
17.070	560.02
17.080	560.63
17.090	561.23
17.100	561.84
17.110	562.44
17.120	563.05
17.130	563.66
17.140	564.26
17.150	564.87
17.160	565.48
17.170	566.09
17.180	566.70
17.190	567.31
17.200	567.91
17.210	568.52
17.220	569.13
17.230	569.74
17.240	570.35
17.250	570.96
17.260	571.57
17.270	572.19
17.280	572.80
17.290	573.41
17.300	574.02
17.310	574.63
17.320	575.25
17.330	575.86
17.340	576.47
17.350	577.09
17.360	577.70
17.370	578.31
17.380	578.93
17.390	579.54
17.400	580.16
17.410	580.77
17.420	581.39
17.430	582.00
17.440	582.62
17.450	583.24
17.460	583.85
17.470	584.47
17.480	585.09
17.490	585.71
17.500	586.32
17.510	586.94
17.520	587.56
17.530	588.18
17.540	588.80
17.550	589.42
17.560	590.04
17.570	590.66
17.580	591.28
17.590	591.90
17.600	592.52
17.610	593.14
17.620	593.76
17.630	594.39
17.640	595.01
17.650	595.63
17.660	596.25
17.670	596.88
17.680	597.50
17.690	598.12
17.700	598.75
17.710	599.37
17.720	600.00
17.730	600.62
17.740	601.25
17.750	601.87
17.760	602.50
17.770	603.13
17.780	603.75
17.790	604.38
17.800	605.01
17.810	605.63
17.820	606.26
17.830	606.89
17.840	607.52
17.850	608.15
17.860	608.77
17.870	609.40
17.880	610.03
17.890	610.66
17.900	611.29
17.910	611.92
17.920	612.55
17.930	613.19
17.940	613.82
17.950	614.45
17.960	615.08
17.970	615.71
17.980	616.35
17.990	616.98
18.000	617.61
18.010	618.25
18.020	618.88
18.030	619.51
18.040	620.15
18.050	620.78
18.060	621.42
18.070	622.05
18.080	622.69
18.090	623.32
18.100	623.96
18.110	624.60
18.120	625.23
18.130	625.87
18.140	626.51
18.150	627.15
18.160	627.79
18.170	628.42
18.180	629.06
18.190	629.70
18.200	630.34
18.210	630.98
18.220	631.62
18.230	632.26
18.240	632.90
18.250	633.54
18.260	634.18
18.270	634.82
18.280	635.47
18.290	636.11
18.300	636.75
18.310	637.39
18.320	638.04
18.330	638.68
18.340	639.32
18.350	639.97
18.360	640.61
18.370	641.26
18.380	641.90
18.390	642.55
18.400	643.19
18.410	643.84
18.420	644.48
18.430	645.13
18.440	645.78
18.450	646.42
18.460	647.07
18.470	647.72
18.480	648.37
18.490	649.02
18.500	649.66
18.510	650.31
18.520	650.96
18.530	651.61
18.540	652.26
18.550	652.91
18.560	653.56
18.570	654.21
18.580	654.86
18.590	655.52
18.600	656.17
18.610	656.82
18.620	657.47
18.630	658.12
18.640	658.78
18.650	659.43
18.660	660.08
18.670	660.74
18.680	661.39
18.690	662.05
18.700	662.70
18.710	663.36
18.720	664.01
18.730	664.67
18.740	665.32
18.750	665.98
18.760	666.64
18.770	667.29
18.780	667.95
18.790	668.61
18.800	669.27
18.810	669.93
18.820	670.58
18.830	671.24
18.840	671.90
18.850	672.56
18.860	673.22
18.870	673.88
18.880	674.54
18.890	675.20
18.900	675.86
18.910	676.53
18.920	677.19
18.930	677.85
18.940	678.51
18.950	679.17
18.960	679.84
18.970	680.50
18.980	681.16
18.990	681.83
19.000	682.49
19.010	683.16
19.020	683.82
19.030	684.49
19.040	685.15
19.050	685.82
19.060	686.48
19.070	687.15
19.080	687.82
19.090	688.48
19.100	689.15
19.110	689.82
19.120	690.49
19.130	691.16
19.140	691.82
19.150	692.49
19.160	693.16
19.170	693.83
19.180	694.50
19.190	695.17
19.200	695.84
19.210	696.51
19.220	697.18
19.230	697.86
19.240	698.53
19.250	699.20
19.260	699.87
19.270	700.54
19.280	701.22
19.290	701.89
19.300	702.56
19.310	703.24
19.320	703.91
19.330	704.59
19.340	705.26
19.350	705.94
19.360	706.61
19.370	707.29
19.380	707.97
19.390	708.64
19.400	709.32
19.410	710.00
19.420	710.67
19.430	711.35
19.440	712.03
19.450	712.71
19.460	713.39
19.470	714.07
19.480	714.75
19.490	715.43
19.500	716.11
19.510	716.79
19.520	717.47
19.530	718.15
19.540	718.83
19.550	719.51
19.560	720.19
19.570	720.87
19.580	721.56
19.590	722.24
19.600	722.92
19.610	723.61
19.620	724.29
19.630	724.97
19.640	725.66
19.650	726.34
19.660	727.03
19.670	727.71
19.680	728.40
19.690	729.09
19.700	729.77
19.710	730.46
19.720	731.15
19.730	731.83
19.740	732.52
19.750	733.21
19.760	733.90
19.770	734.59
19.780	735.28
19.790	735.97
19.800	736.65
19.810	737.34
19.820	738.03
19.830	738.73
19.840	739.42
19.850	740.11
19.860	740.80
19.870	741.49
19.880	742.18
19.890	742.88
19.900	743.57
19.910	744.26
19.920	744.96
19.930	745.65
19.940	746.34
19.950	747.04
19.960	747.73
19.970	748.43
19.980	749.12
19.990	749.82
20.000	750.52
20.010	751.21
20.020	751.91
20.030	752.61
20.040	753.30
20.050	754.00
20.060	754.70
20.070	755.40
20.080	756.10
20.090	756.79
20.100	757.49
20.110	758.19
20.120	758.89
20.130	759.59
20.140	760.29
20.150	761.00
20.160	761.70
20.170	762.40
20.180	763.10
20.190	763.80
20.200	764.50
20.210	765.21
20.220	765.91
20.230	766.61
20.240	767.32
20.250	768.02
20.260	768.73
20.270	769.43
20.280	770.14
20.290	770.84
20.300	771.55
20.310	772.25
20.320	772.96
20.330	773.67
20.340	774.38
20.350	775.08
20.360	775.79
20.370	776.50
20.380	777.21
20.390	777.92
20.400	778.62
20.410	779.33
20.420	780.04
20.430	780.75
20.440	781.46
20.450	782.18
20.460	782.89
20.470	783.60
20.480	784.31
20.490	785.02
20.500	785.73
20.510	786.45
20.520	787.16
20.530	787.87
20.540	788.59
20.550	789.30
20.560	790.02
20.570	790.73
20.580	791.45
20.590	792.16
20.600	792.88
20.610	793.59
20.620	794.31
20.630	795.03
20.640	795.74
20.650	796.46
20.660	797.18
20.670	797.90
20.680	798.61
20.690	799.33
20.700	800.05
20.710	800.77
20.720	801.49
20.730	802.21
20.740	802.93
20.750	803.65
20.760	804.37
20.770	805.09
20.780	805.82
20.790	806.54
20.800	807.26
20.810	807.98
20.820	808.71
20.830	809.43
20.840	810.15
20.850	810.88
20.860	811.60
20.870	812.33
20.880	813.05
20.890	813.78
20.900	814.50
20.910	815.23
20.920	815.95
20.930	816.68
20.940	817.41
20.950	818.13
20.960	818.86
20.970	819.59
20.980	820.32
20.990	821.05
21.000	821.78
21.010	822.51
21.020	823.24
21.030	823.97
21.040	824.70
21.050	825.43
21.060	826.16
21.070	826.89
21.080	827.62
21.090	828.35
21.100	829.08
21.110	829.82
21.120	830.55
21.130	831.28
21.140	832.02
21.150	832.75
21.160	833.49
21.170	834.22
21.180	834.96
21.190	835.69
21.200	836.43
21.210	837.16
21.220	837.90
21.230	838.64
21.240	839.37
21.250	840.11
21.260	840.85
21.270	841.59
21.280	842.33
21.290	843.06
21.300	843.80
21.310	844.54
21.320	845.28
21.330	846.02
21.340	846.76
21.350	847.50
21.360	848.25
21.370	848.99
21.380	849.73
21.390	850.47
21.400	851.21
21.410	851.96
21.420	852.70
21.430	853.44
21.440	854.19
21.450	854.93
21.460	855.68
21.470	856.42
21.480	857.17
21.490	857.91
21.500	858.66
21.510	859.40
21.520	860.15
21.530	860.90
21.540	861.64
21.550	862.39
21.560	863.14
21.570	863.89
21.580	864.64
21.590	865.39
21.600	866.14
21.610	866.89
21.620	867.64
21.630	868.39
21.640	869.14
21.650	869.89
21.660	870.64
21.670	871.39
21.680	872.14
21.690	872.90
21.700	873.65
21.710	874.40
21.720	875.16
21.730	875.91
21.740	876.66
21.750	877.42
21.760	878.17
21.770	878.93
21.780	879.68
21.790	880.44
21.800	881.20
21.810	881.95
21.820	882.71
21.830	883.47
21.840	884.22
21.850	884.98
21.860	885.74
21.870	886.50
21.880	887.26
21.890	888.02
21.900	888.78
21.910	889.54
21.920	890.30
21.930	891.06
21.940	891.82
21.950	892.58
21.960	893.34
21.970	894.11
21.980	894.87
21.990	895.63
22.000	896.39
22.010	897.16
22.020	897.92
22.030	898.69
22.040	899.45
22.050	900.22
22.060	900.98
22.070	901.75
22.080	902.51
22.090	903.28
22.100	904.05
22.110	904.81
22.120	905.58
22.130	906.35
22.140	907.12
22.150	907.89
22.160	908.65
22.170	909.42
22.180	910.19
22.190	910.96
22.200	911.73
22.210	912.50
22.220	913.28
22.230	914.05
22.240	914.82
22.250	915.59
22.260	916.36
22.270	917.14
22.280	917.91
22.290	918.68
22.300	919.46
22.310	920.23
22.320	921.00
22.330	921.78
22.340	922.56
22.350	923.33
22.360	924.11
22.370	924.88
22.380	925.66
22.390	926.44
22.400	927.21
22.410	927.99
22.420	928.77
22.430	929.55
22.440	930.33
22.450	931.11
22.460	931.89
22.470	932.67
22.480	933.45
22.490	934.23
22.500	935.01
22.510	935.79
22.520	936.57
22.530	937.35
22.540	938.14
22.550	938.92
22.560	939.70
22.570	940.48
22.580	941.27
22.590	942.05
22.600	942.84
22.610	943.62
22.620	944.41
22.630	945.19
22.640	945.98
22.650	946.77
22.660	947.55
22.670	948.34
22.680	949.13
22.690	949.91
22.700	950.70
22.710	951.49
22.720	952.28
22.730	953.07
22.740	953.86
22.750	954.65
22.760	955.44
22.770	956.23
22.780	957.02
22.790	957.81
22.800	958.61
22.810	959.40
22.820	960.19
22.830	960.98
22.840	961.78
22.850	962.57
22.860	963.36
22.870	964.16
22.880	964.95
22.890	965.75
22.900	966.54
22.910	967.34
22.920	968.14
22.930	968.93
22.940	969.73
22.950	970.53
22.960	971.32
22.970	972.12
22.980	972.92
22.990	973.72
23.000	974.52
23.010	975.32
23.020	976.12
23.030	976.92
23.040	977.72
23.050	978.52
23.060	979.32
23.070	980.12
23.080	980.92
23.090	981.73
23.100	982.53
23.110	983.33
23.120	984.14
23.130	984.94
23.140	985.75
23.150	986.55
23.160	987.36
23.170	988.16
23.180	988.97
23.190	989.77
23.200	990.58
23.210	991.39
23.220	992.19
23.230	993.00
23.240	993.81
23.250	994.62
23.260	995.43
23.270	996.24
23.280	997.05
23.290	997.85
23.300	998.67
23.310	999.48
23.320	1000.29
23.330	1001.10
23.340	1001.91
23.350	1002.72
23.360	1003.53
23.370	1004.35
23.380	1005.16
23.390	1005.97
23.400	1006.79
23.410	1007.60
23.420	1008.42
23.430	1009.23
23.440	1010.05
23.450	1010.86
23.460	1011.68
23.470	1012.50
23.480	1013.31
23.490	1014.13
23.500	1014.95
23.510	1015.77
23.520	1016.59
23.530	1017.41
23.540	1018.22
23.550	1019.04
23.560	1019.86
23.570	1020.68
23.580	1021.51
23.590	1022.33
23.600	1023.15
23.610	1023.97
23.620	1024.79
23.630	1025.62
23.640	1026.44
23.650	1027.26
23.660	1028.09
23.670	1028.91
23.680	1029.73
23.690	1030.56
23.700	1031.38
23.710	1032.21
23.720	1033.04
23.730	1033.86
23.740	1034.69
23.750	1035.52
23.760	1036.35
23.770	1037.17
23.780	1038.00
23.790	1038.83
23.800	1039.66
23.810	1040.49
23.820	1041.32
23.830	1042.15
23.840	1042.98
23.850	1043.81
23.860	1044.64
23.870	1045.47
23.880	1046.31
23.890	1047.14
23.900	1047.97
23.910	1048.81
23.920	1049.64
23.930	1050.47
23.940	1051.31
23.950	1052.14
23.960	1052.98
23.970	1053.81
23.980	1054.65
23.990	1055.49
24.000	1056.32
24.010	1057.16
24.020	1058.00
24.030	1058.84
24.040	1059.67
24.050	1060.51
24.060	1061.35
24.070	1062.19
24.080	1063.03
24.090	1063.87
24.100	1064.71
24.110	1065.55
24.120	1066.39
24.130	1067.24
24.140	1068.08
24.150	1068.92
24.160	1069.76
24.170	1070.61
24.180	1071.45
24.190	1072.30
24.200	1073.14
24.210	1073.99
24.220	1074.83
24.230	1075.68
24.240	1076.52
24.250	1077.37
24.260	1078.22
24.270	1079.06
24.280	1079.91
24.290	1080.76
24.300	1081.61
24.310	1082.46
24.320	1083.30
24.330	1084.15
24.340	1085.00
24.350	1085.85
24.360	1086.71
24.370	1087.56
24.380	1088.41
24.390	1089.26
24.400	1090.11
24.410	1090.97
24.420	1091.82
24.430	1092.67
24.440	1093.53
24.450	1094.38
24.460	1095.23
24.470	1096.09
24.480	1096.95
24.490	1097.80
24.500	1098.66
24.510	1099.51
24.520	1100.37
24.530	1101.23
24.540	1102.09
24.550	1102.94
24.560	1103.80
24.570	1104.66
24.580	1105.52
24.590	1106.38
24.600	1107.24
24.610	1108.10
24.620	1108.96
24.630	1109.82
24.640	1110.69
24.650	1111.55
24.660	1112.41
24.670	1113.27
24.680	1114.14
24.690	1115.00
24.700	1115.86
24.710	1116.73
24.720	1117.59
24.730	1118.46
24.740	1119.33
24.750	1120.19
24.760	1121.06
24.770	1121.92
24.780	1122.79
24.790	1123.66
24.800	1124.53
24.810	1125.40
24.820	1126.27
24.830	1127.13
24.840	1128.00
24.850	1128.87
24.860	1129.74
24.870	1130.62
24.880	1131.49
24.890	1132.36
24.900	1133.23
24.910	1134.10
24.920	1134.98
24.930	1135.85
24.940	1136.72
24.950	1137.60
24.960	1138.47
24.970	1139.35
24.980	1140.22
24.990	1141.10
25.000	1141.97
25.010	1142.85
25.020	1143.73
25.030	1144.60
25.040	1145.48
25.050	1146.36
25.060	1147.24
25.070	1148.12
25.080	1149.00
25.090	1149.88
25.100	1150.76
25.110	1151.64
25.120	1152.52
25.130	1153.40
25.140	1154.28
25.150	1155.16
25.160	1156.05
25.170	1156.93
25.180	1157.81
25.190	1158.70
25.200	1159.58
25.210	1160.46
25.220	1161.35
25.230	1162.23
25.240	1163.12
25.250	1164.01
25.260	1164.89
25.270	1165.78
25.280	1166.67
25.290	1167.56
25.300	1168.44
25.310	1169.33
25.320	1170.22
25.330	1171.11
25.340	1172.00
25.350	1172.89
25.360	1173.78
25.370	1174.67
25.380	1175.56
25.390	1176.46
25.400	1177.35
25.410	1178.24
25.420	1179.13
25.430	1180.03
25.440	1180.92
25.450	1181.82
25.460	1182.71
25.470	1183.61
25.480	1184.50
25.490	1185.40
25.500	1186.29
25.510	1187.19
25.520	1188.09
25.530	1188.99
25.540	1189.88
25.550	1190.78
25.560	1191.68
25.570	1192.58
25.580	1193.48
25.590	1194.38
25.600	1195.28
25.610	1196.18
25.620	1197.08
25.630	1197.99
25.640	1198.89
25.650	1199.79
25.660	1200.69
25.670	1201.60
25.680	1202.50
25.690	1203.41
25.700	1204.31
25.710	1205.21
25.720	1206.12
25.730	1207.03
25.740	1207.93
25.750	1208.84
25.760	1209.75
25.770	1210.65
25.780	1211.56
25.790	1212.47
25.800	1213.38
25.810	1214.29
25.820	1215.20
25.830	1216.11
25.840	1217.02
25.850	1217.93
25.860	1218.84
25.870	1219.75
25.880	1220.67
25.890	1221.58
25.900	1222.49
25.910	1223.41
25.920	1224.32
25.930	1225.24
25.940	1226.15
25.950	1227.07
25.960	1227.98
25.970	1228.90
25.980	1229.81
25.990	1230.73
26.000	1231.65
26.010	1232.57
26.020	1233.48
26.030	1234.40
26.040	1235.32
26.050	1236.24
26.060	1237.16
26.070	1238.08
26.080	1239.00
26.090	1239.92
26.100	1240.85
26.110	1241.77
26.120	1242.69
26.130	1243.61
26.140	1244.54
26.150	1245.46
26.160	1246.38
26.170	1247.31
26.180	1248.23
26.190	1249.16
26.200	1250.09
26.210	1251.01
26.220	1251.94
26.230	1252.87
26.240	1253.79
26.250	1254.72
26.260	1255.65
26.270	1256.58
26.280	1257.51
26.290	1258.44
26.300	1259.37
26.310	1260.30
26.320	1261.23
26.330	1262.16
26.340	1263.10
26.350	1264.03
26.360	1264.96
26.370	1265.89
26.380	1266.83
26.390	1267.76
26.400	1268.70
26.410	1269.63
26.420	1270.57
26.430	1271.50
26.440	1272.44
26.450	1273.38
26.460	1274.31
26.470	1275.25
26.480	1276.19
26.490	1277.13
26.500	1278.07
26.510	1279.01
26.520	1279.95
26.530	1280.89
26.540	1281.83
26.550	1282.77
26.560	1283.71
26.570	1284.65
26.580	1285.60
26.590	1286.54
26.600	1287.48
26.610	1288.43
26.620	1289.37
26.630	1290.32
26.640	1291.26
26.650	1292.21
26.660	1293.15
26.670	1294.10
26.680	1295.05
26.690	1295.99
26.700	1296.94
26.710	1297.89
26.720	1298.84
26.730	1299.79
26.740	1300.74
26.750	1301.69
26.760	1302.64
26.770	1303.59
26.780	1304.54
26.790	1305.49
26.800	1306.45
26.810	1307.40
26.820	1308.35
26.830	1309.31
26.840	1310.26
26.850	1311.21
26.860	1312.17
26.870	1313.13
26.880	1314.08
26.890	1315.04
26.900	1315.99
26.910	1316.95
26.920	1317.91
26.930	1318.87
26.940	1319.83
26.950	1320.79
26.960	1321.75
26.970	1322.71
26.980	1323.67
26.990	1324.63
27.000	1325.59
27.010	1326.55
27.020	1327.51
27.030	1328.48
27.040	1329.44
27.050	1330.40
27.060	1331.37
27.070	1332.33
27.080	1333.30
27.090	1334.26
27.100	1335.23
27.110	1336.19
27.120	1337.16
27.130	1338.13
27.140	1339.10
27.150	1340.06
27.160	1341.03
27.170	1342.00
27.180	1342.97
27.190	1343.94
27.200	1344.91
27.210	1345.88
27.220	1346.85
27.230	1347.83
27.240	1348.80
27.250	1349.77
27.260	1350.74
27.270	1351.72
27.280	1352.69
27.290	1353.67
27.300	1354.64
27.310	1355.62
27.320	1356.59
27.330	1357.57
27.340	1358.55
27.350	1359.53
27.360	1360.50
27.370	1361.48
27.380	1362.46
27.390	1363.44
27.400	1364.42
27.410	1365.40
27.420	1366.38
27.430	1367.36
27.440	1368.34
27.450	1369.33
27.460	1370.31
27.470	1371.29
27.480	1372.27
27.490	1373.26
27.500	1374.24
27.510	1375.23
27.520	1376.21
27.530	1377.20
27.540	1378.19
27.550	1379.17
27.560	1380.16
27.570	1381.15
27.580	1382.14
27.590	1383.12
27.600	1384.11
27.610	1385.10
27.620	1386.09
27.630	1387.08
27.640	1388.07
27.650	1389.07
27.660	1390.06
27.670	1391.05
27.680	1392.04
27.690	1393.04
27.700	1394.03
27.710	1395.03
27.720	1396.02
27.730	1397.02
27.740	1398.01
27.750	1399.01
27.760	1400.00
27.770	1401.00
27.780	1402.00
27.790	1403.00
27.800	1404.00
27.810	1404.99
27.820	1405.99
27.830	1406.99
27.840	1408.00
27.850	1409.00
27.860	1410.00
27.870	1411.00
27.880	1412.00
27.890	1413.01
27.900	1414.01
27.910	1415.01
27.920	1416.02
27.930	1417.02
27.940	1418.03
27.950	1419.03
27.960	1420.04
27.970	1421.05
27.980	1422.05
27.990	1423.06
28.000	1424.07
28.010	1425.08
28.020	1426.09
28.030	1427.10
28.040	1428.11
28.050	1429.12
28.060	1430.13
28.070	1431.14
28.080	1432.15
28.090	1433.17
28.100	1434.18
28.110	1435.19
28.120	1436.21
28.130	1437.22
28.140	1438.24
28.150	1439.25
28.160	1440.27
28.170	1441.28
28.180	1442.30
28.190	1443.32
28.200	1444.34
28.210	1445.35
28.220	1446.37
28.230	1447.39
28.240	1448.41
28.250	1449.43
28.260	1450.45
28.270	1451.48
28.280	1452.50
28.290	1453.52
28.300	1454.54
28.310	1455.57
28.320	1456.59
28.330	1457.61
28.340	1458.64
28.350	1459.67
28.360	1460.69
28.370	1461.72
28.380	1462.74
28.390	1463.77
28.400	1464.80
28.410	1465.83
28.420	1466.86
28.430	1467.89
28.440	1468.92
28.450	1469.95
28.460	1470.98
28.470	1472.01
28.480	1473.04
28.490	1474.07
28.500	1475.10
28.510	1476.14
28.520	1477.17
28.530	1478.21
28.540	1479.24
28.550	1480.28
28.560	1481.31
28.570	1482.35
28.580	1483.39
28.590	1484.42
28.600	1485.46
28.610	1486.50
28.620	1487.54
28.630	1488.58
28.640	1489.62
28.650	1490.66
28.660	1491.70
28.670	1492.74
28.680	1493.78
28.690	1494.82
28.700	1495.87
28.710	1496.91
28.720	1497.95
28.730	1499.00
28.740	1500.04
28.750	1501.09
28.760	1502.13
28.770	1503.18
28.780	1504.23
28.790	1505.27
28.800	1506.32
28.810	1507.37
28.820	1508.42
28.830	1509.47
28.840	1510.52
28.850	1511.57
28.860	1512.62
28.870	1513.67
28.880	1514.72
28.890	1515.78
28.900	1516.83
28.910	1517.88
28.920	1518.94
28.930	1519.99
28.940	1521.05
28.950	1522.10
28.960	1523.16
28.970	1524.21
28.980	1525.27
28.990	1526.33
29.000	1527.39
29.010	1528.45
29.020	1529.50
29.030	1530.56
29.040	1531.62
29.050	1532.68
29.060	1533.75
29.070	1534.81
29.080	1535.87
29.090	1536.93
29.100	1538.00
29.110	1539.06
29.120	1540.12
29.130	1541.19
29.140	1542.25
29.150	1543.32
29.160	1544.39
29.170	1545.45
29.180	1546.52
29.190	1547.59
29.200	1548.66
29.210	1549.73
29.220	1550.79
29.230	1551.86
29.240	1552.94
29.250	1554.01
29.260	1555.08
29.270	1556.15
29.280	1557.22
29.290	1558.30
29.300	1559.37
29.310	1560.44
29.320	1561.52
29.330	1562.59
29.340	1563.67
29.350	1564.75
29.360	1565.82
29.370	1566.90
29.380	1567.98
29.390	1569.06
29.400	1570.13
29.410	1571.21
29.420	1572.29
29.430	1573.37
29.440	1574.45
29.450	1575.54
29.460	1576.62
29.470	1577.70
29.480	1578.78
29.490	1579.87
29.500	1580.95
29.510	1582.04
29.520	1583.12
29.530	1584.21
29.540	1585.29
29.550	1586.38
29.560	1587.47
29.570	1588.56
29.580	1589.64
29.590	1590.73
29.600	1591.82
29.610	1592.91
29.620	1594.00
29.630	1595.09
29.640	1596.19
29.650	1597.28
29.660	1598.37
29.670	1599.46
29.680	1600.56
29.690	1601.65
29.700	1602.75
29.710	1603.84
29.720	1604.94
29.730	1606.03
29.740	1607.13
29.750	1608.23
29.760	1609.33
29.770	1610.42
29.780	1611.52
29.790	1612.62
29.800	1613.72
29.810	1614.82
29.820	1615.92
29.830	1617.03
29.840	1618.13
29.850	1619.23
29.860	1620.33
29.870	1621.44
29.880	1622.54
29.890	1623.65
29.900	1624.75
29.910	1625.86
29.920	1626.97
29.930	1628.07
29.940	1629.18
29.950	1630.29
29.960	1631.40
29.970	1632.51
29.980	1633.62
29.990	1634.73
30.000	1635.84
