x(m)	theta_c(grad)
0.00	85.000
0.01	84.953
0.02	84.908
0.03	84.867
0.04	84.828
0.05	84.791
0.06	84.757
0.07	84.724
0.08	84.694
0.09	84.665
0.11	84.637
0.12	84.611
0.13	84.586
0.15	84.562
0.16	84.539
0.17	84.518
0.19	84.497
0.20	84.478
0.22	84.459
0.24	84.441
0.25	84.423
0.27	84.407
0.29	84.391
0.30	84.376
0.32	84.361
0.34	84.347
0.36	84.333
0.38	84.320
0.40	84.307
0.42	84.295
0.44	84.283
0.46	84.272
0.48	84.261
0.50	84.250
0.52	84.239
0.54	84.229
0.57	84.220
0.59	84.210
0.61	84.201
0.64	84.192
0.66	84.184
0.68	84.176
0.71	84.167
0.74	84.160
0.76	84.152
0.79	84.145
0.81	84.137
0.84	84.130
0.87	84.123
0.90	84.117
0.92	84.110
0.95	84.104
0.98	84.098
1.01	84.092
1.04	84.086
1.07	84.080
1.10	84.075
1.13	84.069
1.16	84.064
1.19	84.059
1.23	84.054
1.26	84.049
1.29	84.044
1.32	84.039
1.36	84.034
1.39	84.030
1.42	84.026
1.46	84.021
1.49	84.017
1.53	84.013
1.57	84.009
1.60	84.005
1.64	84.001
1.68	83.997
1.71	83.993
1.75	83.990
1.79	83.986
1.83	83.983
1.87	83.979
1.91	83.976
1.95	83.972
1.99	83.969
2.03	83.966
2.07	83.963
2.11	83.960
2.15	83.957
2.19	83.954
2.24	83.951
2.28	83.948
2.32	83.945
2.37	83.942
2.41	83.940
2.46	83.937
2.50	83.934
2.55	83.932
2.59	83.929
2.64	83.927
2.68	83.924
2.73	83.922
2.78	83.920
2.83	83.917
2.87	83.915
2.92	83.913
2.97	83.911
3.02	83.909
3.07	83.906
3.12	83.904
3.17	83.902
3.22	83.900
3.27	83.898
3.32	83.896
3.38	83.894
3.43	83.892
3.48	83.890
3.53	83.889
3.59	83.887
3.64	83.885
3.70	83.883
3.75	83.881
3.81	83.880
3.86	83.878
3.92	83.876
3.97	83.875
4.03	83.873
4.09	83.872
4.15	83.870
4.20	83.868
4.26	83.867
4.32	83.865
4.38	83.864
4.44	83.862
4.50	83.861
4.56	83.860
4.62	83.858
4.68	83.857
4.74	83.855
4.81	83.854
4.87	83.853
4.93	83.851
4.99	83.850
5.06	83.849
5.12	83.848
5.19	83.846
5.25	83.845
5.31	83.844
5.38	83.843
5.45	83.841
5.51	83.840
5.58	83.839
5.65	83.838
5.71	83.837
5.78	83.836
5.85	83.835
5.92	83.834
5.99	83.833
6.06	83.831
6.13	83.830
6.20	83.829
6.27	83.828
6.34	83.827
6.41	83.826
6.48	83.825
6.55	83.824
6.63	83.824
6.70	83.823
6.77	83.822
6.85	83.821
6.92	83.820
7.00	83.819
7.07	83.818
7.15	83.817
7.22	83.816
7.30	83.815
7.37	83.815
7.45	83.814
7.53	83.813
7.61	83.812
7.69	83.811
7.76	83.811
7.84	83.810
7.92	83.809
8.00	83.808
8.08	83.807
8.16	83.807
8.24	83.806
8.33	83.805
8.41	83.805
8.49	83.804
8.57	83.803
8.65	83.802
8.74	83.802
8.82	83.801
8.91	83.800
8.99	83.800
9.08	83.799
9.16	83.798
9.25	83.798
9.33	83.797
9.42	83.796
9.51	83.796
9.59	83.795
9.68	83.795
9.77	83.794
9.86	83.793
9.95	83.793
10.04	83.792
10.13	83.792
10.22	83.791
10.31	83.790
10.40	83.790
10.49	83.789
10.58	83.789
10.67	83.788
10.77	83.788
10.86	83.787
10.95	83.787
11.05	83.786
11.14	83.786
11.23	83.785
11.33	83.785
11.42	83.784
11.52	83.784
11.62	83.783
11.71	83.783
11.81	83.782
11.91	83.782
12.00	83.781
12.10	83.781
12.20	83.780
12.30	83.780
12.40	83.780
12.50	83.779
12.60	83.779
12.70	83.778
12.80	83.778
12.90	83.777
13.00	83.777
13.11	83.777
13.21	83.776
13.31	83.776
13.42	83.775
13.52	83.775
13.62	83.775
13.73	83.774
13.83	83.774
13.94	83.773
14.04	83.773
14.15	83.773
14.26	83.772
14.36	83.772
14.47	83.772
14.58	83.771
14.69	83.771
14.80	83.771
14.90	83.770
15.01	83.770
15.12	83.770
15.23	83.769
15.34	83.769
15.45	83.769
15.57	83.768
15.68	83.768
15.79	83.768
15.90	83.767
16.02	83.767
16.13	83.767
16.24	83.766
16.36	83.766
16.47	83.766
16.59	83.765
16.70	83.765
16.82	83.765
16.93	83.765
17.05	83.764
17.17	83.764
17.28	83.764
17.40	83.764
17.52	83.763
17.64	83.763
17.76	83.763
17.88	83.762
18.00	83.762
18.12	83.762
18.24	83.762
18.36	83.761
18.48	83.761
18.60	83.761
18.72	83.761
18.85	83.761
18.97	83.760
19.09	83.760
19.22	83.760
19.34	83.760
19.47	83.759
19.59	83.759
19.72	83.759
19.84	83.759
19.97	83.759
20.09	83.758
20.22	83.758
20.35	83.758
20.48	83.758
20.61	83.758
20.73	83.757
20.86	83.757
20.99	83.757
21.12	83.757
21.25	83.757
21.38	83.756
21.51	83.756
21.65	83.756
21.78	83.756
21.91	83.756
22.04	83.755
22.18	83.755
22.31	83.755
22.44	83.755
22.58	83.755
22.71	83.755
22.85	83.754
22.98	83.754
23.12	83.754
23.25	83.754
23.39	83.754
23.53	83.754
23.67	83.754
23.80	83.753
23.94	83.753
24.08	83.753
24.22	83.753
24.36	83.753
24.50	83.753
24.64	83.753
24.78	83.752
24.92	83.752
25.06	83.752
25.20	83.752
25.35	83.752
25.49	83.752
25.63	83.752
25.78	83.751
25.92	83.751
26.06	83.751
26.21	83.751
26.35	83.751
26.50	83.751
26.65	83.751
26.79	83.751
26.94	83.751
27.09	83.750
27.23	83.750
27.38	83.750
27.53	83.750
27.68	83.750
27.83	83.750
27.98	83.750
28.13	83.750
28.28	83.750
28.43	83.750
28.58	83.749
28.73	83.749
28.88	83.749
29.04	83.749
29.19	83.749
29.34	83.749
29.50	83.749
29.65	83.749
29.80	83.749
29.96	83.749
30.11	83.749
30.27	83.749
30.43	83.748
30.58	83.748
30.74	83.748
30.90	83.748
31.05	83.748
31.21	83.748
31.37	83.748
31.53	83.748
31.69	83.748
31.85	83.748
32.01	83.748
32.17	83.748
32.33	83.748
32.49	83.748
32.65	83.748
32.82	83.747
32.98	83.747
33.14	83.747
33.30	83.747
33.47	83.747
33.63	83.747
33.80	83.747
33.96	83.747
34.13	83.747
34.29	83.747
34.46	83.747
34.63	83.747
34.79	83.747
34.96	83.747
35.13	83.747
35.30	83.747
35.46	83.747
35.63	83.747
35.80	83.747
35.97	83.747
36.14	83.747
36.31	83.747
36.48	83.747
36.66	83.746
36.83	83.746
37.00	83.746
37.17	83.746
37.35	83.746
37.52	83.746
37.69	83.746
37.87	83.746
38.04	83.746
38.22	83.746
38.39	83.746
38.57	83.746
38.74	83.746
38.92	83.746
39.10	83.746
39.28	83.746
39.45	83.746
39.63	83.746
39.81	83.746
39.99	83.746
40.17	83.746
40.35	83.746
40.53	83.746
40.71	83.746
40.89	83.746
41.07	83.746
41.26	83.746
41.44	83.746
41.62	83.746
41.80	83.746
41.99	83.746
42.17	83.746
42.36	83.746
42.54	83.746
42.73	83.746
42.91	83.746
43.10	83.746
43.28	83.746
43.47	83.746
43.66	83.746
43.85	83.746
44.03	83.746
44.22	83.746
44.41	83.746
44.60	83.746
44.79	83.746
44.98	83.746
45.17	83.746
45.36	83.746
45.55	83.746
45.74	83.746
45.94	83.746
46.13	83.746
46.32	83.746
46.51	83.746
46.71	83.746
46.90	83.746
47.10	83.746
47.29	83.746
47.49	83.746
47.68	83.746
47.88	83.746
48.08	83.746
48.27	83.747
48.47	83.747
48.67	83.747
48.87	83.747
49.07	83.747
49.26	83.747
49.46	83.747
49.66	83.747
49.86	83.747
50.06	83.747
50.27	83.747
50.47	83.747
50.67	83.747
50.87	83.747
51.07	83.747
51.28	83.747
51.48	83.747
51.68	83.747
51.89	83.747
52.09	83.747
52.30	83.747
52.50	83.747
52.71	83.747
52.92	83.747
53.12	83.747
53.33	83.747
53.54	83.747
53.74	83.747
53.95	83.748
54.16	83.748
54.37	83.748
54.58	83.748
54.79	83.748
55.00	83.748
55.21	83.748
55.42	83.748
55.63	83.748
55.85	83.748
56.06	83.748
56.27	83.748
56.48	83.748
56.70	83.748
56.91	83.748
57.13	83.748
57.34	83.748
57.56	83.748
57.77	83.748
57.99	83.749
58.21	83.749
58.42	83.749
58.64	83.749
58.86	83.749
59.07	83.749
59.29	83.749
59.51	83.749
59.73	83.749
59.95	83.749
60.17	83.749
60.39	83.749
60.61	83.749
60.83	83.749
61.06	83.749
61.28	83.749
61.50	83.750
61.72	83.750
61.95	83.750
62.17	83.750
62.39	83.750
62.62	83.750
62.84	83.750
63.07	83.750
63.29	83.750
63.52	83.750
63.75	83.750
63.97	83.750
64.20	83.750
64.43	83.750
64.66	83.750
64.89	83.751
65.12	83.751
65.34	83.751
65.57	83.751
65.80	83.751
66.03	83.751
66.27	83.751
66.50	83.751
66.73	83.751
66.96	83.751
67.19	83.751
67.43	83.751
67.66	83.751
67.89	83.752
68.13	83.752
68.36	83.752
68.60	83.752
68.83	83.752
69.07	83.752
69.31	83.752
69.54	83.752
69.78	83.752
70.02	83.752
70.25	83.752
70.49	83.752
70.73	83.753
70.97	83.753
71.21	83.753
71.45	83.753
71.69	83.753
71.93	83.753
72.17	83.753
72.41	83.753
72.65	83.753
72.90	83.753
73.14	83.753
73.38	83.754
73.62	83.754
73.87	83.754
74.11	83.754
74.36	83.754
74.60	83.754
74.85	83.754
75.09	83.754
75.34	83.754
75.59	83.754
75.83	83.754
76.08	83.755
76.33	83.755
76.58	83.755
76.83	83.755
77.07	83.755
77.32	83.755
77.57	83.755
77.82	83.755
78.07	83.755
78.33	83.755
78.58	83.756
78.83	83.756
79.08	83.756
79.33	83.756
79.59	83.756
79.84	83.756
80.09	83.756
80.35	83.756
80.60	83.756
80.86	83.756
81.11	83.757
81.37	83.757
81.62	83.757
81.88	83.757
82.14	83.757
82.39	83.757
82.65	83.757
82.91	83.757
83.17	83.757
83.43	83.758
83.69	83.758
83.95	83.758
84.21	83.758
84.47	83.758
84.73	83.758
84.99	83.758
85.25	83.758
85.51	83.758
85.78	83.758
86.04	83.759
86.30	83.759
86.57	83.759
86.83	83.759
87.09	83.759
87.36	83.759
87.62	83.759
87.89	83.759
88.16	83.759
88.42	83.760
88.69	83.760
88.96	83.760
89.22	83.760
89.49	83.760
89.76	83.760
90.03	83.760
90.30	83.760
90.57	83.761
90.84	83.761
91.11	83.761
91.38	83.761
91.65	83.761
91.92	83.761
92.19	83.761
92.47	83.761
92.74	83.761
93.01	83.762
93.28	83.762
93.56	83.762
93.83	83.762
94.11	83.762
94.38	83.762
94.66	83.762
94.93	83.762
95.21	83.763
95.49	83.763
95.76	83.763
96.04	83.763
96.32	83.763
96.60	83.763
96.88	83.763
97.15	83.763
97.43	83.764
97.71	83.764
97.99	83.764
98.27	83.764
98.56	83.764
98.84	83.764
99.12	83.764
99.40	83.764
99.68	83.765
99.97	83.765
100.25	83.765
100.53	83.765
100.82	83.765
101.10	83.765
101.39	83.765
101.67	83.765
101.96	83.766
102.24	83.766
102.53	83.766
102.81	83.766
103.10	83.766
103.39	83.766
103.68	83.766
103.97	83.766
104.25	83.767
104.54	83.767
104.83	83.767
105.12	83.767
105.41	83.767
105.70	83.767
105.99	83.767
106.29	83.768
106.58	83.768
106.87	83.768
107.16	83.768
107.45	83.768
107.75	83.768
108.04	83.768
108.34	83.768
108.63	83.769
108.92	83.769
109.22	83.769
109.51	83.769
109.81	83.769
110.11	83.769
110.40	83.769
110.70	83.770
111.00	83.770
111.30	83.770
111.59	83.770
111.89	83.770
112.19	83.770
112.49	83.770
112.79	83.771
113.09	83.771
113.39	83.771
113.69	83.771
113.99	83.771
114.30	83.771
114.60	83.771
114.90	83.771
115.20	83.772
115.51	83.772
115.81	83.772
116.11	83.772
116.42	83.772
116.72	83.772
117.03	83.772
117.33	83.773
117.64	83.773
117.94	83.773
118.25	83.773
118.56	83.773
118.86	83.773
119.17	83.773
119.48	83.773
119.79	83.774
120.10	83.774
120.41	83.774
120.72	83.774
121.03	83.774
121.34	83.774
121.65	83.774
121.96	83.775
122.27	83.775
122.58	83.775
122.89	83.775
123.21	83.775
123.52	83.775
123.83	83.775
124.15	83.776
124.46	83.776
124.77	83.776
125.09	83.776
125.40	83.776
125.72	83.776
126.04	83.776
126.35	83.776
126.67	83.777
126.99	83.777
127.30	83.777
127.62	83.777
127.94	83.777
128.26	83.777
128.58	83.777
128.89	83.778
129.21	83.778
129.53	83.778
129.85	83.778
130.18	83.778
130.50	83.778
130.82	83.778
131.14	83.779
131.46	83.779
131.78	83.779
132.11	83.779
132.43	83.779
132.75	83.779
133.08	83.779
133.40	83.779
133.73	83.780
134.05	83.780
134.38	83.780
134.70	83.780
135.03	83.780
135.36	83.780
135.68	83.780
136.01	83.781
136.34	83.781
136.67	83.781
136.99	83.781
137.32	83.781
137.65	83.781
137.98	83.781
138.31	83.782
138.64	83.782
138.97	83.782
139.30	83.782
139.63	83.782
139.96	83.782
140.30	83.782
140.63	83.783
140.96	83.783
141.29	83.783
141.63	83.783
141.96	83.783
142.30	83.783
142.63	83.783
142.96	83.784
143.30	83.784
143.63	83.784
143.97	83.784
144.31	83.784
144.64	83.784
144.98	83.784
145.32	83.785
145.66	83.785
145.99	83.785
146.33	83.785
146.67	83.785
147.01	83.785
147.35	83.786
147.69	83.786
148.03	83.786
148.37	83.786
148.71	83.786
149.05	83.786
149.39	83.787
149.73	83.787
150.08	83.787
150.42	83.787
150.76	83.787
151.10	83.787
151.45	83.788
151.79	83.788
152.14	83.788
152.48	83.788
152.83	83.788
153.17	83.788
153.52	83.789
153.86	83.789
154.21	83.789
154.56	83.789
154.90	83.789
155.25	83.789
155.60	83.790
155.95	83.790
156.29	83.790
156.64	83.790
156.99	83.790
157.34	83.790
157.69	83.791
158.04	83.791
158.39	83.791
158.74	83.791
159.09	83.791
159.45	83.792
159.80	83.792
160.15	83.792
160.50	83.792
160.86	83.792
161.21	83.792
161.56	83.793
161.92	83.793
162.27	83.793
162.62	83.793
162.98	83.793
163.33	83.794
163.69	83.794
164.05	83.794
164.40	83.794
164.76	83.794
165.12	83.794
165.47	83.795
165.83	83.795
166.19	83.795
166.55	83.795
166.91	83.795
167.26	83.796
167.62	83.796
167.98	83.796
168.34	83.796
168.70	83.796
169.06	83.797
169.43	83.797
169.79	83.797
170.15	83.797
170.51	83.797
170.87	83.798
171.24	83.798
171.60	83.798
171.96	83.798
172.32	83.798
172.69	83.799
173.05	83.799
173.42	83.799
173.78	83.799
174.15	83.799
174.51	83.800
174.88	83.800
175.25	83.800
175.61	83.800
175.98	83.800
176.35	83.801
176.71	83.801
177.08	83.801
177.45	83.801
177.82	83.801
178.19	83.802
178.56	83.802
178.93	83.802
179.30	83.802
179.67	83.802
180.04	83.803
180.41	83.803
180.78	83.803
181.15	83.803
181.52	83.803
181.89	83.804
182.27	83.804
182.64	83.804
183.01	83.804
183.38	83.804
183.76	83.805
184.13	83.805
184.51	83.805
184.88	83.805
185.26	83.805
185.63	83.806
186.01	83.806
186.38	83.806
186.76	83.806
187.14	83.806
187.51	83.807
187.89	83.807
188.27	83.807
188.65	83.807
189.02	83.807
189.40	83.808
189.78	83.808
190.16	83.808
190.54	83.808
190.92	83.809
191.30	83.809
191.68	83.809
192.06	83.809
192.44	83.809
192.83	83.810
193.21	83.810
193.59	83.810
193.97	83.810
194.35	83.810
194.74	83.811
195.12	83.811
195.50	83.811
195.89	83.811
196.27	83.811
196.66	83.812
197.04	83.812
197.43	83.812
197.81	83.812
198.20	83.812
198.59	83.813
198.97	83.813
199.36	83.813
199.75	83.813
200.13	83.813
200.52	83.814
200.91	83.814
201.30	83.814
201.69	83.814
202.08	83.814
202.47	83.815
202.86	83.815
203.25	83.815
203.64	83.815
204.03	83.815
204.42	83.816
204.81	83.816
205.20	83.816
205.59	83.816
205.99	83.816
206.38	83.816
206.77	83.817
207.16	83.817
207.56	83.817
207.95	83.817
208.35	83.817
208.74	83.818
209.13	83.818
209.53	83.818
209.93	83.818
210.32	83.818
210.72	83.819
211.11	83.819
211.51	83.819
211.91	83.819
212.30	83.819
212.70	83.819
213.10	83.820
213.50	83.820
213.90	83.820
214.30	83.820
214.70	83.820
215.10	83.821
215.50	83.821
215.90	83.821
216.30	83.821
216.70	83.821
217.10	83.822
217.50	83.822
217.90	83.822
218.30	83.822
218.71	83.822
219.11	83.822
219.51	83.823
219.91	83.823
220.32	83.823
220.72	83.823
221.13	83.823
221.53	83.824
221.94	83.824
222.34	83.824
222.75	83.824
223.15	83.824
223.56	83.825
223.96	83.825
224.37	83.825
224.78	83.825
225.19	83.825
225.59	83.825
226.00	83.826
226.41	83.826
226.82	83.826
227.23	83.826
227.64	83.826
228.05	83.827
228.46	83.827
228.87	83.827
229.28	83.827
229.69	83.827
230.10	83.828
230.51	83.828
230.92	83.828
231.33	83.828
231.75	83.828
232.16	83.829
232.57	83.829
232.99	83.829
233.40	83.829
233.81	83.829
234.23	83.829
234.64	83.830
235.06	83.830
235.47	83.830
235.89	83.830
236.30	83.830
236.72	83.831
237.14	83.831
237.55	83.831
237.97	83.831
238.39	83.831
238.81	83.832
239.22	83.832
239.64	83.832
240.06	83.832
240.48	83.832
240.90	83.833
241.32	83.833
241.74	83.833
242.16	83.833
242.58	83.833
243.00	83.833
243.42	83.834
243.84	83.834
244.26	83.834
244.69	83.834
245.11	83.834
245.53	83.835
245.95	83.835
246.38	83.835
246.80	83.835
247.23	83.835
247.65	83.836
248.07	83.836
248.50	83.836
248.92	83.836
249.35	83.836
249.78	83.837
250.20	83.837
250.63	83.837
251.05	83.837
251.48	83.837
251.91	83.838
252.34	83.838
252.76	83.838
253.19	83.838
253.62	83.838
254.05	83.839
254.48	83.839
254.91	83.839
255.34	83.839
255.77	83.839
256.20	83.840
256.63	83.840
257.06	83.840
257.49	83.840
257.92	83.840
258.36	83.841
258.79	83.841
259.22	83.841
259.65	83.841
260.09	83.841
260.52	83.842
260.95	83.842
261.39	83.842
261.82	83.842
262.26	83.842
262.69	83.842
263.13	83.843
263.56	83.843
264.00	83.843
264.44	83.843
264.87	83.843
265.31	83.844
265.75	83.844
266.18	83.844
266.62	83.844
267.06	83.844
267.50	83.845
267.94	83.845
268.38	83.845
268.82	83.845
269.26	83.845
269.70	83.846
270.14	83.846
270.58	83.846
271.02	83.846
271.46	83.846
271.90	83.847
272.34	83.847
272.78	83.847
273.23	83.847
273.67	83.847
274.11	83.848
274.56	83.848
275.00	83.848
275.44	83.848
275.89	83.848
276.33	83.849
276.78	83.849
277.22	83.849
277.67	83.849
278.11	83.849
278.56	83.850
279.01	83.850
279.45	83.850
279.90	83.850
280.35	83.850
280.80	83.851
281.24	83.851
281.69	83.851
282.14	83.851
282.59	83.851
283.04	83.852
283.49	83.852
283.94	83.852
284.39	83.852
284.84	83.852
285.29	83.853
285.74	83.853
286.19	83.853
286.64	83.853
287.09	83.853
287.55	83.854
288.00	83.854
288.45	83.854
288.91	83.854
289.36	83.854
289.81	83.855
290.27	83.855
290.72	83.855
291.18	83.855
291.63	83.855
292.09	83.856
292.54	83.856
293.00	83.856
293.45	83.856
293.91	83.856
294.37	83.857
294.82	83.857
295.28	83.857
295.74	83.857
296.20	83.858
296.66	83.858
297.11	83.858
297.57	83.858
298.03	83.858
298.49	83.859
298.95	83.859
299.41	83.859
299.87	83.859
300.33	83.859
300.80	83.860
301.26	83.860
301.72	83.860
302.18	83.860
302.64	83.860
303.11	83.861
303.57	83.861
304.03	83.861
304.49	83.861
304.96	83.861
305.42	83.862
305.89	83.862
306.35	83.862
306.82	83.862
307.28	83.862
307.75	83.863
308.21	83.863
308.68	83.863
309.15	83.863
309.61	83.863
310.08	83.864
310.55	83.864
311.02	83.864
311.48	83.864
311.95	83.864
312.42	83.865
312.89	83.865
313.36	83.865
313.83	83.865
314.30	83.865
314.77	83.866
315.24	83.866
315.71	83.866
316.18	83.866
316.65	83.866
317.12	83.867
317.60	83.867
318.07	83.867
318.54	83.867
319.01	83.868
319.49	83.868
319.96	83.868
320.43	83.868
320.91	83.868
321.38	83.869
321.86	83.869
322.33	83.869
322.81	83.869
323.28	83.869
323.76	83.870
324.24	83.870
324.71	83.870
325.19	83.870
325.67	83.870
326.14	83.871
326.62	83.871
327.10	83.871
327.58	83.871
328.06	83.871
328.54	83.872
329.01	83.872
329.49	83.872
329.97	83.872
330.45	83.872
330.93	83.873
331.41	83.873
331.90	83.873
332.38	83.873
332.86	83.873
333.34	83.874
333.82	83.874
334.31	83.874
334.79	83.874
335.27	83.875
335.75	83.875
336.24	83.875
336.72	83.875
337.21	83.875
337.69	83.876
338.18	83.876
338.66	83.876
339.15	83.876
339.63	83.876
340.12	83.877
340.60	83.877
341.09	83.877
341.58	83.877
342.07	83.877
342.55	83.878
343.04	83.878
343.53	83.878
344.02	83.878
344.51	83.878
345.00	83.879
345.48	83.879
345.97	83.879
346.46	83.879
346.95	83.880
347.44	83.880
347.94	83.880
348.43	83.880
348.92	83.880
349.41	83.881
349.90	83.881
350.39	83.881
350.89	83.881
351.38	83.881
351.87	83.882
352.37	83.882
352.86	83.882
353.35	83.882
353.85	83.882
354.34	83.883
354.84	83.883
355.33	83.883
355.83	83.883
356.33	83.883
356.82	83.884
357.32	83.884
357.81	83.884
358.31	83.884
358.81	83.885
359.31	83.885
359.80	83.885
360.30	83.885
360.80	83.885
361.30	83.886
361.80	83.886
362.30	83.886
362.80	83.886
363.30	83.886
363.80	83.887
364.30	83.887
364.80	83.887
365.30	83.887
365.80	83.887
366.30	83.888
366.81	83.888
367.31	83.888
367.81	83.888
368.31	83.889
368.82	83.889
369.32	83.889
369.83	83.889
370.33	83.889
370.83	83.890
371.34	83.890
371.84	83.890
372.35	83.890
372.85	83.890
373.36	83.891
373.87	83.891
374.37	83.891
374.88	83.891
375.39	83.891
375.89	83.892
376.40	83.892
376.91	83.892
377.42	83.892
377.93	83.893
378.44	83.893
378.94	83.893
379.45	83.893
379.96	83.893
380.47	83.894
380.98	83.894
381.50	83.894
382.01	83.894
382.52	83.894
383.03	83.895
383.54	83.895
384.05	83.895
384.57	83.895
385.08	83.895
385.59	83.896
386.10	83.896
386.62	83.896
387.13	83.896
387.65	83.897
388.16	83.897
388.67	83.897
389.19	83.897
389.71	83.897
390.22	83.898
390.74	83.898
391.25	83.898
391.77	83.898
392.29	83.898
392.80	83.899
393.32	83.899
393.84	83.899
394.36	83.899
394.88	83.900
395.39	83.900
395.91	83.900
396.43	83.900
396.95	83.900
397.47	83.901
397.99	83.901
398.51	83.901
399.03	83.901
399.55	83.901
400.07	83.902
400.60	83.902
401.12	83.902
401.64	83.902
402.16	83.902
402.68	83.903
403.21	83.903
403.73	83.903
404.25	83.903
404.78	83.904
405.30	83.904
405.83	83.904
406.35	83.904
406.88	83.904
407.40	83.905
407.93	83.905
408.45	83.905
408.98	83.905
409.51	83.905
410.03	83.906
410.56	83.906
411.09	83.906
411.62	83.906
412.14	83.907
412.67	83.907
413.20	83.907
413.73	83.907
414.26	83.907
414.79	83.908
415.32	83.908
415.85	83.908
416.38	83.908
416.91	83.908
417.44	83.909
417.97	83.909
418.50	83.909
419.03	83.909
419.57	83.910
420.10	83.910
420.63	83.910
421.16	83.910
421.70	83.910
422.23	83.911
422.77	83.911
423.30	83.911
423.83	83.911
424.37	83.911
424.90	83.912
425.44	83.912
425.98	83.912
426.51	83.912
427.05	83.912
427.58	83.913
428.12	83.913
428.66	83.913
429.20	83.913
429.73	83.914
430.27	83.914
430.81	83.914
431.35	83.914
431.89	83.914
432.43	83.915
432.97	83.915
433.50	83.915
434.04	83.915
434.59	83.915
435.13	83.916
435.67	83.916
436.21	83.916
436.75	83.916
437.29	83.917
437.83	83.917
438.38	83.917
438.92	83.917
439.46	83.917
440.00	83.918
440.55	83.918
441.09	83.918
441.64	83.918
442.18	83.918
442.73	83.919
443.27	83.919
443.82	83.919
444.36	83.919
444.91	83.920
445.45	83.920
446.00	83.920
446.55	83.920
447.09	83.920
447.64	83.921
448.19	83.921
448.74	83.921
449.29	83.921
449.83	83.921
450.38	83.922
450.93	83.922
451.48	83.922
452.03	83.922
452.58	83.923
453.13	83.923
453.68	83.923
454.23	83.923
454.78	83.923
455.34	83.924
455.89	83.924
456.44	83.924
456.99	83.924
457.55	83.924
458.10	83.925
458.65	83.925
459.20	83.925
459.76	83.925
460.31	83.926
460.87	83.926
461.42	83.926
461.98	83.926
462.53	83.926
463.09	83.927
463.64	83.927
464.20	83.927
464.76	83.927
465.31	83.927
465.87	83.928
466.43	83.928
466.99	83.928
467.54	83.928
468.10	83.929
468.66	83.929
469.22	83.929
469.78	83.929
470.34	83.929
470.90	83.930
471.46	83.930
472.02	83.930
472.58	83.930
473.14	83.930
473.70	83.931
474.26	83.931
474.82	83.931
475.39	83.931
475.95	83.932
476.51	83.932
477.07	83.932
477.64	83.932
478.20	83.932
478.77	83.933
479.33	83.933
479.89	83.933
480.46	83.933
481.02	83.934
481.59	83.934
482.15	83.934
482.72	83.934
483.29	83.934
483.85	83.935
484.42	83.935
484.99	83.935
485.55	83.935
486.12	83.935
486.69	83.936
487.26	83.936
487.83	83.936
488.40	83.936
488.97	83.937
489.53	83.937
490.10	83.937
490.67	83.937
491.24	83.937
491.82	83.938
492.39	83.938
492.96	83.938
493.53	83.938
494.10	83.938
494.67	83.939
495.25	83.939
495.82	83.939
496.39	83.939
496.96	83.940
497.54	83.940
498.11	83.940
498.69	83.940
499.26	83.940
499.84	83.941
500.41	83.941
500.99	83.941
501.56	83.941
502.14	83.941
502.71	83.942
503.29	83.942
503.87	83.942
504.44	83.942
505.02	83.943
505.60	83.943
506.18	83.943
506.76	83.943
507.33	83.943
507.91	83.944
508.49	83.944
509.07	83.944
509.65	83.944
510.23	83.944
510.81	83.945
511.39	83.945
511.97	83.945
512.56	83.945
513.14	83.946
513.72	83.946
514.30	83.946
514.88	83.946
515.47	83.946
516.05	83.947
516.63	83.947
517.22	83.947
517.80	83.947
518.38	83.948
518.97	83.948
519.55	83.948
520.14	83.948
520.72	83.948
521.31	83.949
521.90	83.949
522.48	83.949
523.07	83.949
523.66	83.949
524.24	83.950
524.83	83.950
525.42	83.950
526.01	83.950
526.60	83.951
527.18	83.951
527.77	83.951
528.36	83.951
528.95	83.951
529.54	83.952
530.13	83.952
530.72	83.952
531.31	83.952
531.90	83.952
532.50	83.953
533.09	83.953
533.68	83.953
534.27	83.953
534.86	83.954
535.46	83.954
536.05	83.954
536.64	83.954
537.24	83.954
537.83	83.955
538.43	83.955
539.02	83.955
539.62	83.955
540.21	83.955
540.81	83.956
541.40	83.956
542.00	83.956
542.59	83.956
543.19	83.957
543.79	83.957
544.39	83.957
544.98	83.957
545.58	83.957
546.18	83.958
546.78	83.958
547.38	83.958
547.98	83.958
548.58	83.959
549.17	83.959
549.77	83.959
550.38	83.959
550.98	83.959
551.58	83.960
552.18	83.960
552.78	83.960
553.38	83.960
553.98	83.960
554.59	83.961
555.19	83.961
555.79	83.961
556.39	83.961
557.00	83.962
557.60	83.962
558.21	83.962
558.81	83.962
559.42	83.962
560.02	83.963
560.63	83.963
561.23	83.963
561.84	83.963
562.44	83.963
563.05	83.964
563.66	83.964
564.26	83.964
564.87	83.964
565.48	83.965
566.09	83.965
566.70	83.965
567.31	83.965
567.91	83.965
568.52	83.966
569.13	83.966
569.74	83.966
570.35	83.966
570.96	83.966
571.57	83.967
572.19	83.967
572.80	83.967
573.41	83.967
574.02	83.968
574.63	83.968
575.25	83.968
575.86	83.968
576.47	83.968
577.09	83.969
577.70	83.969
578.31	83.969
578.93	83.969
579.54	83.970
580.16	83.970
580.77	83.970
581.39	83.970
582.00	83.970
582.62	83.971
583.24	83.971
583.85	83.971
584.47	83.971
585.09	83.971
585.71	83.972
586.32	83.972
586.94	83.972
587.56	83.972
588.18	83.973
588.80	83.973
589.42	83.973
590.04	83.973
590.66	83.973
591.28	83.974
591.90	83.974
592.52	83.974
593.14	83.974
593.76	83.974
594.39	83.975
595.01	83.975
595.63	83.975
596.25	83.975
596.88	83.976
597.50	83.976
598.12	83.976
598.75	83.976
599.37	83.976
600.00	83.977
600.62	83.977
601.25	83.977
601.87	83.977
602.50	83.977
603.13	83.978
603.75	83.978
604.38	83.978
605.01	83.978
605.63	83.979
606.26	83.979
606.89	83.979
607.52	83.979
608.15	83.979
608.77	83.980
609.40	83.980
610.03	83.980
610.66	83.980
611.29	83.980
611.92	83.981
612.55	83.981
613.19	83.981
613.82	83.981
614.45	83.982
615.08	83.982
615.71	83.982
616.35	83.982
616.98	83.982
617.61	83.983
618.25	83.983
618.88	83.983
619.51	83.983
620.15	83.983
620.78	83.984
621.42	83.984
622.05	83.984
622.69	83.984
623.32	83.985
623.96	83.985
624.60	83.985
625.23	83.985
625.87	83.985
626.51	83.986
627.15	83.986
627.79	83.986
628.42	83.986
629.06	83.987
629.70	83.987
630.34	83.987
630.98	83.987
631.62	83.987
632.26	83.988
632.90	83.988
633.54	83.988
634.18	83.988
634.82	83.988
635.47	83.989
636.11	83.989
636.75	83.989
637.39	83.989
638.04	83.990
638.68	83.990
639.32	83.990
639.97	83.990
640.61	83.990
641.26	83.991
641.90	83.991
642.55	83.991
643.19	83.991
643.84	83.991
644.48	83.992
645.13	83.992
645.78	83.992
646.42	83.992
647.07	83.993
647.72	83.993
648.37	83.993
649.02	83.993
649.66	83.993
650.31	83.994
650.96	83.994
651.61	83.994
652.26	83.994
652.91	83.994
653.56	83.995
654.21	83.995
654.86	83.995
655.52	83.995
656.17	83.996
656.82	83.996
657.47	83.996
658.12	83.996
658.78	83.996
659.43	83.997
660.08	83.997
660.74	83.997
661.39	83.997
662.05	83.997
662.70	83.998
663.36	83.998
664.01	83.998
664.67	83.998
665.32	83.999
665.98	83.999
666.64	83.999
667.29	83.999
667.95	83.999
668.61	84.000
669.27	84.000
669.93	84.000
670.58	84.000
671.24	84.000
671.90	84.001
672.56	84.001
673.22	84.001
673.88	84.001
674.54	84.002
675.20	84.002
675.86	84.002
676.53	84.002
677.19	84.002
677.85	84.003
678.51	84.003
679.17	84.003
679.84	84.003
680.50	84.003
681.16	84.004
681.83	84.004
682.49	84.004
683.16	84.004
683.82	84.005
684.49	84.005
685.15	84.005
685.82	84.005
686.48	84.005
687.15	84.006
687.82	84.006
688.48	84.006
689.15	84.006
689.82	84.006
690.49	84.007
691.16	84.007
691.82	84.007
692.49	84.007
693.16	84.007
693.83	84.008
694.50	84.008
695.17	84.008
695.84	84.008
696.51	84.009
697.18	84.009
697.86	84.009
698.53	84.009
699.20	84.009
699.87	84.010
700.54	84.010
701.22	84.010
701.89	84.010
702.56	84.010
703.24	84.011
703.91	84.011
704.59	84.011
705.26	84.011
705.94	84.012
706.61	84.012
707.29	84.012
707.97	84.012
708.64	84.012
709.32	84.013
710.00	84.013
710.67	84.013
711.35	84.013
712.03	84.013
712.71	84.014
713.39	84.014
714.07	84.014
714.75	84.014
715.43	84.015
716.11	84.015
716.79	84.015
717.47	84.015
718.15	84.015
718.83	84.016
719.51	84.016
720.19	84.016
720.87	84.016
721.56	84.016
722.24	84.017
722.92	84.017
723.61	84.017
724.29	84.017
724.97	84.018
725.66	84.018
726.34	84.018
727.03	84.018
727.71	84.018
728.40	84.019
729.09	84.019
729.77	84.019
730.46	84.019
731.15	84.019
731.83	84.020
732.52	84.020
733.21	84.020
733.90	84.020
734.59	84.020
735.28	84.021
735.97	84.021
736.65	84.021
737.34	84.021
738.03	84.022
738.73	84.022
739.42	84.022
740.11	84.022
740.80	84.022
741.49	84.023
742.18	84.023
742.88	84.023
743.57	84.023
744.26	84.023
744.96	84.024
745.65	84.024
746.34	84.024
747.04	84.024
747.73	84.025
748.43	84.025
749.12	84.025
749.82	84.025
750.52	84.025
751.21	84.026
751.91	84.026
752.61	84.026
753.30	84.026
754.00	84.026
754.70	84.027
755.40	84.027
756.10	84.027
756.79	84.027
757.49	84.027
758.19	84.028
758.89	84.028
759.59	84.028
760.29	84.028
761.00	84.029
761.70	84.029
762.40	84.029
763.10	84.029
763.80	84.029
764.50	84.030
765.21	84.030
765.91	84.030
766.61	84.030
767.32	84.030
768.02	84.031
768.73	84.031
769.43	84.031
770.14	84.031
770.84	84.031
771.55	84.032
772.25	84.032
772.96	84.032
773.67	84.032
774.38	84.033
775.08	84.033
775.79	84.033
776.50	84.033
777.21	84.033
777.92	84.034
778.62	84.034
779.33	84.034
780.04	84.034
780.75	84.034
781.46	84.035
782.18	84.035
782.89	84.035
783.60	84.035
784.31	84.035
785.02	84.036
785.73	84.036
786.45	84.036
787.16	84.036
787.87	84.037
788.59	84.037
789.30	84.037
790.02	84.037
790.73	84.037
791.45	84.038
792.16	84.038
792.88	84.038
793.59	84.038
794.31	84.038
795.03	84.039
795.74	84.039
796.46	84.039
797.18	84.039
797.90	84.039
798.61	84.040
799.33	84.040
800.05	84.040
800.77	84.040
801.49	84.041
802.21	84.041
802.93	84.041
803.65	84.041
804.37	84.041
805.09	84.042
805.82	84.042
806.54	84.042
807.26	84.042
807.98	84.042
808.71	84.043
809.43	84.043
810.15	84.043
810.88	84.043
811.60	84.043
812.33	84.044
813.05	84.044
813.78	84.044
814.50	84.044
815.23	84.045
815.95	84.045
816.68	84.045
817.41	84.045
818.13	84.045
818.86	84.046
819.59	84.046
820.32	84.046
821.05	84.046
821.78	84.046
822.51	84.047
823.24	84.047
823.97	84.047
824.70	84.047
825.43	84.047
826.16	84.048
826.89	84.048
827.62	84.048
828.35	84.048
829.08	84.048
829.82	84.049
830.55	84.049
831.28	84.049
832.02	84.049
832.75	84.050
833.49	84.050
834.22	84.050
834.96	84.050
835.69	84.050
836.43	84.051
837.16	84.051
837.90	84.051
838.64	84.051
839.37	84.051
840.11	84.052
840.85	84.052
841.59	84.052
842.33	84.052
843.06	84.052
843.80	84.053
844.54	84.053
845.28	84.053
846.02	84.053
846.76	84.053
847.50	84.054
848.25	84.054
848.99	84.054
849.73	84.054
850.47	84.055
851.21	84.055
851.96	84.055
852.70	84.055
853.44	84.055
854.19	84.056
854.93	84.056
855.68	84.056
856.42	84.056
857.17	84.056
857.91	84.057
858.66	84.057
859.40	84.057
860.15	84.057
860.90	84.057
861.64	84.058
862.39	84.058
863.14	84.058
863.89	84.058
864.64	84.058
865.39	84.059
866.14	84.059
866.89	84.059
867.64	84.059
868.39	84.059
869.14	84.060
869.89	84.060
870.64	84.060
871.39	84.060
872.14	84.061
872.90	84.061
873.65	84.061
874.40	84.061
875.16	84.061
875.91	84.062
876.66	84.062
877.42	84.062
878.17	84.062
878.93	84.062
879.68	84.063
880.44	84.063
881.20	84.063
881.95	84.063
882.71	84.063
883.47	84.064
884.22	84.064
884.98	84.064
885.74	84.064
886.50	84.064
887.26	84.065
888.02	84.065
888.78	84.065
889.54	84.065
890.30	84.065
891.06	84.066
891.82	84.066
892.58	84.066
893.34	84.066
894.11	84.067
894.87	84.067
895.63	84.067
896.39	84.067
897.16	84.067
897.92	84.068
898.69	84.068
899.45	84.068
900.22	84.068
900.98	84.068
901.75	84.069
902.51	84.069
903.28	84.069
904.05	84.069
904.81	84.069
905.58	84.070
906.35	84.070
907.12	84.070
907.89	84.070
908.65	84.070
909.42	84.071
910.19	84.071
910.96	84.071
911.73	84.071
912.50	84.071
913.28	84.072
914.05	84.072
914.82	84.072
915.59	84.072
916.36	84.072
917.14	84.073
917.91	84.073
918.68	84.073
919.46	84.073
920.23	84.074
921.00	84.074
921.78	84.074
922.56	84.074
923.33	84.074
924.11	84.075
924.88	84.075
925.66	84.075
926.44	84.075
927.21	84.075
927.99	84.076
928.77	84.076
929.55	84.076
930.33	84.076
931.11	84.076
931.89	84.077
932.67	84.077
933.45	84.077
934.23	84.077
935.01	84.077
935.79	84.078
936.57	84.078
937.35	84.078
938.14	84.078
938.92	84.078
939.70	84.079
940.48	84.079
941.27	84.079
942.05	84.079
942.84	84.079
943.62	84.080
944.41	84.080
945.19	84.080
945.98	84.080
946.77	84.080
947.55	84.081
948.34	84.081
949.13	84.081
949.91	84.081
950.70	84.081
951.49	84.082
952.28	84.082
953.07	84.082
953.86	84.082
954.65	84.082
955.44	84.083
956.23	84.083
957.02	84.083
957.81	84.083
958.61	84.083
959.40	84.084
960.19	84.084
960.98	84.084
961.78	84.084
962.57	84.085
963.36	84.085
964.16	84.085
964.95	84.085
965.75	84.085
966.54	84.086
967.34	84.086
968.14	84.086
968.93	84.086
969.73	84.086
970.53	84.087
971.32	84.087
972.12	84.087
972.92	84.087
973.72	84.087
974.52	84.088
975.32	84.088
976.12	84.088
976.92	84.088
977.72	84.088
978.52	84.089
979.32	84.089
980.12	84.089
980.92	84.089
981.73	84.089
982.53	84.090
983.33	84.090
984.14	84.090
984.94	84.090
985.75	84.090
986.55	84.091
987.36	84.091
988.16	84.091
988.97	84.091
989.77	84.091
990.58	84.092
991.39	84.092
992.19	84.092
993.00	84.092
993.81	84.092
994.62	84.093
995.43	84.093
996.24	84.093
997.05	84.093
997.85	84.093
998.67	84.094
999.48	84.094
1000.29	84.094
1001.10	84.094
1001.91	84.094
1002.72	84.095
1003.53	84.095
1004.35	84.095
1005.16	84.095
1005.97	84.095
1006.79	84.096
1007.60	84.096
1008.42	84.096
1009.23	84.096
1010.05	84.096
1010.86	84.097
1011.68	84.097
1012.50	84.097
1013.31	84.097
1014.13	84.097
1014.95	84.098
1015.77	84.098
1016.59	84.098
1017.41	84.098
1018.22	84.098
1019.04	84.099
1019.86	84.099
1020.68	84.099
1021.51	84.099
1022.33	84.099
1023.15	84.100
1023.97	84.100
1024.79	84.100
1025.62	84.100
1026.44	84.100
1027.26	84.101
1028.09	84.101
1028.91	84.101
1029.73	84.101
1030.56	84.101
1031.38	84.102
1032.21	84.102
1033.04	84.102
1033.86	84.102
1034.69	84.102
1035.52	84.103
1036.35	84.103
1037.17	84.103
1038.00	84.103
1038.83	84.103
1039.66	84.104
1040.49	84.104
1041.32	84.104
1042.15	84.104
1042.98	84.104
1043.81	84.105
1044.64	84.105
1045.47	84.105
1046.31	84.105
1047.14	84.105
1047.97	84.106
1048.81	84.106
1049.64	84.106
1050.47	84.106
1051.31	84.106
1052.14	84.107
1052.98	84.107
1053.81	84.107
1054.65	84.107
1055.49	84.107
1056.32	84.108
1057.16	84.108
1058.00	84.108
1058.84	84.108
1059.67	84.108
1060.51	84.109
1061.35	84.109
1062.19	84.109
1063.03	84.109
1063.87	84.109
1064.71	84.110
1065.55	84.110
1066.39	84.110
1067.24	84.110
1068.08	84.110
1068.92	84.111
1069.76	84.111
1070.61	84.111
1071.45	84.111
1072.30	84.111
1073.14	84.112
1073.99	84.112
1074.83	84.112
1075.68	84.112
1076.52	84.112
1077.37	84.113
1078.22	84.113
1079.06	84.113
1079.91	84.113
1080.76	84.113
1081.61	84.114
1082.46	84.114
1083.30	84.114
1084.15	84.114
1085.00	84.114
1085.85	84.115
1086.71	84.115
1087.56	84.115
1088.41	84.115
1089.26	84.115
1090.11	84.115
1090.97	84.116
1091.82	84.116
1092.67	84.116
1093.53	84.116
1094.38	84.116
1095.23	84.117
1096.09	84.117
1096.95	84.117
1097.80	84.117
1098.66	84.117
1099.51	84.118
1100.37	84.118
1101.23	84.118
1102.09	84.118
1102.94	84.118
1103.80	84.119
1104.66	84.119
1105.52	84.119
1106.38	84.119
1107.24	84.119
1108.10	84.120
1108.96	84.120
1109.82	84.120
1110.69	84.120
1111.55	84.120
1112.41	84.121
1113.27	84.121
1114.14	84.121
1115.00	84.121
1115.86	84.121
1116.73	84.122
1117.59	84.122
1118.46	84.122
1119.33	84.122
1120.19	84.122
1121.06	84.123
1121.92	84.123
1122.79	84.123
1123.66	84.123
1124.53	84.123
1125.40	84.124
1126.27	84.124
1127.13	84.124
1128.00	84.124
1128.87	84.124
1129.74	84.124
1130.62	84.125
1131.49	84.125
1132.36	84.125
1133.23	84.125
1134.10	84.125
1134.98	84.126
1135.85	84.126
1136.72	84.126
1137.60	84.126
1138.47	84.126
1139.35	84.127
1140.22	84.127
1141.10	84.127
1141.97	84.127
1142.85	84.127
1143.73	84.128
1144.60	84.128
1145.48	84.128
1146.36	84.128
1147.24	84.128
1148.12	84.129
1149.00	84.129
1149.88	84.129
1150.76	84.129
1151.64	84.129
1152.52	84.130
1153.40	84.130
1154.28	84.130
1155.16	84.130
1156.05	84.130
1156.93	84.130
1157.81	84.131
1158.70	84.131
1159.58	84.131
1160.46	84.131
1161.35	84.131
1162.23	84.132
1163.12	84.132
1164.01	84.132
1164.89	84.132
1165.78	84.132
1166.67	84.133
1167.56	84.133
1168.44	84.133
1169.33	84.133
1170.22	84.133
1171.11	84.134
1172.00	84.134
1172.89	84.134
1173.78	84.134
1174.67	84.134
1175.56	84.135
1176.46	84.135
1177.35	84.135
1178.24	84.135
1179.13	84.135
1180.03	84.135
1180.92	84.136
1181.82	84.136
1182.71	84.136
1183.61	84.136
1184.50	84.136
1185.40	84.137
1186.29	84.137
1187.19	84.137
1188.09	84.137
1188.99	84.137
1189.88	84.138
1190.78	84.138
1191.68	84.138
1192.58	84.138
1193.48	84.138
1194.38	84.139
1195.28	84.139
1196.18	84.139
1197.08	84.139
1197.99	84.139
1198.89	84.140
1199.79	84.140
1200.69	84.140
1201.60	84.140
1202.50	84.140
1203.41	84.140
1204.31	84.141
1205.21	84.141
1206.12	84.141
1207.03	84.141
1207.93	84.141
1208.84	84.142
1209.75	84.142
1210.65	84.142
1211.56	84.142
1212.47	84.142
1213.38	84.143
1214.29	84.143
1215.20	84.143
1216.11	84.143
1217.02	84.143
1217.93	84.143
1218.84	84.144
1219.75	84.144
1220.67	84.144
1221.58	84.144
1222.49	84.144
1223.41	84.145
1224.32	84.145
1225.24	84.145
1226.15	84.145
1227.07	84.145
1227.98	84.146
1228.90	84.146
1229.81	84.146
1230.73	84.146
1231.65	84.146
1232.57	84.146
1233.48	84.147
1234.40	84.147
1235.32	84.147
1236.24	84.147
1237.16	84.147
1238.08	84.148
1239.00	84.148
1239.92	84.148
1240.85	84.148
1241.77	84.148
1242.69	84.149
1243.61	84.149
1244.54	84.149
1245.46	84.149
1246.38	84.149
1247.31	84.149
1248.23	84.150
1249.16	84.150
1250.09	84.150
1251.01	84.150
1251.94	84.150
1252.87	84.151
1253.79	84.151
1254.72	84.151
1255.65	84.151
1256.58	84.151
1257.51	84.152
1258.44	84.152
1259.37	84.152
1260.30	84.152
1261.23	84.152
1262.16	84.152
1263.10	84.153
1264.03	84.153
1264.96	84.153
1265.89	84.153
1266.83	84.153
1267.76	84.154
1268.70	84.154
1269.63	84.154
1270.57	84.154
1271.50	84.154
1272.44	84.154
1273.38	84.155
1274.31	84.155
1275.25	84.155
1276.19	84.155
1277.13	84.155
1278.07	84.156
1279.01	84.156
1279.95	84.156
1280.89	84.156
1281.83	84.156
1282.77	84.156
1283.71	84.157
1284.65	84.157
1285.60	84.157
1286.54	84.157
1287.48	84.157
1288.43	84.158
1289.37	84.158
1290.32	84.158
1291.26	84.158
1292.21	84.158
1293.15	84.159
1294.10	84.159
1295.05	84.159
1295.99	84.159
1296.94	84.159
1297.89	84.159
1298.84	84.160
1299.79	84.160
1300.74	84.160
1301.69	84.160
1302.64	84.160
1303.59	84.161
1304.54	84.161
1305.49	84.161
1306.45	84.161
1307.40	84.161
1308.35	84.161
1309.31	84.162
1310.26	84.162
1311.21	84.162
1312.17	84.162
1313.13	84.162
1314.08	84.163
1315.04	84.163
1315.99	84.163
1316.95	84.163
1317.91	84.163
1318.87	84.163
1319.83	84.164
1320.79	84.164
1321.75	84.164
1322.71	84.164
1323.67	84.164
1324.63	84.165
1325.59	84.165
1326.55	84.165
1327.51	84.165
1328.48	84.165
1329.44	84.165
1330.40	84.166
1331.37	84.166
1332.33	84.166
1333.30	84.166
1334.26	84.166
1335.23	84.166
1336.19	84.167
1337.16	84.167
1338.13	84.167
1339.10	84.167
1340.06	84.167
1341.03	84.168
1342.00	84.168
1342.97	84.168
1343.94	84.168
1344.91	84.168
1345.88	84.168
1346.85	84.169
1347.83	84.169
1348.80	84.169
1349.77	84.169
1350.74	84.169
1351.72	84.170
1352.69	84.170
1353.67	84.170
1354.64	84.170
1355.62	84.170
1356.59	84.170
1357.57	84.171
1358.55	84.171
1359.53	84.171
1360.50	84.171
1361.48	84.171
1362.46	84.172
1363.44	84.172
1364.42	84.172
1365.40	84.172
1366.38	84.172
1367.36	84.172
1368.34	84.173
1369.33	84.173
1370.31	84.173
1371.29	84.173
1372.27	84.173
1373.26	84.173
1374.24	84.174
1375.23	84.174
1376.21	84.174
1377.20	84.174
1378.19	84.174
1379.17	84.175
1380.16	84.175
1381.15	84.175
1382.14	84.175
1383.12	84.175
1384.11	84.175
1385.10	84.176
1386.09	84.176
1387.08	84.176
1388.07	84.176
1389.07	84.176
1390.06	84.176
1391.05	84.177
1392.04	84.177
1393.04	84.177
1394.03	84.177
1395.03	84.177
1396.02	84.178
1397.02	84.178
1398.01	84.178
1399.01	84.178
1400.00	84.178
1401.00	84.178
1402.00	84.179
1403.00	84.179
1404.00	84.179
1404.99	84.179
1405.99	84.179
1406.99	84.179
1408.00	84.180
1409.00	84.180
1410.00	84.180
1411.00	84.180
1412.00	84.180
1413.01	84.181
1414.01	84.181
1415.01	84.181
1416.02	84.181
1417.02	84.181
1418.03	84.181
1419.03	84.182
1420.04	84.182
1421.05	84.182
1422.05	84.182
1423.06	84.182
1424.07	84.182
1425.08	84.183
1426.09	84.183
1427.10	84.183
1428.11	84.183
1429.12	84.183
1430.13	84.183
1431.14	84.184
1432.15	84.184
1433.17	84.184
1434.18	84.184
1435.19	84.184
1436.21	84.185
1437.22	84.185
1438.24	84.185
1439.25	84.185
1440.27	84.185
1441.28	84.185
1442.30	84.186
1443.32	84.186
1444.34	84.186
1445.35	84.186
1446.37	84.186
1447.39	84.186
1448.41	84.187
1449.43	84.187
1450.45	84.187
1451.48	84.187
1452.50	84.187
1453.52	84.187
1454.54	84.188
1455.57	84.188
1456.59	84.188
1457.61	84.188
1458.64	84.188
1459.67	84.189
1460.69	84.189
1461.72	84.189
1462.74	84.189
1463.77	84.189
1464.80	84.189
1465.83	84.190
1466.86	84.190
1467.89	84.190
1468.92	84.190
1469.95	84.190
1470.98	84.190
1472.01	84.191
1473.04	84.191
1474.07	84.191
1475.10	84.191
1476.14	84.191
1477.17	84.191
1478.21	84.192
1479.24	84.192
1480.28	84.192
1481.31	84.192
1482.35	84.192
1483.39	84.192
1484.42	84.193
1485.46	84.193
1486.50	84.193
1487.54	84.193
1488.58	84.193
1489.62	84.194
1490.66	84.194
1491.70	84.194
1492.74	84.194
1493.78	84.194
1494.82	84.194
1495.87	84.195
1496.91	84.195
1497.95	84.195
1499.00	84.195
1500.04	84.195
1501.09	84.195
1502.13	84.196
1503.18	84.196
1504.23	84.196
1505.27	84.196
1506.32	84.196
1507.37	84.196
1508.42	84.197
1509.47	84.197
1510.52	84.197
1511.57	84.197
1512.62	84.197
1513.67	84.197
1514.72	84.198
1515.78	84.198
1516.83	84.198
1517.88	84.198
1518.94	84.198
1519.99	84.198
1521.05	84.199
1522.10	84.199
1523.16	84.199
1524.21	84.199
1525.27	84.199
1526.33	84.199
1527.39	84.200
1528.45	84.200
1529.50	84.200
1530.56	84.200
1531.62	84.200
1532.68	84.200
1533.75	84.201
1534.81	84.201
1535.87	84.201
1536.93	84.201
1538.00	84.201
1539.06	84.201
1540.12	84.202
1541.19	84.202
1542.25	84.202
1543.32	84.202
1544.39	84.202
1545.45	84.202
1546.52	84.203
1547.59	84.203
1548.66	84.203
1549.73	84.203
1550.79	84.203
1551.86	84.203
1552.94	84.204
1554.01	84.204
1555.08	84.204
1556.15	84.204
1557.22	84.204
1558.30	84.205
1559.37	84.205
1560.44	84.205
1561.52	84.205
1562.59	84.205
1563.67	84.205
1564.75	84.206
1565.82	84.206
1566.90	84.206
1567.98	84.206
1569.06	84.206
1570.13	84.206
1571.21	84.207
1572.29	84.207
1573.37	84.207
1574.45	84.207
1575.54	84.207
1576.62	84.207
1577.70	84.208
1578.78	84.208
1579.87	84.208
1580.95	84.208
1582.04	84.208
1583.12	84.208
1584.21	84.209
1585.29	84.209
1586.38	84.209
1587.47	84.209
1588.56	84.209
1589.64	84.209
1590.73	84.209
1591.82	84.210
1592.91	84.210
1594.00	84.210
1595.09	84.210
1596.19	84.210
1597.28	84.210
1598.37	84.211
1599.46	84.211
1600.56	84.211
1601.65	84.211
1602.75	84.211
1603.84	84.211
1604.94	84.212
1606.03	84.212
1607.13	84.212
1608.23	84.212
1609.33	84.212
1610.42	84.212
1611.52	84.213
1612.62	84.213
1613.72	84.213
1614.82	84.213
1615.92	84.213
1617.03	84.213
1618.13	84.214
1619.23	84.214
1620.33	84.214
1621.44	84.214
1622.54	84.214
1623.65	84.214
1624.75	84.215
1625.86	84.215
1626.97	84.215
1628.07	84.215
1629.18	84.215
1630.29	84.215
1631.40	84.216
1632.51	84.216
1633.62	84.216
1634.73	84.216
1635.84	84.216
