t(c)	V(m/s)
0.000	10.000
0.010	10.349
0.020	10.697
0.030	11.046
0.040	11.395
0.050	11.743
0.060	12.092
0.070	12.441
0.080	12.790
0.090	13.139
0.100	13.489
0.110	13.838
0.120	14.187
0.130	14.537
0.140	14.886
0.150	15.236
0.160	15.585
0.170	15.935
0.180	16.285
0.190	16.635
0.200	16.985
0.210	17.335
0.220	17.685
0.230	18.035
0.240	18.385
0.250	18.736
0.260	19.086
0.270	19.436
0.280	19.787
0.290	20.138
0.300	20.488
0.310	20.839
0.320	21.190
0.330	21.541
0.340	21.892
0.350	22.243
0.360	22.594
0.370	22.945
0.380	23.296
0.390	23.647
0.400	23.999
0.410	24.350
0.420	24.702
0.430	25.053
0.440	25.405
0.450	25.757
0.460	26.109
0.470	26.461
0.480	26.813
0.490	27.165
0.500	27.517
0.510	27.869
0.520	28.221
0.530	28.573
0.540	28.926
0.550	29.278
0.560	29.631
0.570	29.983
0.580	30.336
0.590	30.689
0.600	31.041
0.610	31.394
0.620	31.747
0.630	32.100
0.640	32.453
0.650	32.807
0.660	33.160
0.670	33.513
0.680	33.866
0.690	34.220
0.700	34.573
0.710	34.927
0.720	35.280
0.730	35.634
0.740	35.988
0.750	36.342
0.760	36.696
0.770	37.050
0.780	37.404
0.790	37.758
0.800	38.112
0.810	38.466
0.820	38.820
0.830	39.175
0.840	39.529
0.850	39.884
0.860	40.238
0.870	40.593
0.880	40.948
0.890	41.302
0.900	41.657
0.910	42.012
0.920	42.367
0.930	42.722
0.940	43.077
0.950	43.432
0.960	43.788
0.970	44.143
0.980	44.498
0.990	44.854
1.000	45.209
1.010	45.565
1.020	45.921
1.030	46.276
1.040	46.632
1.050	46.988
1.060	47.344
1.070	47.700
1.080	48.056
1.090	48.412
1.100	48.768
1.110	49.124
1.120	49.481
1.130	49.837
1.140	50.193
1.150	50.550
1.160	50.906
1.170	51.263
1.180	51.620
1.190	51.976
1.200	52.333
1.210	52.690
1.220	53.047
1.230	53.404
1.240	53.761
1.250	54.118
1.260	54.475
1.270	54.833
1.280	55.190
1.290	55.547
1.300	55.905
1.310	56.262
1.320	56.620
1.330	56.978
1.340	57.335
1.350	57.693
1.360	58.051
1.370	58.409
1.380	58.767
1.390	59.125
1.400	59.483
1.410	59.841
1.420	60.199
1.430	60.558
1.440	60.916
1.450	61.274
1.460	61.633
1.470	61.991
1.480	62.350
1.490	62.709
1.500	63.067
1.510	63.426
1.520	63.785
1.530	64.144
1.540	64.503
1.550	64.862
1.560	65.221
1.570	65.580
1.580	65.939
1.590	66.298
1.600	66.658
1.610	67.017
1.620	67.377
1.630	67.736
1.640	68.096
1.650	68.455
1.660	68.815
1.670	69.175
1.680	69.535
1.690	69.895
1.700	70.254
1.710	70.614
1.720	70.975
1.730	71.335
1.740	71.695
1.750	72.055
1.760	72.415
1.770	72.776
1.780	73.136
1.790	73.497
1.800	73.857
1.810	74.218
1.820	74.578
1.830	74.939
1.840	75.300
1.850	75.661
1.860	76.022
1.870	76.383
1.880	76.744
1.890	77.105
1.900	77.466
1.910	77.827
1.920	78.188
1.930	78.550
1.940	78.911
1.950	79.272
1.960	79.634
1.970	79.995
1.980	80.357
1.990	80.719
2.000	81.080
2.010	81.442
2.020	81.804
2.030	82.166
2.040	82.528
2.050	82.890
2.060	83.252
2.070	83.614
2.080	83.976
2.090	84.339
2.100	84.701
2.110	85.063
2.120	85.426
2.130	85.788
2.140	86.151
2.150	86.513
2.160	86.876
2.170	87.239
2.180	87.601
2.190	87.964
2.200	88.327
2.210	88.690
2.220	89.053
2.230	89.416
2.240	89.779
2.250	90.142
2.260	90.505
2.270	90.869
2.280	91.232
2.290	91.595
2.300	91.959
2.310	92.322
2.320	92.686
2.330	93.050
2.340	93.413
2.350	93.777
2.360	94.141
2.370	94.505
2.380	94.868
2.390	95.232
2.400	95.596
2.410	95.960
2.420	96.324
2.430	96.689
2.440	97.053
2.450	97.417
2.460	97.781
2.470	98.146
2.480	98.510
2.490	98.875
2.500	99.239
2.510	99.604
2.520	99.969
2.530	100.333
2.540	100.698
2.550	101.063
2.560	101.428
2.570	101.793
2.580	102.158
2.590	102.523
2.600	102.888
2.610	103.253
2.620	103.618
2.630	103.983
2.640	104.349
2.650	104.714
2.660	105.079
2.670	105.445
2.680	105.810
2.690	106.176
2.700	106.541
2.710	106.907
2.720	107.273
2.730	107.639
2.740	108.004
2.750	108.370
2.760	108.736
2.770	109.102
2.780	109.468
2.790	109.834
2.800	110.200
2.810	110.567
2.820	110.933
2.830	111.299
2.840	111.665
2.850	112.032
2.860	112.398
2.870	112.765
2.880	113.131
2.890	113.498
2.900	113.865
2.910	114.231
2.920	114.598
2.930	114.965
2.940	115.332
2.950	115.699
2.960	116.066
2.970	116.433
2.980	116.800
2.990	117.167
3.000	117.534
3.010	117.901
3.020	118.268
3.030	118.636
3.040	119.003
3.050	119.371
3.060	119.738
3.070	120.106
3.080	120.473
3.090	120.841
3.100	121.208
3.110	121.576
3.120	121.944
3.130	122.312
3.140	122.680
3.150	123.047
3.160	123.415
3.170	123.783
3.180	124.151
3.190	124.520
3.200	124.888
3.210	125.256
3.220	125.624
3.230	125.993
3.240	126.361
3.250	126.729
3.260	127.098
3.270	127.466
3.280	127.835
3.290	128.203
3.300	128.572
3.310	128.941
3.320	129.309
3.330	129.678
3.340	130.047
3.350	130.416
3.360	130.785
3.370	131.154
3.380	131.523
3.390	131.892
3.400	132.261
3.410	132.630
3.420	132.999
3.430	133.369
3.440	133.738
3.450	134.107
3.460	134.477
3.470	134.846
3.480	135.216
3.490	135.585
3.500	135.955
3.510	136.325
3.520	136.694
3.530	137.064
3.540	137.434
3.550	137.804
3.560	138.173
3.570	138.543
3.580	138.913
3.590	139.283
3.600	139.653
3.610	140.023
3.620	140.394
3.630	140.764
3.640	141.134
3.650	141.504
3.660	141.875
3.670	142.245
3.680	142.615
3.690	142.986
3.700	143.356
3.710	143.727
3.720	144.098
3.730	144.468
3.740	144.839
3.750	145.210
3.760	145.580
3.770	145.951
3.780	146.322
3.790	146.693
3.800	147.064
3.810	147.435
3.820	147.806
3.830	148.177
3.840	148.548
3.850	148.919
3.860	149.291
3.870	149.662
3.880	150.033
3.890	150.405
3.900	150.776
3.910	151.147
3.920	151.519
3.930	151.891
3.940	152.262
3.950	152.634
3.960	153.005
3.970	153.377
3.980	153.749
3.990	154.121
4.000	154.492
4.010	154.864
4.020	155.236
4.030	155.608
4.040	155.980
4.050	156.352
4.060	156.724
4.070	157.096
4.080	157.469
4.090	157.841
4.100	158.213
4.110	158.585
4.120	158.958
4.130	159.330
4.140	159.703
4.150	160.075
4.160	160.448
4.170	160.820
4.180	161.193
4.190	161.565
4.200	161.938
4.210	162.311
4.220	162.683
4.230	163.056
4.240	163.429
4.250	163.802
4.260	164.175
4.270	164.548
4.280	164.921
4.290	165.294
4.300	165.667
4.310	166.040
4.320	166.413
4.330	166.786
4.340	167.160
4.350	167.533
4.360	167.906
4.370	168.280
4.380	168.653
4.390	169.027
4.400	169.400
4.410	169.774
4.420	170.147
4.430	170.521
4.440	170.894
4.450	171.268
4.460	171.642
4.470	172.016
4.480	172.389
4.490	172.763
4.500	173.137
4.510	173.511
4.520	173.885
4.530	174.259
4.540	174.633
4.550	175.007
4.560	175.381
4.570	175.755
4.580	176.130
4.590	176.504
4.600	176.878
4.610	177.252
4.620	177.627
4.630	178.001
4.640	178.375
4.650	178.750
4.660	179.124
4.670	179.499
4.680	179.874
4.690	180.248
4.700	180.623
4.710	180.998
4.720	181.372
4.730	181.747
4.740	182.122
4.750	182.497
4.760	182.872
4.770	183.246
4.780	183.621
4.790	183.996
4.800	184.371
4.810	184.746
4.820	185.122
4.830	185.497
4.840	185.872
4.850	186.247
4.860	186.622
4.870	186.997
4.880	187.373
4.890	187.748
4.900	188.123
4.910	188.498
4.920	188.873
4.930	189.248
4.940	189.624
4.950	189.999
4.960	190.374
4.970	190.749
4.980	191.124
4.990	191.499
5.000	191.874
5.010	192.249
5.020	192.624
5.030	192.999
5.040	193.374
5.050	193.749
5.060	194.124
5.070	194.499
5.080	194.874
5.090	195.249
5.100	195.624
5.110	195.998
5.120	196.373
5.130	196.748
5.140	197.123
5.150	197.498
5.160	197.872
5.170	198.247
5.180	198.622
5.190	198.996
5.200	199.371
5.210	199.746
5.220	200.120
5.230	200.495
5.240	200.869
5.250	201.244
5.260	201.618
5.270	201.993
5.280	202.367
5.290	202.742
5.300	203.116
5.310	203.491
5.320	203.865
5.330	204.239
5.340	204.613
5.350	204.988
5.360	205.362
5.370	205.736
5.380	206.110
5.390	206.484
5.400	206.858
5.410	207.232
5.420	207.606
5.430	207.980
5.440	208.354
5.450	208.728
5.460	209.102
5.470	209.476
5.480	209.850
5.490	210.223
5.500	210.597
5.510	210.971
5.520	211.344
5.530	211.718
5.540	212.091
5.550	212.465
5.560	212.838
5.570	213.212
5.580	213.585
5.590	213.959
5.600	214.332
5.610	214.705
5.620	215.078
5.630	215.452
5.640	215.825
5.650	216.198
5.660	216.571
5.670	216.944
5.680	217.317
5.690	217.690
5.700	218.062
5.710	218.435
5.720	218.808
5.730	219.181
5.740	219.553
5.750	219.926
5.760	220.298
5.770	220.671
5.780	221.043
5.790	221.416
5.800	221.788
5.810	222.160
5.820	222.533
5.830	222.905
5.840	223.277
5.850	223.649
5.860	224.021
5.870	224.393
5.880	224.765
5.890	225.137
5.900	225.508
5.910	225.880
5.920	226.252
5.930	226.623
5.940	226.995
5.950	227.366
5.960	227.738
5.970	228.109
5.980	228.481
5.990	228.852
6.000	229.223
6.010	229.594
6.020	229.965
6.030	230.336
6.040	230.707
6.050	231.078
6.060	231.449
6.070	231.819
6.080	232.190
6.090	232.561
6.100	232.931
6.110	233.301
6.120	233.672
6.130	234.042
6.140	234.412
6.150	234.783
6.160	235.153
6.170	235.523
6.180	235.893
6.190	236.262
6.200	236.632
6.210	237.002
6.220	237.372
6.230	237.741
6.240	238.111
6.250	238.480
6.260	238.850
6.270	239.219
6.280	239.588
6.290	239.957
6.300	240.326
6.310	240.695
6.320	241.064
6.330	241.433
6.340	241.802
6.350	242.170
6.360	242.539
6.370	242.907
6.380	243.276
6.390	243.644
6.400	244.012
6.410	244.380
6.420	244.748
6.430	245.116
6.440	245.484
6.450	245.852
6.460	246.220
6.470	246.587
6.480	246.955
6.490	247.322
6.500	247.690
6.510	248.057
6.520	248.424
6.530	248.791
6.540	249.158
6.550	249.525
6.560	249.892
6.570	250.259
6.580	250.625
6.590	250.992
6.600	251.358
6.610	251.725
6.620	252.091
6.630	252.457
6.640	252.823
6.650	253.189
6.660	253.555
6.670	253.921
6.680	254.286
6.690	254.652
6.700	255.018
6.710	255.383
6.720	255.748
6.730	256.113
6.740	256.478
6.750	256.843
6.760	257.208
6.770	257.573
6.780	257.938
6.790	258.302
6.800	258.667
6.810	259.031
6.820	259.395
6.830	259.759
6.840	260.123
6.850	260.487
6.860	260.851
6.870	261.215
6.880	261.579
6.890	261.942
6.900	262.305
6.910	262.669
6.920	263.032
6.930	263.395
6.940	263.758
6.950	264.121
6.960	264.483
6.970	264.846
6.980	265.208
6.990	265.571
7.000	265.933
7.010	266.295
7.020	266.657
7.030	267.019
7.040	267.381
7.050	267.743
7.060	268.104
7.070	268.466
7.080	268.827
7.090	269.188
7.100	269.549
7.110	269.910
7.120	270.271
7.130	270.631
7.140	270.992
7.150	271.352
7.160	271.712
7.170	272.072
7.180	272.432
7.190	272.791
7.200	273.151
7.210	273.510
7.220	273.869
7.230	274.228
7.240	274.586
7.250	274.945
7.260	275.303
7.270	275.661
7.280	276.019
7.290	276.377
7.300	276.734
7.310	277.092
7.320	277.449
7.330	277.806
7.340	278.163
7.350	278.520
7.360	278.876
7.370	279.233
7.380	279.589
7.390	279.945
7.400	280.300
7.410	280.656
7.420	281.011
7.430	281.367
7.440	281.722
7.450	282.076
7.460	282.431
7.470	282.785
7.480	283.140
7.490	283.494
7.500	283.847
7.510	284.201
7.520	284.555
7.530	284.908
7.540	285.261
7.550	285.614
7.560	285.966
7.570	286.319
7.580	286.671
7.590	287.023
7.600	287.375
7.610	287.727
7.620	288.078
7.630	288.429
7.640	288.781
7.650	289.131
7.660	289.482
7.670	289.832
7.680	290.183
7.690	290.533
7.700	290.883
7.710	291.232
7.720	291.582
7.730	291.931
7.740	292.280
7.750	292.629
7.760	292.977
7.770	293.325
7.780	293.674
7.790	294.022
7.800	294.369
7.810	294.717
7.820	295.064
7.830	295.411
7.840	295.758
7.850	296.105
7.860	296.451
7.870	296.797
7.880	297.143
7.890	297.489
7.900	297.835
7.910	298.180
7.920	298.525
7.930	298.870
7.940	299.214
7.950	299.559
7.960	299.903
7.970	300.247
7.980	300.591
7.990	300.934
8.000	301.278
8.010	301.621
8.020	301.964
8.030	302.306
8.040	302.649
8.050	302.991
8.060	303.333
8.070	303.675
8.080	304.016
8.090	304.357
8.100	304.698
8.110	305.039
8.120	305.380
8.130	305.720
8.140	306.061
8.150	306.401
8.160	306.740
8.170	307.080
8.180	307.419
8.190	307.758
8.200	308.097
8.210	308.436
8.220	308.774
8.230	309.112
8.240	309.450
8.250	309.788
8.260	310.125
8.270	310.462
8.280	310.799
8.290	311.136
8.300	311.473
8.310	311.809
8.320	312.145
8.330	312.481
8.340	312.817
8.350	313.152
8.360	313.487
8.370	313.822
8.380	314.157
8.390	314.491
8.400	314.825
8.410	315.159
8.420	315.493
8.430	315.826
8.440	316.160
8.450	316.493
8.460	316.825
8.470	317.158
8.480	317.490
8.490	317.822
8.500	318.154
8.510	318.486
8.520	318.817
8.530	319.148
8.540	319.479
8.550	319.809
8.560	320.140
8.570	320.470
8.580	320.799
8.590	321.129
8.600	321.458
8.610	321.787
8.620	322.116
8.630	322.445
8.640	322.773
8.650	323.101
8.660	323.429
8.670	323.757
8.680	324.084
8.690	324.411
8.700	324.738
8.710	325.064
8.720	325.391
8.730	325.717
8.740	326.043
8.750	326.368
8.760	326.694
8.770	327.019
8.780	327.343
8.790	327.668
8.800	327.992
8.810	328.316
8.820	328.640
8.830	328.963
8.840	329.287
8.850	329.610
8.860	329.932
8.870	330.255
8.880	330.577
8.890	330.899
8.900	331.221
8.910	331.542
8.920	331.863
8.930	332.184
8.940	332.505
8.950	332.825
8.960	333.145
8.970	333.465
8.980	333.785
8.990	334.104
9.000	334.423
9.010	334.742
9.020	335.060
9.030	335.379
9.040	335.698
9.050	336.016
9.060	336.334
9.070	336.652
9.080	336.970
9.090	337.288
9.100	337.606
9.110	337.923
9.120	338.240
9.130	338.558
9.140	338.875
9.150	339.192
9.160	339.509
9.170	339.825
9.180	340.142
9.190	340.458
9.200	340.775
9.210	341.091
9.220	341.407
9.230	341.723
9.240	342.039
9.250	342.354
9.260	342.670
9.270	342.985
9.280	343.301
9.290	343.616
9.300	343.931
9.310	344.245
9.320	344.560
9.330	344.875
9.340	345.189
9.350	345.503
9.360	345.818
9.370	346.132
9.380	346.446
9.390	346.759
9.400	347.073
9.410	347.386
9.420	347.700
9.430	348.013
9.440	348.326
9.450	348.639
9.460	348.952
9.470	349.264
9.480	349.577
9.490	349.889
9.500	350.202
9.510	350.514
9.520	350.826
9.530	351.138
9.540	351.449
9.550	351.761
9.560	352.072
9.570	352.384
9.580	352.695
9.590	353.006
9.600	353.317
9.610	353.627
9.620	353.938
9.630	354.248
9.640	354.559
9.650	354.869
9.660	355.179
9.670	355.489
9.680	355.799
9.690	356.109
9.700	356.418
9.710	356.728
9.720	357.037
9.730	357.346
9.740	357.655
9.750	357.964
9.760	358.273
9.770	358.582
9.780	358.890
9.790	359.199
9.800	359.507
9.810	359.815
9.820	360.123
9.830	360.431
9.840	360.739
9.850	361.046
9.860	361.354
9.870	361.661
9.880	361.969
9.890	362.276
9.900	362.583
9.910	362.890
9.920	363.196
9.930	363.503
9.940	363.810
9.950	364.116
9.960	364.422
9.970	364.728
9.980	365.034
9.990	365.340
10.000	365.646
10.010	365.952
10.020	366.257
10.030	366.562
10.040	366.868
10.050	367.173
10.060	367.478
10.070	367.783
10.080	368.089
10.090	368.394
10.100	368.699
10.110	369.004
10.120	369.309
10.130	369.614
10.140	369.919
10.150	370.224
10.160	370.529
10.170	370.834
10.180	371.139
10.190	371.444
10.200	371.748
10.210	372.053
10.220	372.358
10.230	372.663
10.240	372.967
10.250	373.272
10.260	373.576
10.270	373.881
10.280	374.186
10.290	374.490
10.300	374.794
10.310	375.099
10.320	375.403
10.330	375.708
10.340	376.012
10.350	376.316
10.360	376.621
10.370	376.925
10.380	377.229
10.390	377.533
10.400	377.838
10.410	378.142
10.420	378.446
10.430	378.750
10.440	379.054
10.450	379.358
10.460	379.662
10.470	379.966
10.480	380.270
10.490	380.574
10.500	380.878
10.510	381.181
10.520	381.485
10.530	381.789
10.540	382.093
10.550	382.397
10.560	382.700
10.570	383.004
10.580	383.308
10.590	383.611
10.600	383.915
10.610	384.219
10.620	384.522
10.630	384.826
10.640	385.129
10.650	385.433
10.660	385.736
10.670	386.040
10.680	386.343
10.690	386.646
10.700	386.950
10.710	387.253
10.720	387.556
10.730	387.860
10.740	388.163
10.750	388.466
10.760	388.770
10.770	389.073
10.780	389.376
10.790	389.679
10.800	389.982
10.810	390.285
10.820	390.588
10.830	390.892
10.840	391.195
10.850	391.498
10.860	391.801
10.870	392.104
10.880	392.407
10.890	392.710
10.900	393.012
10.910	393.315
10.920	393.618
10.930	393.921
10.940	394.224
10.950	394.527
10.960	394.830
10.970	395.132
10.980	395.435
10.990	395.738
11.000	396.041
11.010	396.343
11.020	396.646
11.030	396.949
11.040	397.251
11.050	397.554
11.060	397.857
11.070	398.159
11.080	398.462
11.090	398.764
11.100	399.067
11.110	399.369
11.120	399.672
11.130	399.974
11.140	400.277
11.150	400.579
11.160	400.881
11.170	401.183
11.180	401.486
11.190	401.788
11.200	402.090
11.210	402.392
11.220	402.694
11.230	402.996
11.240	403.298
11.250	403.600
11.260	403.902
11.270	404.204
11.280	404.506
11.290	404.808
11.300	405.110
11.310	405.412
11.320	405.714
11.330	406.016
11.340	406.317
11.350	406.619
11.360	406.921
11.370	407.222
11.380	407.524
11.390	407.826
11.400	408.127
11.410	408.429
11.420	408.730
11.430	409.032
11.440	409.333
11.450	409.635
11.460	409.936
11.470	410.237
11.480	410.539
11.490	410.840
11.500	411.141
11.510	411.443
11.520	411.744
11.530	412.045
11.540	412.346
11.550	412.647
11.560	412.948
11.570	413.250
11.580	413.551
11.590	413.852
11.600	414.153
11.610	414.454
11.620	414.755
11.630	415.056
11.640	415.357
11.650	415.658
11.660	415.958
11.670	416.259
11.680	416.560
11.690	416.861
11.700	417.162
11.710	417.463
11.720	417.763
11.730	418.064
11.740	418.365
11.750	418.665
11.760	418.966
11.770	419.267
11.780	419.567
11.790	419.868
11.800	420.168
11.810	420.469
11.820	420.769
11.830	421.070
11.840	421.370
11.850	421.671
11.860	421.971
11.870	422.272
11.880	422.572
11.890	422.872
11.900	423.173
11.910	423.473
11.920	423.773
11.930	424.074
11.940	424.374
11.950	424.674
11.960	424.975
11.970	425.275
11.980	425.575
11.990	425.875
12.000	426.175
12.010	426.475
12.020	426.776
12.030	427.076
12.040	427.376
12.050	427.676
12.060	427.976
12.070	428.276
12.080	428.576
12.090	428.876
12.100	429.176
12.110	429.476
12.120	429.776
12.130	430.075
12.140	430.375
12.150	430.675
12.160	430.975
12.170	431.274
12.180	431.574
12.190	431.873
12.200	432.173
12.210	432.472
12.220	432.771
12.230	433.070
12.240	433.370
12.250	433.669
12.260	433.968
12.270	434.267
12.280	434.566
12.290	434.865
12.300	435.164
12.310	435.463
12.320	435.761
12.330	436.060
12.340	436.359
12.350	436.657
12.360	436.956
12.370	437.255
12.380	437.553
12.390	437.851
12.400	438.150
12.410	438.448
12.420	438.746
12.430	439.045
12.440	439.343
12.450	439.641
12.460	439.939
12.470	440.237
12.480	440.535
12.490	440.833
12.500	441.131
12.510	441.428
12.520	441.726
12.530	442.024
12.540	442.322
12.550	442.619
12.560	442.917
12.570	443.214
12.580	443.512
12.590	443.809
12.600	444.106
12.610	444.404
12.620	444.701
12.630	444.998
12.640	445.295
12.650	445.592
12.660	445.890
12.670	446.187
12.680	446.484
12.690	446.780
12.700	447.077
12.710	447.374
12.720	447.671
12.730	447.968
12.740	448.264
12.750	448.561
12.760	448.858
12.770	449.154
12.780	449.451
12.790	449.747
12.800	450.043
12.810	450.340
12.820	450.636
12.830	450.932
12.840	451.229
12.850	451.525
12.860	451.821
12.870	452.117
12.880	452.413
12.890	452.709
12.900	453.005
12.910	453.301
12.920	453.597
12.930	453.893
12.940	454.188
12.950	454.484
12.960	454.780
12.970	455.075
12.980	455.371
12.990	455.666
13.000	455.962
13.010	456.257
13.020	456.553
13.030	456.848
13.040	457.144
13.050	457.439
13.060	457.734
13.070	458.029
13.080	458.324
13.090	458.619
13.100	458.915
13.110	459.210
13.120	459.505
13.130	459.800
13.140	460.094
13.150	460.389
13.160	460.684
13.170	460.979
13.180	461.274
13.190	461.569
13.200	461.864
13.210	462.159
13.220	462.454
13.230	462.748
13.240	463.043
13.250	463.338
13.260	463.633
13.270	463.928
13.280	464.222
13.290	464.517
13.300	464.812
13.310	465.107
13.320	465.402
13.330	465.696
13.340	465.991
13.350	466.286
13.360	466.580
13.370	466.875
13.380	467.170
13.390	467.464
13.400	467.759
13.410	468.054
13.420	468.348
13.430	468.643
13.440	468.938
13.450	469.232
13.460	469.527
13.470	469.822
13.480	470.116
13.490	470.411
13.500	470.705
13.510	471.000
13.520	471.294
13.530	471.589
13.540	471.884
13.550	472.178
13.560	472.473
13.570	472.767
13.580	473.062
13.590	473.356
13.600	473.651
13.610	473.945
13.620	474.240
13.630	474.534
13.640	474.829
13.650	475.123
13.660	475.418
13.670	475.712
13.680	476.007
13.690	476.301
13.700	476.596
13.710	476.890
13.720	477.185
13.730	477.479
13.740	477.774
13.750	478.068
13.760	478.363
13.770	478.657
13.780	478.952
13.790	479.246
13.800	479.541
13.810	479.835
13.820	480.130
13.830	480.424
13.840	480.718
13.850	481.013
13.860	481.307
13.870	481.602
13.880	481.896
13.890	482.191
13.900	482.485
13.910	482.780
13.920	483.074
13.930	483.369
13.940	483.663
13.950	483.958
13.960	484.252
13.970	484.546
13.980	484.841
13.990	485.135
14.000	485.430
14.010	485.724
14.020	486.019
14.030	486.313
14.040	486.608
14.050	486.902
14.060	487.197
14.070	487.491
14.080	487.786
14.090	488.080
14.100	488.375
14.110	488.669
14.120	488.964
14.130	489.258
14.140	489.553
14.150	489.847
14.160	490.142
14.170	490.437
14.180	490.731
14.190	491.026
14.200	491.320
14.210	491.615
14.220	491.909
14.230	492.204
14.240	492.499
14.250	492.793
14.260	493.088
14.270	493.382
14.280	493.677
14.290	493.972
14.300	494.266
14.310	494.561
14.320	494.856
14.330	495.150
14.340	495.445
14.350	495.740
14.360	496.034
14.370	496.329
14.380	496.624
14.390	496.918
14.400	497.213
14.410	497.508
14.420	497.803
14.430	498.097
14.440	498.392
14.450	498.687
14.460	498.982
14.470	499.277
14.480	499.571
14.490	499.866
14.500	500.161
14.510	500.456
14.520	500.751
14.530	501.046
14.540	501.341
14.550	501.635
14.560	501.930
14.570	502.225
14.580	502.520
14.590	502.815
14.600	503.110
14.610	503.405
14.620	503.700
14.630	503.995
14.640	504.290
14.650	504.585
14.660	504.880
14.670	505.175
14.680	505.471
14.690	505.766
14.700	506.061
14.710	506.356
14.720	506.651
14.730	506.946
14.740	507.241
14.750	507.537
14.760	507.832
14.770	508.127
14.780	508.422
14.790	508.718
14.800	509.013
14.810	509.308
14.820	509.604
14.830	509.899
14.840	510.194
14.850	510.490
14.860	510.785
14.870	511.081
14.880	511.376
14.890	511.672
14.900	511.967
14.910	512.263
14.920	512.558
14.930	512.854
14.940	513.149
14.950	513.445
14.960	513.740
14.970	514.036
14.980	514.332
14.990	514.627
15.000	514.923
15.010	515.219
15.020	515.515
15.030	515.810
15.040	516.106
15.050	516.402
15.060	516.698
15.070	516.994
15.080	517.290
15.090	517.586
15.100	517.882
15.110	518.178
15.120	518.474
15.130	518.770
15.140	519.066
15.150	519.362
15.160	519.658
15.170	519.954
15.180	520.250
15.190	520.546
15.200	520.842
15.210	521.139
15.220	521.435
15.230	521.731
15.240	522.028
15.250	522.324
15.260	522.620
15.270	522.917
15.280	523.213
15.290	523.509
15.300	523.806
15.310	524.102
15.320	524.399
15.330	524.696
15.340	524.992
15.350	525.289
15.360	525.585
15.370	525.882
15.380	526.179
15.390	526.476
15.400	526.772
15.410	527.069
15.420	527.366
15.430	527.663
15.440	527.960
15.450	528.257
15.460	528.554
15.470	528.851
15.480	529.148
15.490	529.445
15.500	529.742
15.510	530.039
15.520	530.336
15.530	530.633
15.540	530.931
15.550	531.228
15.560	531.525
15.570	531.822
15.580	532.120
15.590	532.417
15.600	532.715
15.610	533.012
15.620	533.310
15.630	533.607
15.640	533.905
15.650	534.202
15.660	534.500
15.670	534.798
15.680	535.095
15.690	535.393
15.700	535.691
15.710	535.989
15.720	536.287
15.730	536.585
15.740	536.883
15.750	537.181
15.760	537.479
15.770	537.777
15.780	538.075
15.790	538.373
15.800	538.671
15.810	538.969
15.820	539.268
15.830	539.566
15.840	539.864
15.850	540.163
15.860	540.461
15.870	540.760
15.880	541.058
15.890	541.357
15.900	541.655
15.910	541.954
15.920	542.252
15.930	542.551
15.940	542.850
15.950	543.149
15.960	543.448
15.970	543.746
15.980	544.045
15.990	544.344
16.000	544.643
16.010	544.942
16.020	545.242
16.030	545.541
16.040	545.840
16.050	546.139
16.060	546.438
16.070	546.738
16.080	547.037
16.090	547.337
16.100	547.636
16.110	547.936
16.120	548.235
16.130	548.535
16.140	548.834
16.150	549.134
16.160	549.434
16.170	549.734
16.180	550.033
16.190	550.333
16.200	550.633
16.210	550.933
16.220	551.233
16.230	551.533
16.240	551.834
16.250	552.134
16.260	552.434
16.270	552.734
16.280	553.035
16.290	553.335
16.300	553.635
16.310	553.936
16.320	554.236
16.330	554.537
16.340	554.838
16.350	555.138
16.360	555.439
16.370	555.740
16.380	556.041
16.390	556.342
16.400	556.643
16.410	556.944
16.420	557.245
16.430	557.546
16.440	557.847
16.450	558.148
16.460	558.449
16.470	558.751
16.480	559.052
16.490	559.354
16.500	559.655
16.510	559.957
16.520	560.258
16.530	560.560
16.540	560.862
16.550	561.163
16.560	561.465
16.570	561.767
16.580	562.069
16.590	562.371
16.600	562.673
16.610	562.975
16.620	563.277
16.630	563.580
16.640	563.882
16.650	564.184
16.660	564.487
16.670	564.789
16.680	565.092
16.690	565.394
16.700	565.697
16.710	566.000
16.720	566.303
16.730	566.605
16.740	566.908
16.750	567.211
16.760	567.514
16.770	567.817
16.780	568.120
16.790	568.424
16.800	568.727
16.810	569.030
16.820	569.334
16.830	569.637
16.840	569.941
16.850	570.244
16.860	570.548
16.870	570.851
16.880	571.155
16.890	571.459
16.900	571.763
16.910	572.067
16.920	572.371
16.930	572.675
16.940	572.979
16.950	573.283
16.960	573.588
16.970	573.892
16.980	574.196
16.990	574.501
17.000	574.805
17.010	575.110
17.020	575.415
17.030	575.720
17.040	576.024
17.050	576.329
17.060	576.634
17.070	576.939
17.080	577.244
17.090	577.549
17.100	577.855
17.110	578.160
17.120	578.465
17.130	578.771
17.140	579.076
17.150	579.382
17.160	579.688
17.170	579.993
17.180	580.299
17.190	580.605
17.200	580.911
17.210	581.217
17.220	581.523
17.230	581.829
17.240	582.135
17.250	582.442
17.260	582.748
17.270	583.055
17.280	583.361
17.290	583.668
17.300	583.974
17.310	584.281
17.320	584.588
17.330	584.895
17.340	585.202
17.350	585.509
17.360	585.816
17.370	586.123
17.380	586.430
17.390	586.738
17.400	587.045
17.410	587.353
17.420	587.660
17.430	587.968
17.440	588.276
17.450	588.583
17.460	588.891
17.470	589.199
17.480	589.507
17.490	589.816
17.500	590.124
17.510	590.432
17.520	590.740
17.530	591.049
17.540	591.357
17.550	591.666
17.560	591.975
17.570	592.283
17.580	592.592
17.590	592.901
17.600	593.210
17.610	593.519
17.620	593.828
17.630	594.138
17.640	594.447
17.650	594.756
17.660	595.066
17.670	595.376
17.680	595.685
17.690	595.995
17.700	596.305
17.710	596.615
17.720	596.925
17.730	597.235
17.740	597.545
17.750	597.855
17.760	598.166
17.770	598.476
17.780	598.787
17.790	599.097
17.800	599.408
17.810	599.719
17.820	600.029
17.830	600.340
17.840	600.651
17.850	600.963
17.860	601.274
17.870	601.585
17.880	601.897
17.890	602.208
17.900	602.520
17.910	602.831
17.920	603.143
17.930	603.455
17.940	603.767
17.950	604.079
17.960	604.391
17.970	604.703
17.980	605.015
17.990	605.328
18.000	605.640
18.010	605.953
18.020	606.265
18.030	606.578
18.040	606.891
18.050	607.204
18.060	607.517
18.070	607.830
18.080	608.143
18.090	608.457
18.100	608.770
18.110	609.084
18.120	609.397
18.130	609.711
18.140	610.025
18.150	610.339
18.160	610.652
18.170	610.967
18.180	611.281
18.190	611.595
18.200	611.909
18.210	612.224
18.220	612.538
18.230	612.853
18.240	613.168
18.250	613.483
18.260	613.798
18.270	614.113
18.280	614.428
18.290	614.743
18.300	615.058
18.310	615.374
18.320	615.689
18.330	616.005
18.340	616.321
18.350	616.637
18.360	616.953
18.370	617.269
18.380	617.585
18.390	617.901
18.400	618.217
18.410	618.534
18.420	618.850
18.430	619.167
18.440	619.484
18.450	619.801
18.460	620.118
18.470	620.435
18.480	620.752
18.490	621.069
18.500	621.386
18.510	621.704
18.520	622.022
18.530	622.339
18.540	622.657
18.550	622.975
18.560	623.293
18.570	623.611
18.580	623.929
18.590	624.248
18.600	624.566
18.610	624.885
18.620	625.203
18.630	625.522
18.640	625.841
18.650	626.160
18.660	626.479
18.670	626.798
18.680	627.118
18.690	627.437
18.700	627.757
18.710	628.076
18.720	628.396
18.730	628.716
18.740	629.036
18.750	629.356
18.760	629.676
18.770	629.996
18.780	630.317
18.790	630.637
18.800	630.958
18.810	631.279
18.820	631.600
18.830	631.921
18.840	632.242
18.850	632.563
18.860	632.884
18.870	633.206
18.880	633.527
18.890	633.849
18.900	634.170
18.910	634.492
18.920	634.814
18.930	635.136
18.940	635.458
18.950	635.780
18.960	636.102
18.970	636.424
18.980	636.746
18.990	637.069
19.000	637.391
19.010	637.714
19.020	638.037
19.030	638.359
19.040	638.682
19.050	639.005
19.060	639.328
19.070	639.651
19.080	639.975
19.090	640.298
19.100	640.622
19.110	640.945
19.120	641.269
19.130	641.592
19.140	641.916
19.150	642.240
19.160	642.564
19.170	642.888
19.180	643.212
19.190	643.537
19.200	643.861
19.210	644.186
19.220	644.510
19.230	644.835
19.240	645.160
19.250	645.484
19.260	645.809
19.270	646.135
19.280	646.460
19.290	646.785
19.300	647.110
19.310	647.436
19.320	647.761
19.330	648.087
19.340	648.413
19.350	648.739
19.360	649.065
19.370	649.391
19.380	649.717
19.390	650.043
19.400	650.369
19.410	650.696
19.420	651.022
19.430	651.349
19.440	651.676
19.450	652.003
19.460	652.330
19.470	652.657
19.480	652.984
19.490	653.311
19.500	653.638
19.510	653.966
19.520	654.294
19.530	654.621
19.540	654.949
19.550	655.277
19.560	655.605
19.570	655.933
19.580	656.261
19.590	656.590
19.600	656.918
19.610	657.247
19.620	657.575
19.630	657.904
19.640	658.233
19.650	658.562
19.660	658.891
19.670	659.220
19.680	659.549
19.690	659.879
19.700	660.208
19.710	660.538
19.720	660.867
19.730	661.197
19.740	661.527
19.750	661.857
19.760	662.187
19.770	662.518
19.780	662.848
19.790	663.179
19.800	663.509
19.810	663.840
19.820	664.171
19.830	664.502
19.840	664.833
19.850	665.164
19.860	665.495
19.870	665.826
19.880	666.158
19.890	666.490
19.900	666.821
19.910	667.153
19.920	667.485
19.930	667.817
19.940	668.149
19.950	668.482
19.960	668.814
19.970	669.146
19.980	669.479
19.990	669.812
20.000	670.145
20.010	670.478
20.020	670.811
20.030	671.144
20.040	671.477
20.050	671.811
20.060	672.144
20.070	672.478
20.080	672.812
20.090	673.146
20.100	673.480
20.110	673.814
20.120	674.148
20.130	674.483
20.140	674.817
20.150	675.152
20.160	675.487
20.170	675.822
20.180	676.157
20.190	676.492
20.200	676.827
20.210	677.162
20.220	677.498
20.230	677.833
20.240	678.169
20.250	678.505
20.260	678.841
20.270	679.177
20.280	679.513
20.290	679.850
20.300	680.186
20.310	680.523
20.320	680.859
20.330	681.196
20.340	681.533
20.350	681.870
20.360	682.208
20.370	682.545
20.380	682.882
20.390	683.220
20.400	683.558
20.410	683.896
20.420	684.234
20.430	684.572
20.440	684.910
20.450	685.248
20.460	685.587
20.470	685.925
20.480	686.264
20.490	686.603
20.500	686.942
20.510	687.281
20.520	687.621
20.530	687.960
20.540	688.300
20.550	688.639
20.560	688.979
20.570	689.319
20.580	689.659
20.590	689.999
20.600	690.339
20.610	690.680
20.620	691.021
20.630	691.361
20.640	691.702
20.650	692.043
20.660	692.384
20.670	692.725
20.680	693.067
20.690	693.408
20.700	693.750
20.710	694.092
20.720	694.434
20.730	694.776
20.740	695.118
20.750	695.460
20.760	695.803
20.770	696.146
20.780	696.488
20.790	696.831
20.800	697.174
20.810	697.517
20.820	697.861
20.830	698.204
20.840	698.548
20.850	698.891
20.860	699.235
20.870	699.579
20.880	699.923
20.890	700.268
20.900	700.612
20.910	700.957
20.920	701.301
20.930	701.646
20.940	701.991
20.950	702.336
20.960	702.682
20.970	703.027
20.980	703.373
20.990	703.718
21.000	704.064
21.010	704.410
21.020	704.756
21.030	705.102
21.040	705.449
21.050	705.795
21.060	706.142
21.070	706.489
21.080	706.836
21.090	707.183
21.100	707.530
21.110	707.878
21.120	708.225
21.130	708.573
21.140	708.921
21.150	709.269
21.160	709.617
21.170	709.966
21.180	710.314
21.190	710.663
21.200	711.011
21.210	711.360
21.220	711.709
21.230	712.059
21.240	712.408
21.250	712.757
21.260	713.107
21.270	713.457
21.280	713.807
21.290	714.157
21.300	714.507
21.310	714.858
21.320	715.208
21.330	715.559
21.340	715.910
21.350	716.261
21.360	716.612
21.370	716.963
21.380	717.315
21.390	717.667
21.400	718.018
21.410	718.370
21.420	718.722
21.430	719.075
21.440	719.427
21.450	719.780
21.460	720.132
21.470	720.485
21.480	720.838
21.490	721.192
21.500	721.545
21.510	721.899
21.520	722.252
21.530	722.606
21.540	722.960
21.550	723.314
21.560	723.669
21.570	724.023
21.580	724.378
21.590	724.732
21.600	725.087
21.610	725.443
21.620	725.798
21.630	726.153
21.640	726.509
21.650	726.865
21.660	727.221
21.670	727.577
21.680	727.933
21.690	728.289
21.700	728.646
21.710	729.003
21.720	729.360
21.730	729.717
21.740	730.074
21.750	730.431
21.760	730.789
21.770	731.147
21.780	731.504
21.790	731.863
21.800	732.221
21.810	732.579
21.820	732.938
21.830	733.296
21.840	733.655
21.850	734.014
21.860	734.374
21.870	734.733
21.880	735.093
21.890	735.452
21.900	735.812
21.910	736.172
21.920	736.533
21.930	736.893
21.940	737.254
21.950	737.614
21.960	737.975
21.970	738.336
21.980	738.698
21.990	739.059
22.000	739.421
22.010	739.783
22.020	740.145
22.030	740.507
22.040	740.869
22.050	741.231
22.060	741.594
22.070	741.957
22.080	742.320
22.090	742.683
22.100	743.047
22.110	743.410
22.120	743.774
22.130	744.138
22.140	744.502
22.150	744.866
22.160	745.230
22.170	745.595
22.180	745.960
22.190	746.325
22.200	746.690
22.210	747.055
22.220	747.421
22.230	747.786
22.240	748.152
22.250	748.518
22.260	748.884
22.270	749.251
22.280	749.617
22.290	749.984
22.300	750.351
22.310	750.718
22.320	751.086
22.330	751.453
22.340	751.821
22.350	752.189
22.360	752.557
22.370	752.925
22.380	753.293
22.390	753.662
22.400	754.031
22.410	754.400
22.420	754.769
22.430	755.138
22.440	755.508
22.450	755.877
22.460	756.247
22.470	756.617
22.480	756.987
22.490	757.358
22.500	757.729
22.510	758.099
22.520	758.470
22.530	758.842
22.540	759.213
22.550	759.585
22.560	759.956
22.570	760.328
22.580	760.700
22.590	761.073
22.600	761.445
22.610	761.818
22.620	762.191
22.630	762.564
22.640	762.937
22.650	763.311
22.660	763.684
22.670	764.058
22.680	764.432
22.690	764.807
22.700	765.181
22.710	765.556
22.720	765.931
22.730	766.306
22.740	766.681
22.750	767.056
22.760	767.432
22.770	767.808
22.780	768.184
22.790	768.560
22.800	768.936
22.810	769.313
22.820	769.690
22.830	770.067
22.840	770.444
22.850	770.822
22.860	771.199
22.870	771.577
22.880	771.955
22.890	772.333
22.900	772.712
22.910	773.090
22.920	773.469
22.930	773.848
22.940	774.227
22.950	774.607
22.960	774.986
22.970	775.366
22.980	775.746
22.990	776.126
23.000	776.507
23.010	776.887
23.020	777.268
23.030	777.649
23.040	778.031
23.050	778.412
23.060	778.794
23.070	779.176
23.080	779.558
23.090	779.940
23.100	780.322
23.110	780.705
23.120	781.088
23.130	781.471
23.140	781.855
23.150	782.238
23.160	782.622
23.170	783.006
23.180	783.390
23.190	783.774
23.200	784.159
23.210	784.544
23.220	784.929
23.230	785.314
23.240	785.699
23.250	786.085
23.260	786.471
23.270	786.857
23.280	787.243
23.290	787.630
23.300	788.016
23.310	788.403
23.320	788.790
23.330	789.178
23.340	789.565
23.350	789.952
23.360	790.340
23.370	790.728
23.380	791.116
23.390	791.504
23.400	791.892
23.410	792.281
23.420	792.669
23.430	793.058
23.440	793.447
23.450	793.836
23.460	794.225
23.470	794.614
23.480	795.004
23.490	795.393
23.500	795.783
23.510	796.173
23.520	796.563
23.530	796.953
23.540	797.344
23.550	797.734
23.560	798.125
23.570	798.516
23.580	798.907
23.590	799.298
23.600	799.689
23.610	800.081
23.620	800.472
23.630	800.864
23.640	801.256
23.650	801.648
23.660	802.041
23.670	802.433
23.680	802.825
23.690	803.218
23.700	803.611
23.710	804.004
23.720	804.397
23.730	804.791
23.740	805.184
23.750	805.578
23.760	805.972
23.770	806.366
23.780	806.760
23.790	807.154
23.800	807.548
23.810	807.943
23.820	808.338
23.830	808.733
23.840	809.128
23.850	809.523
23.860	809.919
23.870	810.314
23.880	810.710
23.890	811.106
23.900	811.502
23.910	811.898
23.920	812.295
23.930	812.691
23.940	813.088
23.950	813.485
23.960	813.882
23.970	814.279
23.980	814.677
23.990	815.074
24.000	815.472
24.010	815.870
24.020	816.268
24.030	816.666
24.040	817.064
24.050	817.463
24.060	817.862
24.070	818.261
24.080	818.660
24.090	819.059
24.100	819.458
24.110	819.858
24.120	820.258
24.130	820.657
24.140	821.058
24.150	821.458
24.160	821.858
24.170	822.259
24.180	822.660
24.190	823.061
24.200	823.462
24.210	823.863
24.220	824.264
24.230	824.666
24.240	825.068
24.250	825.470
24.260	825.872
24.270	826.274
24.280	826.677
24.290	827.079
24.300	827.482
24.310	827.885
24.320	828.288
24.330	828.692
24.340	829.095
24.350	829.499
24.360	829.903
24.370	830.307
24.380	830.711
24.390	831.116
24.400	831.520
24.410	831.925
24.420	832.330
24.430	832.735
24.440	833.140
24.450	833.546
24.460	833.952
24.470	834.358
24.480	834.764
24.490	835.170
24.500	835.576
24.510	835.983
24.520	836.389
24.530	836.796
24.540	837.204
24.550	837.611
24.560	838.018
24.570	838.426
24.580	838.834
24.590	839.242
24.600	839.650
24.610	840.058
24.620	840.467
24.630	840.876
24.640	841.285
24.650	841.694
24.660	842.103
24.670	842.513
24.680	842.922
24.690	843.332
24.700	843.742
24.710	844.153
24.720	844.563
24.730	844.974
24.740	845.385
24.750	845.796
24.760	846.207
24.770	846.618
24.780	847.030
24.790	847.441
24.800	847.853
24.810	848.266
24.820	848.678
24.830	849.090
24.840	849.503
24.850	849.916
24.860	850.329
24.870	850.742
24.880	851.156
24.890	851.570
24.900	851.983
24.910	852.397
24.920	852.812
24.930	853.226
24.940	853.641
24.950	854.056
24.960	854.471
24.970	854.886
24.980	855.301
24.990	855.717
25.000	856.133
25.010	856.549
25.020	856.965
25.030	857.381
25.040	857.798
25.050	858.215
25.060	858.632
25.070	859.049
25.080	859.466
25.090	859.884
25.100	860.301
25.110	860.719
25.120	861.138
25.130	861.556
25.140	861.975
25.150	862.393
25.160	862.812
25.170	863.231
25.180	863.651
25.190	864.070
25.200	864.490
25.210	864.910
25.220	865.330
25.230	865.751
25.240	866.171
25.250	866.592
25.260	867.013
25.270	867.434
25.280	867.856
25.290	868.277
25.300	868.699
25.310	869.121
25.320	869.543
25.330	869.966
25.340	870.388
25.350	870.811
25.360	871.234
25.370	871.658
25.380	872.081
25.390	872.505
25.400	872.929
25.410	873.353
25.420	873.777
25.430	874.201
25.440	874.626
25.450	875.051
25.460	875.476
25.470	875.902
25.480	876.327
25.490	876.753
25.500	877.179
25.510	877.605
25.520	878.031
25.530	878.458
25.540	878.885
25.550	879.312
25.560	879.739
25.570	880.167
25.580	880.594
25.590	881.022
25.600	881.450
25.610	881.879
25.620	882.307
25.630	882.736
25.640	883.166
25.650	883.596
25.660	884.026
25.670	884.456
25.680	884.887
25.690	885.318
25.700	885.749
25.710	886.180
25.720	886.612
25.730	887.044
25.740	887.476
25.750	887.909
25.760	888.342
25.770	888.775
25.780	889.208
25.790	889.642
25.800	890.075
25.810	890.510
25.820	890.944
25.830	891.379
25.840	891.813
25.850	892.249
25.860	892.684
25.870	893.120
25.880	893.556
25.890	893.992
25.900	894.429
25.910	894.865
25.920	895.302
25.930	895.740
25.940	896.177
25.950	896.615
25.960	897.053
25.970	897.492
25.980	897.931
25.990	898.370
26.000	898.809
26.010	899.248
26.020	899.688
26.030	900.128
26.040	900.568
26.050	901.009
26.060	901.450
26.070	901.891
26.080	902.332
26.090	902.774
26.100	903.216
26.110	903.658
26.120	904.101
26.130	904.544
26.140	904.987
26.150	905.430
26.160	905.874
26.170	906.318
26.180	906.762
26.190	907.206
26.200	907.651
26.210	908.096
26.220	908.541
26.230	908.987
26.240	909.432
26.250	909.879
26.260	910.325
26.270	910.772
26.280	911.218
26.290	911.666
26.300	912.113
26.310	912.561
26.320	913.009
26.330	913.457
26.340	913.906
26.350	914.355
26.360	914.804
26.370	915.253
26.380	915.703
26.390	916.153
26.400	916.603
26.410	917.054
26.420	917.505
26.430	917.956
26.440	918.407
26.450	918.859
26.460	919.311
26.470	919.763
26.480	920.216
26.490	920.669
26.500	921.122
26.510	921.575
26.520	922.029
26.530	922.483
26.540	922.937
26.550	923.391
26.560	923.846
26.570	924.301
26.580	924.757
26.590	925.212
26.600	925.668
26.610	926.124
26.620	926.581
26.630	927.038
26.640	927.495
26.650	927.952
26.660	928.410
26.670	928.868
26.680	929.326
26.690	929.785
26.700	930.243
26.710	930.702
26.720	931.162
26.730	931.622
26.740	932.081
26.750	932.542
26.760	933.002
26.770	933.463
26.780	933.924
26.790	934.386
26.800	934.847
26.810	935.309
26.820	935.772
26.830	936.234
26.840	936.697
26.850	937.160
26.860	937.624
26.870	938.087
26.880	938.551
26.890	939.016
26.900	939.480
26.910	939.945
26.920	940.410
26.930	940.876
26.940	941.342
26.950	941.808
26.960	942.274
26.970	942.741
26.980	943.208
26.990	943.675
27.000	944.143
27.010	944.610
27.020	945.078
27.030	945.547
27.040	946.016
27.050	946.485
27.060	946.954
27.070	947.424
27.080	947.894
27.090	948.364
27.100	948.834
27.110	949.305
27.120	949.776
27.130	950.248
27.140	950.719
27.150	951.191
27.160	951.664
27.170	952.136
27.180	952.609
27.190	953.082
27.200	953.556
27.210	954.029
27.220	954.504
27.230	954.978
27.240	955.453
27.250	955.928
27.260	956.403
27.270	956.878
27.280	957.354
27.290	957.831
27.300	958.307
27.310	958.784
27.320	959.261
27.330	959.738
27.340	960.216
27.350	960.694
27.360	961.172
27.370	961.651
27.380	962.130
27.390	962.609
27.400	963.089
27.410	963.569
27.420	964.049
27.430	964.529
27.440	965.010
27.450	965.491
27.460	965.972
27.470	966.454
27.480	966.936
27.490	967.418
27.500	967.901
27.510	968.384
27.520	968.867
27.530	969.350
27.540	969.834
27.550	970.318
27.560	970.803
27.570	971.287
27.580	971.773
27.590	972.258
27.600	972.744
27.610	973.230
27.620	973.716
27.630	974.202
27.640	974.689
27.650	975.177
27.660	975.664
27.670	976.152
27.680	976.640
27.690	977.129
27.700	977.617
27.710	978.106
27.720	978.596
27.730	979.085
27.740	979.575
27.750	980.066
27.760	980.556
27.770	981.047
27.780	981.539
27.790	982.030
27.800	982.522
27.810	983.014
27.820	983.507
27.830	984.000
27.840	984.493
27.850	984.986
27.860	985.480
27.870	985.974
27.880	986.469
27.890	986.963
27.900	987.458
27.910	987.954
27.920	988.449
27.930	988.946
27.940	989.442
27.950	989.938
27.960	990.435
27.970	990.933
27.980	991.430
27.990	991.928
28.000	992.426
28.010	992.925
28.020	993.424
28.030	993.923
28.040	994.423
28.050	994.922
28.060	995.422
28.070	995.923
28.080	996.424
28.090	996.925
28.100	997.426
28.110	997.928
28.120	998.430
28.130	998.932
28.140	999.435
28.150	999.938
28.160	1000.442
28.170	1000.945
28.180	1001.449
28.190	1001.954
28.200	1002.458
28.210	1002.963
28.220	1003.469
28.230	1003.974
28.240	1004.480
28.250	1004.986
28.260	1005.493
28.270	1006.000
28.280	1006.507
28.290	1007.014
28.300	1007.522
28.310	1008.030
28.320	1008.538
28.330	1009.046
28.340	1009.555
28.350	1010.064
28.360	1010.574
28.370	1011.083
28.380	1011.593
28.390	1012.104
28.400	1012.614
28.410	1013.125
28.420	1013.637
28.430	1014.148
28.440	1014.660
28.450	1015.172
28.460	1015.684
28.470	1016.197
28.480	1016.710
28.490	1017.223
28.500	1017.737
28.510	1018.251
28.520	1018.765
28.530	1019.280
28.540	1019.794
28.550	1020.310
28.560	1020.825
28.570	1021.341
28.580	1021.857
28.590	1022.373
28.600	1022.890
28.610	1023.407
28.620	1023.924
28.630	1024.441
28.640	1024.959
28.650	1025.477
28.660	1025.996
28.670	1026.514
28.680	1027.033
28.690	1027.553
28.700	1028.072
28.710	1028.592
28.720	1029.113
28.730	1029.633
28.740	1030.154
28.750	1030.675
28.760	1031.197
28.770	1031.719
28.780	1032.241
28.790	1032.763
28.800	1033.286
28.810	1033.809
28.820	1034.332
28.830	1034.856
28.840	1035.380
28.850	1035.904
28.860	1036.429
28.870	1036.953
28.880	1037.479
28.890	1038.004
28.900	1038.530
28.910	1039.056
28.920	1039.583
28.930	1040.109
28.940	1040.636
28.950	1041.164
28.960	1041.691
28.970	1042.219
28.980	1042.748
28.990	1043.276
29.000	1043.805
29.010	1044.334
29.020	1044.864
29.030	1045.394
29.040	1045.924
29.050	1046.454
29.060	1046.985
29.070	1047.516
29.080	1048.048
29.090	1048.580
29.100	1049.112
29.110	1049.644
29.120	1050.177
29.130	1050.710
29.140	1051.243
29.150	1051.777
29.160	1052.311
29.170	1052.845
29.180	1053.380
29.190	1053.914
29.200	1054.450
29.210	1054.985
29.220	1055.521
29.230	1056.057
29.240	1056.594
29.250	1057.131
29.260	1057.668
29.270	1058.205
29.280	1058.743
29.290	1059.281
29.300	1059.819
29.310	1060.358
29.320	1060.897
29.330	1061.437
29.340	1061.976
29.350	1062.516
29.360	1063.057
29.370	1063.597
29.380	1064.138
29.390	1064.680
29.400	1065.221
29.410	1065.763
29.420	1066.306
29.430	1066.848
29.440	1067.391
29.450	1067.934
29.460	1068.478
29.470	1069.022
29.480	1069.566
29.490	1070.111
29.500	1070.656
29.510	1071.201
29.520	1071.746
29.530	1072.292
29.540	1072.838
29.550	1073.385
29.560	1073.932
29.570	1074.479
29.580	1075.026
29.590	1075.574
29.600	1076.122
29.610	1076.671
29.620	1077.220
29.630	1077.769
29.640	1078.318
29.650	1078.868
29.660	1079.418
29.670	1079.969
29.680	1080.519
29.690	1081.071
29.700	1081.622
29.710	1082.174
29.720	1082.726
29.730	1083.278
29.740	1083.831
29.750	1084.384
29.760	1084.938
29.770	1085.491
29.780	1086.046
29.790	1086.600
29.800	1087.155
29.810	1087.710
29.820	1088.265
29.830	1088.821
29.840	1089.377
29.850	1089.934
29.860	1090.490
29.870	1091.048
29.880	1091.605
29.890	1092.163
29.900	1092.721
29.910	1093.279
29.920	1093.838
29.930	1094.397
29.940	1094.957
29.950	1095.517
29.960	1096.077
29.970	1096.637
29.980	1097.198
29.990	1097.759
30.000	1098.321
