x(m)	theta_c(grad)
0.00	85.000
0.01	84.952
0.02	84.904
0.03	84.858
0.04	84.813
0.05	84.769
0.06	84.726
0.07	84.684
0.08	84.642
0.09	84.602
0.11	84.562
0.12	84.523
0.13	84.484
0.15	84.446
0.16	84.409
0.18	84.373
0.19	84.337
0.21	84.302
0.22	84.267
0.24	84.233
0.26	84.199
0.27	84.166
0.29	84.133
0.31	84.101
0.33	84.069
0.35	84.038
0.37	84.007
0.39	83.976
0.41	83.946
0.43	83.916
0.45	83.887
0.47	83.858
0.50	83.829
0.52	83.801
0.54	83.773
0.57	83.745
0.59	83.718
0.62	83.691
0.64	83.664
0.67	83.638
0.69	83.611
0.72	83.586
0.75	83.560
0.78	83.534
0.80	83.509
0.83	83.484
0.86	83.460
0.89	83.435
0.92	83.411
0.95	83.387
0.99	83.364
1.02	83.340
1.05	83.317
1.08	83.294
1.12	83.271
1.15	83.248
1.19	83.226
1.22	83.204
1.26	83.181
1.29	83.160
1.33	83.138
1.37	83.116
1.41	83.095
1.44	83.074
1.48	83.053
1.52	83.032
1.56	83.011
1.60	82.991
1.64	82.970
1.69	82.950
1.73	82.930
1.77	82.910
1.81	82.890
1.86	82.871
1.90	82.851
1.95	82.832
1.99	82.813
2.04	82.793
2.09	82.774
2.13	82.756
2.18	82.737
2.23	82.718
2.28	82.700
2.33	82.682
2.38	82.663
2.43	82.645
2.48	82.627
2.53	82.609
2.59	82.592
2.64	82.574
2.69	82.557
2.75	82.539
2.80	82.522
2.86	82.505
2.91	82.487
2.97	82.470
3.03	82.454
3.08	82.437
3.14	82.420
3.20	82.403
3.26	82.387
3.32	82.371
3.38	82.354
3.44	82.338
3.51	82.322
3.57	82.306
3.63	82.290
3.70	82.274
3.76	82.258
3.83	82.242
3.89	82.227
3.96	82.211
4.02	82.196
4.09	82.180
4.16	82.165
4.23	82.150
4.30	82.135
4.37	82.120
4.44	82.105
4.51	82.090
4.58	82.075
4.65	82.060
4.73	82.045
4.80	82.031
4.88	82.016
4.95	82.002
5.03	81.987
5.10	81.973
5.18	81.959
5.26	81.945
5.33	81.930
5.41	81.916
5.49	81.902
5.57	81.888
5.65	81.875
5.74	81.861
5.82	81.847
5.90	81.833
5.98	81.820
6.07	81.806
6.15	81.793
6.24	81.779
6.32	81.766
6.41	81.752
6.50	81.739
6.58	81.726
6.67	81.713
6.76	81.700
6.85	81.686
6.94	81.673
7.03	81.661
7.13	81.648
7.22	81.635
7.31	81.622
7.40	81.609
7.50	81.597
7.59	81.584
7.69	81.571
7.79	81.559
7.88	81.546
7.98	81.534
8.08	81.522
8.18	81.509
8.28	81.497
8.38	81.485
8.48	81.472
8.58	81.460
8.68	81.448
8.79	81.436
8.89	81.424
9.00	81.412
9.10	81.400
9.21	81.388
9.31	81.377
9.42	81.365
9.53	81.353
9.64	81.341
9.75	81.330
9.86	81.318
9.97	81.306
10.08	81.295
10.19	81.283
10.30	81.272
10.42	81.261
10.53	81.249
10.65	81.238
10.76	81.227
10.88	81.215
11.00	81.204
11.11	81.193
11.23	81.182
11.35	81.171
11.47	81.160
11.59	81.149
11.71	81.138
11.84	81.127
11.96	81.116
12.08	81.105
12.21	81.094
12.33	81.083
12.46	81.072
12.58	81.062
12.71	81.051
12.84	81.040
12.96	81.030
13.09	81.019
13.22	81.009
13.35	80.998
13.48	80.988
13.62	80.977
13.75	80.967
13.88	80.956
14.02	80.946
14.15	80.936
14.29	80.925
14.42	80.915
14.56	80.905
14.70	80.895
14.84	80.884
14.98	80.874
15.12	80.864
15.26	80.854
15.40	80.844
15.54	80.834
15.68	80.824
15.83	80.814
15.97	80.804
16.11	80.794
16.26	80.784
16.41	80.774
16.55	80.765
16.70	80.755
16.85	80.745
17.00	80.735
17.15	80.726
17.30	80.716
17.45	80.706
17.61	80.697
17.76	80.687
17.91	80.677
18.07	80.668
18.22	80.658
18.38	80.649
18.54	80.639
18.69	80.630
18.85	80.621
19.01	80.611
19.17	80.602
19.33	80.592
19.49	80.583
19.66	80.574
19.82	80.565
19.98	80.555
20.15	80.546
20.31	80.537
20.48	80.528
20.64	80.519
20.81	80.510
20.98	80.500
21.15	80.491
21.32	80.482
21.49	80.473
21.66	80.464
21.83	80.455
22.00	80.446
22.18	80.438
22.35	80.429
22.53	80.420
22.70	80.411
22.88	80.402
23.06	80.393
23.24	80.384
23.41	80.376
23.59	80.367
23.78	80.358
23.96	80.350
24.14	80.341
24.32	80.332
24.50	80.324
24.69	80.315
24.87	80.306
25.06	80.298
25.25	80.289
25.43	80.281
25.62	80.272
25.81	80.264
26.00	80.255
26.19	80.247
26.38	80.238
26.58	80.230
26.77	80.222
26.96	80.213
27.16	80.205
27.35	80.196
27.55	80.188
27.75	80.180
27.94	80.172
28.14	80.163
28.34	80.155
28.54	80.147
28.74	80.139
28.94	80.131
29.15	80.122
29.35	80.114
29.55	80.106
29.76	80.098
29.96	80.090
30.17	80.082
30.38	80.074
30.59	80.066
30.80	80.058
31.00	80.050
31.22	80.042
31.43	80.034
31.64	80.026
31.85	80.018
32.07	80.010
32.28	80.002
32.50	79.994
32.71	79.986
32.93	79.979
33.15	79.971
33.36	79.963
33.58	79.955
33.80	79.947
34.02	79.940
34.25	79.932
34.47	79.924
34.69	79.917
34.92	79.909
35.14	79.901
35.37	79.893
35.59	79.886
35.82	79.878
36.05	79.871
36.28	79.863
36.51	79.855
36.74	79.848
36.97	79.840
37.20	79.833
37.44	79.825
37.67	79.818
37.91	79.810
38.14	79.803
38.38	79.795
38.62	79.788
38.85	79.781
39.09	79.773
39.33	79.766
39.57	79.758
39.82	79.751
40.06	79.744
40.30	79.736
40.54	79.729
40.79	79.722
41.03	79.714
41.28	79.707
41.53	79.700
41.78	79.693
42.03	79.685
42.28	79.678
42.53	79.671
42.78	79.664
43.03	79.657
43.28	79.650
43.54	79.642
43.79	79.635
44.05	79.628
44.30	79.621
44.56	79.614
44.82	79.607
45.08	79.600
45.34	79.593
45.60	79.586
45.86	79.579
46.12	79.572
46.39	79.565
46.65	79.558
46.92	79.551
47.18	79.544
47.45	79.537
47.72	79.530
47.98	79.523
48.25	79.516
48.52	79.509
48.79	79.502
49.07	79.495
49.34	79.489
49.61	79.482
49.89	79.475
50.16	79.468
50.44	79.461
50.71	79.454
50.99	79.448
51.27	79.441
51.55	79.434
51.83	79.427
52.11	79.421
52.39	79.414
52.68	79.407
52.96	79.401
53.24	79.394
53.53	79.387
53.82	79.381
54.10	79.374
54.39	79.367
54.68	79.361
54.97	79.354
55.26	79.347
55.55	79.341
55.85	79.334
56.14	79.328
56.43	79.321
56.73	79.315
57.02	79.308
57.32	79.302
57.62	79.295
57.92	79.289
58.22	79.282
58.52	79.276
58.82	79.269
59.12	79.263
59.42	79.256
59.73	79.250
60.03	79.243
60.34	79.237
60.64	79.231
60.95	79.224
61.26	79.218
61.57	79.211
61.88	79.205
62.19	79.199
62.50	79.192
62.81	79.186
63.12	79.180
63.44	79.173
63.75	79.167
64.07	79.161
64.39	79.155
64.70	79.148
65.02	79.142
65.34	79.136
65.66	79.130
65.98	79.123
66.31	79.117
66.63	79.111
66.95	79.105
67.28	79.099
67.60	79.092
67.93	79.086
68.26	79.080
68.59	79.074
68.92	79.068
69.25	79.062
69.58	79.056
69.91	79.049
70.24	79.043
70.58	79.037
70.91	79.031
71.25	79.025
71.58	79.019
71.92	79.013
72.26	79.007
72.60	79.001
72.94	78.995
73.28	78.989
73.62	78.983
73.96	78.977
74.31	78.971
74.65	78.965
75.00	78.959
75.34	78.953
75.69	78.947
76.04	78.941
76.39	78.935
76.74	78.929
77.09	78.924
77.44	78.918
77.79	78.912
78.15	78.906
78.50	78.900
78.86	78.894
79.21	78.888
79.57	78.882
79.93	78.877
80.29	78.871
80.65	78.865
81.01	78.859
81.37	78.853
81.73	78.848
82.10	78.842
82.46	78.836
82.83	78.830
83.19	78.824
83.56	78.819
83.93	78.813
84.30	78.807
84.67	78.802
85.04	78.796
85.41	78.790
85.78	78.784
86.16	78.779
86.53	78.773
86.91	78.767
87.28	78.762
87.66	78.756
88.04	78.750
88.42	78.745
88.80	78.739
89.18	78.733
89.56	78.728
89.94	78.722
90.33	78.717
90.71	78.711
91.10	78.705
91.48	78.700
91.87	78.694
92.26	78.689
92.65	78.683
93.04	78.678
93.43	78.672
93.82	78.667
94.22	78.661
94.61	78.656
95.00	78.650
95.40	78.645
95.80	78.639
96.19	78.634
96.59	78.628
96.99	78.623
97.39	78.617
97.79	78.612
98.20	78.606
98.60	78.601
99.00	78.595
99.41	78.590
99.81	78.585
100.22	78.579
100.63	78.574
101.04	78.568
101.45	78.563
101.86	78.558
102.27	78.552
102.68	78.547
103.10	78.541
103.51	78.536
103.93	78.531
104.34	78.525
104.76	78.520
105.18	78.515
105.60	78.509
106.02	78.504
106.44	78.499
106.86	78.494
107.28	78.488
107.71	78.483
108.13	78.478
108.56	78.472
108.98	78.467
109.41	78.462
109.84	78.457
110.27	78.451
110.70	78.446
111.13	78.441
111.56	78.436
111.99	78.431
112.43	78.425
112.86	78.420
113.30	78.415
113.74	78.410
114.17	78.405
114.61	78.399
115.05	78.394
115.49	78.389
115.94	78.384
116.38	78.379
116.82	78.374
117.27	78.368
117.71	78.363
118.16	78.358
118.60	78.353
119.05	78.348
119.50	78.343
119.95	78.338
120.40	78.333
120.86	78.328
121.31	78.323
121.76	78.317
122.22	78.312
122.67	78.307
123.13	78.302
123.59	78.297
124.05	78.292
124.51	78.287
124.97	78.282
125.43	78.277
125.89	78.272
126.35	78.267
126.82	78.262
127.28	78.257
127.75	78.252
128.22	78.247
128.68	78.242
129.15	78.237
129.62	78.232
130.09	78.227
130.57	78.222
131.04	78.217
131.51	78.212
131.99	78.207
132.46	78.202
132.94	78.198
133.42	78.193
133.90	78.188
134.38	78.183
134.86	78.178
135.34	78.173
135.82	78.168
136.30	78.163
136.79	78.158
137.27	78.153
137.76	78.149
138.25	78.144
138.74	78.139
139.22	78.134
139.71	78.129
140.21	78.124
140.70	78.119
141.19	78.115
141.68	78.110
142.18	78.105
142.68	78.100
143.17	78.095
143.67	78.091
144.17	78.086
144.67	78.081
145.17	78.076
145.67	78.071
146.17	78.067
146.68	78.062
147.18	78.057
147.69	78.052
148.19	78.048
148.70	78.043
149.21	78.038
149.72	78.033
150.23	78.029
150.74	78.024
151.25	78.019
151.76	78.014
152.28	78.010
152.79	78.005
153.31	78.000
153.83	77.996
154.34	77.991
154.86	77.986
155.38	77.982
155.90	77.977
156.43	77.972
156.95	77.967
157.47	77.963
158.00	77.958
158.52	77.954
159.05	77.949
159.58	77.944
160.11	77.940
160.63	77.935
161.17	77.930
161.70	77.926
162.23	77.921
162.76	77.916
163.30	77.912
163.83	77.907
164.37	77.903
164.91	77.898
165.44	77.893
165.98	77.889
166.52	77.884
167.06	77.880
167.61	77.875
168.15	77.871
168.69	77.866
169.24	77.861
169.78	77.857
170.33	77.852
170.88	77.848
171.43	77.843
171.98	77.839
172.53	77.834
173.08	77.830
173.63	77.825
174.19	77.821
174.74	77.816
175.30	77.812
175.85	77.807
176.41	77.803
176.97	77.798
177.53	77.794
178.09	77.789
178.65	77.785
179.21	77.780
179.78	77.776
180.34	77.771
180.91	77.767
181.47	77.762
182.04	77.758
182.61	77.754
183.18	77.749
183.75	77.745
184.32	77.740
184.89	77.736
185.46	77.731
186.04	77.727
186.61	77.723
187.19	77.718
187.77	77.714
188.34	77.709
188.92	77.705
189.50	77.701
190.08	77.696
190.66	77.692
191.25	77.687
191.83	77.683
192.42	77.679
193.00	77.674
193.59	77.670
194.18	77.666
194.76	77.661
195.35	77.657
195.94	77.652
196.54	77.648
197.13	77.644
197.72	77.639
198.32	77.635
198.91	77.631
199.51	77.626
200.11	77.622
200.70	77.618
201.30	77.614
201.90	77.609
202.50	77.605
203.11	77.601
203.71	77.596
204.31	77.592
204.92	77.588
205.52	77.583
206.13	77.579
206.74	77.575
207.35	77.571
207.96	77.566
208.57	77.562
209.18	77.558
209.79	77.554
210.41	77.549
211.02	77.545
211.64	77.541
212.25	77.537
212.87	77.532
213.49	77.528
214.11	77.524
214.73	77.520
215.35	77.515
215.98	77.511
216.60	77.507
217.22	77.503
217.85	77.499
218.47	77.494
219.10	77.490
219.73	77.486
220.36	77.482
220.99	77.478
221.62	77.473
222.25	77.469
222.89	77.465
223.52	77.461
224.16	77.457
224.79	77.453
225.43	77.448
226.07	77.444
226.71	77.440
227.35	77.436
227.99	77.432
228.63	77.428
229.27	77.423
229.91	77.419
230.56	77.415
231.20	77.411
231.85	77.407
232.50	77.403
233.15	77.399
233.80	77.395
234.45	77.390
235.10	77.386
235.75	77.382
236.40	77.378
237.06	77.374
237.71	77.370
238.37	77.366
239.03	77.362
239.69	77.358
240.34	77.354
241.00	77.350
241.67	77.345
242.33	77.341
242.99	77.337
243.65	77.333
244.32	77.329
244.99	77.325
245.65	77.321
246.32	77.317
246.99	77.313
247.66	77.309
248.33	77.305
249.00	77.301
249.67	77.297
250.35	77.293
251.02	77.289
251.70	77.285
252.37	77.281
253.05	77.277
253.73	77.273
254.41	77.269
255.09	77.265
255.77	77.261
256.45	77.257
257.13	77.253
257.82	77.249
258.50	77.245
259.19	77.241
259.88	77.237
260.56	77.233
261.25	77.229
261.94	77.225
262.63	77.221
263.33	77.217
264.02	77.213
264.71	77.209
265.41	77.205
266.10	77.201
266.80	77.197
267.50	77.193
268.19	77.189
268.89	77.185
269.59	77.181
270.29	77.177
271.00	77.173
271.70	77.169
272.40	77.165
273.11	77.161
273.81	77.157
274.52	77.154
275.23	77.150
275.94	77.146
276.65	77.142
277.36	77.138
278.07	77.134
278.78	77.130
279.50	77.126
280.21	77.122
280.93	77.118
281.64	77.114
282.36	77.111
283.08	77.107
283.80	77.103
284.52	77.099
285.24	77.095
285.96	77.091
286.68	77.087
287.41	77.083
288.13	77.079
288.86	77.076
289.59	77.072
290.31	77.068
291.04	77.064
291.77	77.060
292.50	77.056
293.23	77.052
293.97	77.049
294.70	77.045
295.43	77.041
296.17	77.037
296.91	77.033
297.64	77.029
298.38	77.026
299.12	77.022
299.86	77.018
300.60	77.014
301.34	77.010
302.09	77.006
302.83	77.003
303.57	76.999
304.32	76.995
305.07	76.991
305.81	76.987
306.56	76.984
307.31	76.980
308.06	76.976
308.81	76.972
309.56	76.968
310.32	76.965
311.07	76.961
311.83	76.957
312.58	76.953
313.34	76.949
314.10	76.946
314.86	76.942
315.62	76.938
316.38	76.934
317.14	76.931
317.90	76.927
318.66	76.923
319.43	76.919
320.19	76.915
320.96	76.912
321.73	76.908
322.50	76.904
323.26	76.900
324.03	76.897
324.80	76.893
325.58	76.889
326.35	76.885
327.12	76.882
327.90	76.878
328.67	76.874
329.45	76.871
330.23	76.867
331.01	76.863
331.78	76.859
332.57	76.856
333.35	76.852
334.13	76.848
334.91	76.845
335.70	76.841
336.48	76.837
337.27	76.833
338.05	76.830
338.84	76.826
339.63	76.822
340.42	76.819
341.21	76.815
342.00	76.811
342.79	76.807
343.59	76.804
344.38	76.800
345.18	76.796
345.97	76.793
346.77	76.789
347.57	76.785
348.37	76.782
349.17	76.778
349.97	76.774
350.77	76.771
351.57	76.767
352.37	76.763
353.18	76.760
353.98	76.756
354.79	76.752
355.60	76.749
356.41	76.745
357.21	76.741
358.02	76.738
358.84	76.734
359.65	76.731
360.46	76.727
361.27	76.723
362.09	76.720
362.90	76.716
363.72	76.712
364.54	76.709
365.36	76.705
366.18	76.701
367.00	76.698
367.82	76.694
368.64	76.691
369.46	76.687
370.29	76.683
371.11	76.680
371.94	76.676
372.77	76.673
373.59	76.669
374.42	76.665
375.25	76.662
376.08	76.658
376.91	76.655
377.75	76.651
378.58	76.647
379.41	76.644
380.25	76.640
381.08	76.637
381.92	76.633
382.76	76.629
383.60	76.626
384.44	76.622
385.28	76.619
386.12	76.615
386.96	76.612
387.81	76.608
388.65	76.604
389.50	76.601
390.34	76.597
391.19	76.594
392.04	76.590
392.89	76.587
393.74	76.583
394.59	76.579
395.44	76.576
396.29	76.572
397.15	76.569
398.00	76.565
398.86	76.562
399.72	76.558
400.57	76.555
401.43	76.551
402.29	76.548
403.15	76.544
404.01	76.541
404.87	76.537
405.74	76.533
406.60	76.530
407.47	76.526
408.33	76.523
409.20	76.519
410.07	76.516
410.94	76.512
411.81	76.509
412.68	76.505
413.55	76.502
414.42	76.498
415.29	76.495
416.17	76.491
417.04	76.488
417.92	76.484
418.80	76.481
419.67	76.477
420.55	76.474
421.43	76.470
422.31	76.467
423.20	76.463
424.08	76.460
424.96	76.456
425.85	76.453
426.73	76.449
427.62	76.446
428.51	76.442
429.39	76.439
430.28	76.435
431.17	76.432
432.07	76.429
432.96	76.425
433.85	76.422
434.74	76.418
435.64	76.415
436.54	76.411
437.43	76.408
438.33	76.404
439.23	76.401
440.13	76.397
441.03	76.394
441.93	76.391
442.83	76.387
443.74	76.384
444.64	76.380
445.55	76.377
446.45	76.373
447.36	76.370
448.27	76.366
449.18	76.363
450.09	76.360
451.00	76.356
451.91	76.353
452.82	76.349
453.73	76.346
454.65	76.342
455.56	76.339
456.48	76.336
457.40	76.332
458.32	76.329
459.24	76.325
460.16	76.322
461.08	76.319
462.00	76.315
462.92	76.312
463.85	76.308
464.77	76.305
465.70	76.302
466.62	76.298
467.55	76.295
468.48	76.291
469.41	76.288
470.34	76.285
471.27	76.281
472.21	76.278
473.14	76.274
474.07	76.271
475.01	76.268
475.95	76.264
476.88	76.261
477.82	76.257
478.76	76.254
479.70	76.251
480.64	76.247
481.58	76.244
482.53	76.241
483.47	76.237
484.41	76.234
485.36	76.231
486.31	76.227
487.25	76.224
488.20	76.220
489.15	76.217
490.10	76.214
491.05	76.210
492.01	76.207
492.96	76.204
493.92	76.200
494.87	76.197
495.83	76.194
496.78	76.190
497.74	76.187
498.70	76.184
499.66	76.180
500.62	76.177
501.58	76.174
502.55	76.170
503.51	76.167
504.47	76.164
505.44	76.160
506.41	76.157
507.37	76.154
508.34	76.150
509.31	76.147
510.28	76.144
511.25	76.140
512.23	76.137
513.20	76.134
514.17	76.130
515.15	76.127
516.13	76.124
517.10	76.121
518.08	76.117
519.06	76.114
520.04	76.111
521.02	76.107
522.00	76.104
522.99	76.101
523.97	76.097
524.95	76.094
525.94	76.091
526.93	76.088
527.91	76.084
528.90	76.081
529.89	76.078
530.88	76.074
531.87	76.071
532.87	76.068
533.86	76.065
534.85	76.061
535.85	76.058
536.84	76.055
537.84	76.052
538.84	76.048
539.84	76.045
540.84	76.042
541.84	76.038
542.84	76.035
543.84	76.032
544.85	76.029
545.85	76.025
546.86	76.022
547.87	76.019
548.87	76.016
549.88	76.012
550.89	76.009
551.90	76.006
552.91	76.003
553.93	75.999
554.94	75.996
555.95	75.993
556.97	75.990
557.98	75.986
559.00	75.983
560.02	75.980
561.04	75.977
562.06	75.973
563.08	75.970
564.10	75.967
565.13	75.964
566.15	75.961
567.17	75.957
568.20	75.954
569.23	75.951
570.25	75.948
571.28	75.944
572.31	75.941
573.34	75.938
574.38	75.935
575.41	75.932
576.44	75.928
577.48	75.925
578.51	75.922
579.55	75.919
580.58	75.916
581.62	75.912
582.66	75.909
583.70	75.906
584.74	75.903
585.79	75.900
586.83	75.896
587.87	75.893
588.92	75.890
589.96	75.887
591.01	75.884
592.06	75.880
593.11	75.877
594.16	75.874
595.21	75.871
596.26	75.868
597.31	75.865
598.37	75.861
599.42	75.858
600.48	75.855
601.53	75.852
602.59	75.849
603.65	75.845
604.71	75.842
605.77	75.839
606.83	75.836
607.89	75.833
608.96	75.830
610.02	75.826
611.09	75.823
612.15	75.820
613.22	75.817
614.29	75.814
615.36	75.811
616.43	75.808
617.50	75.804
618.57	75.801
619.64	75.798
620.72	75.795
621.79	75.792
622.87	75.789
623.95	75.786
625.02	75.782
626.10	75.779
627.18	75.776
628.26	75.773
629.34	75.770
630.43	75.767
631.51	75.764
632.60	75.760
633.68	75.757
634.77	75.754
635.85	75.751
636.94	75.748
638.03	75.745
639.12	75.742
640.21	75.739
641.31	75.735
642.40	75.732
643.49	75.729
644.59	75.726
645.69	75.723
646.78	75.720
647.88	75.717
648.98	75.714
650.08	75.711
651.18	75.707
652.28	75.704
653.39	75.701
654.49	75.698
655.60	75.695
656.70	75.692
657.81	75.689
658.92	75.686
660.02	75.683
661.13	75.680
662.24	75.676
663.36	75.673
664.47	75.670
665.58	75.667
666.70	75.664
667.81	75.661
668.93	75.658
670.05	75.655
671.17	75.652
672.29	75.649
673.41	75.646
674.53	75.642
675.65	75.639
676.77	75.636
677.90	75.633
679.02	75.630
680.15	75.627
681.28	75.624
682.40	75.621
683.53	75.618
684.66	75.615
685.79	75.612
686.93	75.609
688.06	75.606
689.19	75.603
690.33	75.600
691.46	75.596
692.60	75.593
693.74	75.590
694.88	75.587
696.02	75.584
697.16	75.581
698.30	75.578
699.44	75.575
700.59	75.572
701.73	75.569
702.88	75.566
704.02	75.563
705.17	75.560
706.32	75.557
707.47	75.554
708.62	75.551
709.77	75.548
710.92	75.545
712.08	75.542
713.23	75.539
714.39	75.536
715.54	75.533
716.70	75.530
717.86	75.527
719.02	75.524
720.18	75.520
721.34	75.517
722.50	75.514
723.66	75.511
724.83	75.508
725.99	75.505
727.16	75.502
728.33	75.499
729.49	75.496
730.66	75.493
731.83	75.490
733.00	75.487
734.18	75.484
735.35	75.481
736.52	75.478
737.70	75.475
738.87	75.472
740.05	75.469
741.23	75.466
742.41	75.463
743.59	75.460
744.77	75.457
745.95	75.454
747.13	75.451
748.32	75.448
749.50	75.445
750.69	75.442
751.87	75.439
753.06	75.436
754.25	75.433
755.44	75.430
756.63	75.427
757.82	75.424
759.01	75.421
760.21	75.418
761.40	75.415
762.60	75.412
763.79	75.410
764.99	75.407
766.19	75.404
767.39	75.401
768.59	75.398
769.79	75.395
770.99	75.392
772.19	75.389
773.40	75.386
774.60	75.383
775.81	75.380
777.02	75.377
778.23	75.374
779.43	75.371
780.64	75.368
781.86	75.365
783.07	75.362
784.28	75.359
785.50	75.356
786.71	75.353
787.93	75.350
789.14	75.347
790.36	75.344
791.58	75.341
792.80	75.338
794.02	75.336
795.24	75.333
796.47	75.330
797.69	75.327
798.91	75.324
800.14	75.321
801.37	75.318
802.60	75.315
803.82	75.312
805.05	75.309
806.28	75.306
807.52	75.303
808.75	75.300
809.98	75.297
811.22	75.294
812.45	75.291
813.69	75.289
814.93	75.286
816.17	75.283
817.41	75.280
818.65	75.277
819.89	75.274
821.13	75.271
822.38	75.268
823.62	75.265
824.87	75.262
826.11	75.259
827.36	75.256
828.61	75.254
829.86	75.251
831.11	75.248
832.36	75.245
833.61	75.242
834.87	75.239
836.12	75.236
837.38	75.233
838.63	75.230
839.89	75.227
841.15	75.224
842.41	75.222
843.67	75.219
844.93	75.216
846.19	75.213
847.46	75.210
848.72	75.207
849.99	75.204
851.25	75.201
852.52	75.198
853.79	75.196
855.06	75.193
856.33	75.190
857.60	75.187
858.87	75.184
860.15	75.181
861.42	75.178
862.70	75.175
863.97	75.172
865.25	75.170
866.53	75.167
867.81	75.164
869.09	75.161
870.37	75.158
871.65	75.155
872.94	75.152
874.22	75.149
875.51	75.147
876.79	75.144
878.08	75.141
879.37	75.138
880.66	75.135
881.95	75.132
883.24	75.129
884.53	75.127
885.83	75.124
887.12	75.121
888.42	75.118
889.71	75.115
891.01	75.112
892.31	75.109
893.61	75.107
894.91	75.104
896.21	75.101
897.51	75.098
898.81	75.095
900.12	75.092
901.42	75.089
902.73	75.087
904.04	75.084
905.35	75.081
906.66	75.078
907.97	75.075
909.28	75.072
910.59	75.070
911.90	75.067
913.22	75.064
914.53	75.061
915.85	75.058
917.17	75.055
918.49	75.053
919.81	75.050
921.13	75.047
922.45	75.044
923.77	75.041
925.09	75.038
926.42	75.036
927.74	75.033
929.07	75.030
930.40	75.027
931.73	75.024
933.06	75.022
934.39	75.019
935.72	75.016
937.05	75.013
938.39	75.010
939.72	75.007
941.06	75.005
942.39	75.002
943.73	74.999
945.07	74.996
946.41	74.993
947.75	74.991
949.09	74.988
950.43	74.985
951.78	74.982
953.12	74.979
954.47	74.977
955.81	74.974
957.16	74.971
958.51	74.968
959.86	74.965
961.21	74.963
962.56	74.960
963.92	74.957
965.27	74.954
966.62	74.951
967.98	74.949
969.34	74.946
970.70	74.943
972.05	74.940
973.41	74.937
974.78	74.935
976.14	74.932
977.50	74.929
978.86	74.926
980.23	74.924
981.60	74.921
982.96	74.918
984.33	74.915
985.70	74.912
987.07	74.910
988.44	74.907
989.81	74.904
991.19	74.901
992.56	74.899
993.94	74.896
995.31	74.893
996.69	74.890
998.07	74.888
999.45	74.885
1000.83	74.882
1002.21	74.879
1003.59	74.876
1004.97	74.874
1006.36	74.871
1007.74	74.868
1009.13	74.865
1010.52	74.863
1011.91	74.860
1013.30	74.857
1014.69	74.854
1016.08	74.852
1017.47	74.849
1018.86	74.846
1020.26	74.843
1021.65	74.841
1023.05	74.838
1024.45	74.835
1025.85	74.832
1027.25	74.830
1028.65	74.827
1030.05	74.824
1031.45	74.821
1032.86	74.819
1034.26	74.816
1035.67	74.813
1037.07	74.810
1038.48	74.808
1039.89	74.805
1041.30	74.802
1042.71	74.800
1044.13	74.797
1045.54	74.794
1046.95	74.791
1048.37	74.789
1049.78	74.786
1051.20	74.783
1052.62	74.780
1054.04	74.778
1055.46	74.775
1056.88	74.772
1058.30	74.770
1059.73	74.767
1061.15	74.764
1062.58	74.761
1064.00	74.759
1065.43	74.756
1066.86	74.753
1068.29	74.751
1069.72	74.748
1071.15	74.745
1072.58	74.742
1074.02	74.740
1075.45	74.737
1076.89	74.734
1078.33	74.732
1079.76	74.729
1081.20	74.726
1082.64	74.723
1084.08	74.721
1085.53	74.718
1086.97	74.715
1088.41	74.713
1089.86	74.710
1091.30	74.707
1092.75	74.705
1094.20	74.702
1095.65	74.699
1097.10	74.696
1098.55	74.694
1100.00	74.691
1101.46	74.688
1102.91	74.686
1104.37	74.683
1105.82	74.680
1107.28	74.678
1108.74	74.675
1110.20	74.672
1111.66	74.670
1113.12	74.667
1114.59	74.664
1116.05	74.661
1117.51	74.659
1118.98	74.656
1120.45	74.653
1121.92	74.651
1123.39	74.648
1124.86	74.645
1126.33	74.643
1127.80	74.640
1129.27	74.637
1130.75	74.635
1132.22	74.632
1133.70	74.629
1135.18	74.627
1136.66	74.624
1138.13	74.621
1139.62	74.619
1141.10	74.616
1142.58	74.613
1144.06	74.611
1145.55	74.608
1147.03	74.605
1148.52	74.603
1150.01	74.600
1151.50	74.597
1152.99	74.595
1154.48	74.592
1155.97	74.589
1157.47	74.587
1158.96	74.584
1160.46	74.582
1161.95	74.579
1163.45	74.576
1164.95	74.574
1166.45	74.571
1167.95	74.568
1169.45	74.566
1170.95	74.563
1172.46	74.560
1173.96	74.558
1175.47	74.555
1176.98	74.552
1178.48	74.550
1179.99	74.547
1181.50	74.545
1183.01	74.542
1184.53	74.539
1186.04	74.537
1187.55	74.534
1189.07	74.531
1190.59	74.529
1192.10	74.526
1193.62	74.523
1195.14	74.521
1196.66	74.518
1198.19	74.516
1199.71	74.513
1201.23	74.510
1202.76	74.508
1204.28	74.505
1205.81	74.502
1207.34	74.500
1208.87	74.497
1210.40	74.495
1211.93	74.492
1213.46	74.489
1215.00	74.487
1216.53	74.484
1218.07	74.481
1219.60	74.479
1221.14	74.476
1222.68	74.474
1224.22	74.471
1225.76	74.468
1227.30	74.466
1228.85	74.463
1230.39	74.461
1231.94	74.458
1233.48	74.455
1235.03	74.453
1236.58	74.450
1238.13	74.448
1239.68	74.445
1241.23	74.442
1242.78	74.440
1244.34	74.437
1245.89	74.435
1247.45	74.432
1249.01	74.429
1250.56	74.427
1252.12	74.424
1253.68	74.422
1255.24	74.419
1256.81	74.416
1258.37	74.414
1259.94	74.411
1261.50	74.409
1263.07	74.406
1264.64	74.404
1266.21	74.401
1267.78	74.398
1269.35	74.396
1270.92	74.393
1272.49	74.391
1274.07	74.388
1275.64	74.385
1277.22	74.383
1278.80	74.380
1280.37	74.378
1281.95	74.375
1283.53	74.373
1285.12	74.370
1286.70	74.367
1288.28	74.365
1289.87	74.362
1291.46	74.360
1293.04	74.357
1294.63	74.355
1296.22	74.352
1297.81	74.349
1299.40	74.347
1301.00	74.344
1302.59	74.342
1304.18	74.339
1305.78	74.337
1307.38	74.334
1308.98	74.331
1310.58	74.329
1312.18	74.326
1313.78	74.324
1315.38	74.321
1316.98	74.319
1318.59	74.316
1320.19	74.314
1321.80	74.311
1323.41	74.308
1325.02	74.306
1326.63	74.303
1328.24	74.301
1329.85	74.298
1331.47	74.296
1333.08	74.293
1334.70	74.291
1336.31	74.288
1337.93	74.286
1339.55	74.283
1341.17	74.280
1342.79	74.278
1344.41	74.275
1346.04	74.273
1347.66	74.270
1349.29	74.268
1350.91	74.265
1352.54	74.263
1354.17	74.260
1355.80	74.258
1357.43	74.255
1359.06	74.253
1360.70	74.250
1362.33	74.248
1363.97	74.245
1365.60	74.242
1367.24	74.240
1368.88	74.237
1370.52	74.235
1372.16	74.232
1373.80	74.230
1375.44	74.227
1377.09	74.225
1378.73	74.222
1380.38	74.220
1382.03	74.217
1383.68	74.215
1385.33	74.212
1386.98	74.210
1388.63	74.207
1390.28	74.205
1391.94	74.202
1393.59	74.200
1395.25	74.197
1396.91	74.195
1398.56	74.192
1400.22	74.190
1401.89	74.187
1403.55	74.185
1405.21	74.182
1406.87	74.180
1408.54	74.177
1410.21	74.175
1411.87	74.172
1413.54	74.170
1415.21	74.167
1416.88	74.165
1418.56	74.162
1420.23	74.160
1421.90	74.157
1423.58	74.155
1425.25	74.152
1426.93	74.150
1428.61	74.147
1430.29	74.145
1431.97	74.142
1433.65	74.140
1435.34	74.137
1437.02	74.135
1438.71	74.132
1440.39	74.130
1442.08	74.127
1443.77	74.125
1445.46	74.122
1447.15	74.120
1448.84	74.117
1450.54	74.115
1452.23	74.112
1453.93	74.110
1455.62	74.107
1457.32	74.105
1459.02	74.102
1460.72	74.100
1462.42	74.097
1464.12	74.095
1465.83	74.093
1467.53	74.090
1469.24	74.088
1470.94	74.085
1472.65	74.083
1474.36	74.080
1476.07	74.078
1477.78	74.075
1479.49	74.073
1481.21	74.070
1482.92	74.068
1484.64	74.065
1486.36	74.063
1488.07	74.060
1489.79	74.058
1491.51	74.056
1493.24	74.053
1494.96	74.051
1496.68	74.048
1498.41	74.046
1500.13	74.043
1501.86	74.041
1503.59	74.038
1505.32	74.036
1507.05	74.033
1508.78	74.031
1510.51	74.029
1512.25	74.026
1513.98	74.024
1515.72	74.021
1517.46	74.019
1519.20	74.016
1520.93	74.014
1522.68	74.011
1524.42	74.009
1526.16	74.007
1527.91	74.004
1529.65	74.002
1531.40	73.999
1533.15	73.997
1534.89	73.994
1536.64	73.992
1538.40	73.989
1540.15	73.987
1541.90	73.985
1543.66	73.982
1545.41	73.980
1547.17	73.977
1548.93	73.975
1550.69	73.972
1552.45	73.970
1554.21	73.968
1555.97	73.965
1557.73	73.963
1559.50	73.960
1561.27	73.958
1563.03	73.955
1564.80	73.953
1566.57	73.951
1568.34	73.948
1570.11	73.946
1571.89	73.943
1573.66	73.941
1575.44	73.938
1577.21	73.936
1578.99	73.934
1580.77	73.931
1582.55	73.929
1584.33	73.926
1586.11	73.924
1587.90	73.922
1589.68	73.919
1591.47	73.917
1593.25	73.914
1595.04	73.912
1596.83	73.910
1598.62	73.907
1600.41	73.905
1602.21	73.902
1604.00	73.900
1605.80	73.898
1607.59	73.895
1609.39	73.893
1611.19	73.890
1612.99	73.888
1614.79	73.886
1616.59	73.883
1618.39	73.881
1620.20	73.878
1622.00	73.876
1623.81	73.874
1625.62	73.871
1627.43	73.869
1629.24	73.866
1631.05	73.864
1632.86	73.862
1634.68	73.859
1636.49	73.857
1638.31	73.854
1640.12	73.852
1641.94	73.850
1643.76	73.847
1645.58	73.845
1647.41	73.843
1649.23	73.840
1651.05	73.838
1652.88	73.835
1654.71	73.833
1656.53	73.831
1658.36	73.828
1660.19	73.826
1662.02	73.823
1663.86	73.821
1665.69	73.819
1667.53	73.816
1669.36	73.814
1671.20	73.812
1673.04	73.809
1674.88	73.807
1676.72	73.805
1678.56	73.802
1680.40	73.800
1682.25	73.797
1684.09	73.795
1685.94	73.793
1687.79	73.790
1689.64	73.788
1691.49	73.786
1693.34	73.783
1695.19	73.781
1697.04	73.778
1698.90	73.776
1700.76	73.774
1702.61	73.771
1704.47	73.769
1706.33	73.767
1708.19	73.764
1710.06	73.762
1711.92	73.760
1713.78	73.757
1715.65	73.755
1717.52	73.753
1719.38	73.750
1721.25	73.748
1723.12	73.746
1725.00	73.743
1726.87	73.741
1728.74	73.739
1730.62	73.736
1732.49	73.734
1734.37	73.731
1736.25	73.729
1738.13	73.727
1740.01	73.724
1741.89	73.722
1743.78	73.720
1745.66	73.717
1747.55	73.715
1749.44	73.713
1751.32	73.710
1753.21	73.708
1755.11	73.706
1757.00	73.703
1758.89	73.701
1760.79	73.699
1762.68	73.696
1764.58	73.694
1766.48	73.692
1768.37	73.689
1770.28	73.687
1772.18	73.685
1774.08	73.682
1775.98	73.680
1777.89	73.678
1779.80	73.675
1781.70	73.673
1783.61	73.671
1785.52	73.669
1787.43	73.666
1789.35	73.664
1791.26	73.662
1793.18	73.659
1795.09	73.657
1797.01	73.655
1798.93	73.652
1800.85	73.650
1802.77	73.648
1804.69	73.645
1806.61	73.643
1808.54	73.641
1810.46	73.638
1812.39	73.636
1814.32	73.634
1816.25	73.632
1818.18	73.629
1820.11	73.627
1822.05	73.625
1823.98	73.622
1825.92	73.620
1827.85	73.618
1829.79	73.615
1831.73	73.613
1833.67	73.611
1835.61	73.608
1837.56	73.606
1839.50	73.604
1841.45	73.602
1843.39	73.599
1845.34	73.597
1847.29	73.595
1849.24	73.592
1851.19	73.590
1853.14	73.588
1855.10	73.586
1857.05	73.583
1859.01	73.581
1860.97	73.579
1862.93	73.576
1864.89	73.574
1866.85	73.572
1868.81	73.570
1870.77	73.567
1872.74	73.565
1874.71	73.563
1876.67	73.560
1878.64	73.558
1880.61	73.556
1882.58	73.554
1884.56	73.551
1886.53	73.549
1888.50	73.547
1890.48	73.544
1892.46	73.542
1894.44	73.540
1896.42	73.538
1898.40	73.535
1900.38	73.533
1902.36	73.531
1904.35	73.529
1906.33	73.526
1908.32	73.524
1910.31	73.522
1912.30	73.519
1914.29	73.517
1916.28	73.515
1918.28	73.513
1920.27	73.510
1922.27	73.508
1924.27	73.506
1926.26	73.504
1928.26	73.501
1930.27	73.499
1932.27	73.497
1934.27	73.495
1936.28	73.492
1938.28	73.490
1940.29	73.488
1942.30	73.486
1944.31	73.483
1946.32	73.481
1948.33	73.479
1950.35	73.477
1952.36	73.474
1954.38	73.472
1956.39	73.470
1958.41	73.468
1960.43	73.465
1962.45	73.463
1964.48	73.461
1966.50	73.459
1968.52	73.456
1970.55	73.454
1972.58	73.452
1974.61	73.450
1976.64	73.447
1978.67	73.445
1980.70	73.443
1982.73	73.441
1984.77	73.438
1986.81	73.436
1988.84	73.434
1990.88	73.432
1992.92	73.429
1994.96	73.427
1997.01	73.425
1999.05	73.423
2001.10	73.421
2003.14	73.418
2005.19	73.416
2007.24	73.414
2009.29	73.412
2011.34	73.409
2013.39	73.407
2015.45	73.405
2017.50	73.403
2019.56	73.400
2021.62	73.398
2023.68	73.396
2025.74	73.394
2027.80	73.392
2029.86	73.389
2031.93	73.387
2033.99	73.385
2036.06	73.383
2038.13	73.381
2040.20	73.378
2042.27	73.376
2044.34	73.374
2046.41	73.372
2048.49	73.369
2050.56	73.367
2052.64	73.365
2054.72	73.363
2056.80	73.361
2058.88	73.358
2060.96	73.356
2063.04	73.354
2065.13	73.352
2067.22	73.350
2069.30	73.347
2071.39	73.345
2073.48	73.343
2075.57	73.341
2077.67	73.339
2079.76	73.336
2081.85	73.334
2083.95	73.332
2086.05	73.330
2088.15	73.328
2090.25	73.325
2092.35	73.323
2094.45	73.321
2096.56	73.319
2098.66	73.317
2100.77	73.314
2102.88	73.312
2104.99	73.310
2107.10	73.308
2109.21	73.306
2111.32	73.303
2113.44	73.301
2115.55	73.299
2117.67	73.297
2119.79	73.295
2121.91	73.293
2124.03	73.290
2126.15	73.288
2128.28	73.286
2130.40	73.284
2132.53	73.282
2134.66	73.279
2136.79	73.277
2138.92	73.275
2141.05	73.273
2143.18	73.271
2145.31	73.269
2147.45	73.266
2149.59	73.264
2151.73	73.262
2153.87	73.260
2156.01	73.258
2158.15	73.255
2160.29	73.253
2162.44	73.251
2164.58	73.249
2166.73	73.247
2168.88	73.245
2171.03	73.242
2173.18	73.240
2175.33	73.238
2177.49	73.236
2179.64	73.234
2181.80	73.232
2183.96	73.229
2186.12	73.227
2188.28	73.225
2190.44	73.223
2192.60	73.221
2194.77	73.219
2196.93	73.217
2199.10	73.214
2201.27	73.212
2203.44	73.210
2205.61	73.208
2207.78	73.206
2209.96	73.204
2212.13	73.201
2214.31	73.199
2216.49	73.197
2218.67	73.195
2220.85	73.193
2223.03	73.191
2225.21	73.189
2227.40	73.186
2229.58	73.184
2231.77	73.182
2233.96	73.180
2236.15	73.178
2238.34	73.176
2240.53	73.174
2242.73	73.171
2244.92	73.169
2247.12	73.167
2249.32	73.165
2251.52	73.163
2253.72	73.161
2255.92	73.159
2258.12	73.156
2260.33	73.154
2262.54	73.152
2264.74	73.150
2266.95	73.148
2269.16	73.146
2271.37	73.144
2273.59	73.142
2275.80	73.139
2278.02	73.137
2280.23	73.135
2282.45	73.133
2284.67	73.131
2286.89	73.129
2289.12	73.127
2291.34	73.125
2293.57	73.122
2295.79	73.120
2298.02	73.118
2300.25	73.116
2302.48	73.114
2304.71	73.112
2306.94	73.110
2309.18	73.108
2311.42	73.105
2313.65	73.103
2315.89	73.101
2318.13	73.099
2320.37	73.097
2322.62	73.095
2324.86	73.093
2327.11	73.091
2329.35	73.089
2331.60	73.086
2333.85	73.084
2336.10	73.082
2338.36	73.080
2340.61	73.078
2342.87	73.076
2345.12	73.074
2347.38	73.072
2349.64	73.070
2351.90	73.068
2354.16	73.065
2356.43	73.063
2358.69	73.061
2360.96	73.059
2363.23	73.057
2365.49	73.055
2367.77	73.053
2370.04	73.051
2372.31	73.049
2374.58	73.047
2376.86	73.044
2379.14	73.042
2381.42	73.040
2383.70	73.038
2385.98	73.036
2388.26	73.034
2390.55	73.032
2392.83	73.030
2395.12	73.028
2397.41	73.026
2399.70	73.024
2401.99	73.021
2404.28	73.019
2406.58	73.017
2408.87	73.015
2411.17	73.013
2413.47	73.011
2415.77	73.009
2418.07	73.007
2420.37	73.005
2422.68	73.003
2424.98	73.001
2427.29	72.999
2429.60	72.997
2431.91	72.994
2434.22	72.992
2436.53	72.990
2438.84	72.988
2441.16	72.986
2443.47	72.984
2445.79	72.982
2448.11	72.980
2450.43	72.978
2452.76	72.976
2455.08	72.974
2457.40	72.972
2459.73	72.970
2462.06	72.968
2464.39	72.965
2466.72	72.963
2469.05	72.961
2471.38	72.959
2473.72	72.957
2476.06	72.955
2478.39	72.953
2480.73	72.951
2483.07	72.949
2485.42	72.947
2487.76	72.945
2490.10	72.943
2492.45	72.941
2494.80	72.939
2497.15	72.937
2499.50	72.935
2501.85	72.933
2504.20	72.931
2506.56	72.928
2508.92	72.926
2511.27	72.924
2513.63	72.922
2515.99	72.920
2518.36	72.918
2520.72	72.916
2523.08	72.914
2525.45	72.912
2527.82	72.910
2530.19	72.908
2532.56	72.906
2534.93	72.904
2537.30	72.902
2539.68	72.900
2542.06	72.898
2544.43	72.896
2546.81	72.894
2549.19	72.892
2551.58	72.890
2553.96	72.888
2556.34	72.886
2558.73	72.884
2561.12	72.882
2563.51	72.879
2565.90	72.877
2568.29	72.875
2570.68	72.873
2573.08	72.871
2575.48	72.869
2577.87	72.867
2580.27	72.865
2582.67	72.863
2585.08	72.861
2587.48	72.859
2589.89	72.857
2592.29	72.855
2594.70	72.853
2597.11	72.851
2599.52	72.849
2601.93	72.847
2604.35	72.845
2606.76	72.843
2609.18	72.841
2611.60	72.839
2614.02	72.837
2616.44	72.835
2618.86	72.833
2621.29	72.831
2623.71	72.829
2626.14	72.827
2628.57	72.825
2631.00	72.823
2633.43	72.821
2635.86	72.819
2638.30	72.817
2640.73	72.815
2643.17	72.813
2645.61	72.811
2648.05	72.809
2650.49	72.807
2652.93	72.805
2655.38	72.803
2657.82	72.801
2660.27	72.799
2662.72	72.797
2665.17	72.795
2667.62	72.793
2670.08	72.791
2672.53	72.789
2674.99	72.787
2677.45	72.785
2679.91	72.783
2682.37	72.781
2684.83	72.779
2687.29	72.777
2689.76	72.775
2692.22	72.773
2694.69	72.771
2697.16	72.769
2699.63	72.767
2702.11	72.765
2704.58	72.763
2707.05	72.761
2709.53	72.759
2712.01	72.757
2714.49	72.755
2716.97	72.753
2719.46	72.751
2721.94	72.749
2724.43	72.747
2726.91	72.745
2729.40	72.743
2731.89	72.741
2734.38	72.739
2736.88	72.737
2739.37	72.735
2741.87	72.733
2744.37	72.731
2746.87	72.729
2749.37	72.727
2751.87	72.725
2754.37	72.723
2756.88	72.721
2759.39	72.719
2761.89	72.717
2764.40	72.715
2766.91	72.714
2769.43	72.712
2771.94	72.710
2774.46	72.708
2776.97	72.706
2779.49	72.704
2782.01	72.702
2784.54	72.700
2787.06	72.698
2789.58	72.696
2792.11	72.694
2794.64	72.692
2797.17	72.690
2799.70	72.688
2802.23	72.686
2804.76	72.684
2807.30	72.682
2809.84	72.680
2812.37	72.678
2814.91	72.676
2817.46	72.674
2820.00	72.672
2822.54	72.670
2825.09	72.668
2827.64	72.666
2830.19	72.665
2832.74	72.663
2835.29	72.661
2837.84	72.659
2840.40	72.657
2842.95	72.655
2845.51	72.653
2848.07	72.651
2850.63	72.649
2853.20	72.647
2855.76	72.645
2858.33	72.643
2860.89	72.641
2863.46	72.639
2866.03	72.637
2868.60	72.635
2871.18	72.633
2873.75	72.631
2876.33	72.630
2878.91	72.628
2881.49	72.626
2884.07	72.624
2886.65	72.622
2889.23	72.620
2891.82	72.618
2894.41	72.616
2896.99	72.614
2899.58	72.612
2902.18	72.610
2904.77	72.608
2907.36	72.606
2909.96	72.604
2912.56	72.603
2915.16	72.601
2917.76	72.599
2920.36	72.597
2922.97	72.595
2925.57	72.593
2928.18	72.591
2930.79	72.589
2933.40	72.587
2936.01	72.585
2938.62	72.583
2941.24	72.581
2943.85	72.579
2946.47	72.578
2949.09	72.576
2951.71	72.574
2954.33	72.572
2956.96	72.570
2959.58	72.568
2962.21	72.566
2964.84	72.564
2967.47	72.562
2970.10	72.560
2972.74	72.558
2975.37	72.556
2978.01	72.555
2980.65	72.553
2983.29	72.551
2985.93	72.549
2988.57	72.547
2991.22	72.545
2993.86	72.543
2996.51	72.541
2999.16	72.539
3001.81	72.537
3004.46	72.536
3007.12	72.534
3009.77	72.532
3012.43	72.530
3015.09	72.528
3017.75	72.526
3020.41	72.524
3023.07	72.522
3025.74	72.520
3028.40	72.518
3031.07	72.517
3033.74	72.515
3036.41	72.513
3039.08	72.511
3041.76	72.509
3044.43	72.507
3047.11	72.505
3049.79	72.503
3052.47	72.501
3055.15	72.500
3057.84	72.498
3060.52	72.496
3063.21	72.494
3065.90	72.492
3068.59	72.490
3071.28	72.488
3073.98	72.486
3076.67	72.484
3079.37	72.483
3082.07	72.481
3084.77	72.479
3087.47	72.477
3090.17	72.475
3092.87	72.473
3095.58	72.471
3098.29	72.469
3101.00	72.468
3103.71	72.466
3106.42	72.464
3109.14	72.462
3111.85	72.460
3114.57	72.458
3117.29	72.456
3120.01	72.454
3122.73	72.453
3125.46	72.451
3128.18	72.449
3130.91	72.447
3133.64	72.445
3136.37	72.443
3139.10	72.441
3141.83	72.440
3144.57	72.438
3147.31	72.436
3150.04	72.434
3152.78	72.432
3155.53	72.430
3158.27	72.428
3161.01	72.426
3163.76	72.425
3166.51	72.423
3169.26	72.421
3172.01	72.419
3174.76	72.417
3177.52	72.415
3180.28	72.414
3183.03	72.412
3185.79	72.410
3188.55	72.408
3191.32	72.406
3194.08	72.404
3196.85	72.402
3199.62	72.401
3202.39	72.399
3205.16	72.397
3207.93	72.395
3210.70	72.393
3213.48	72.391
3216.26	72.389
3219.04	72.388
3221.82	72.386
3224.60	72.384
3227.39	72.382
3230.17	72.380
3232.96	72.378
3235.75	72.377
3238.54	72.375
3241.33	72.373
3244.13	72.371
3246.92	72.369
3249.72	72.367
3252.52	72.366
3255.32	72.364
3258.12	72.362
3260.93	72.360
3263.73	72.358
3266.54	72.356
3269.35	72.355
3272.16	72.353
3274.97	72.351
3277.79	72.349
3280.60	72.347
3283.42	72.345
3286.24	72.344
3289.06	72.342
3291.88	72.340
3294.71	72.338
3297.53	72.336
3300.36	72.334
3303.19	72.333
3306.02	72.331
3308.86	72.329
3311.69	72.327
3314.53	72.325
3317.36	72.324
3320.20	72.322
3323.04	72.320
3325.89	72.318
3328.73	72.316
3331.58	72.314
3334.43	72.313
3337.27	72.311
3340.13	72.309
3342.98	72.307
3345.83	72.305
3348.69	72.304
3351.55	72.302
3354.41	72.300
3357.27	72.298
3360.13	72.296
3363.00	72.295
3365.86	72.293
3368.73	72.291
3371.60	72.289
3374.47	72.287
3377.35	72.286
3380.22	72.284
3383.10	72.282
3385.98	72.280
3388.86	72.278
3391.74	72.277
3394.62	72.275
3397.51	72.273
3400.40	72.271
3403.28	72.269
3406.17	72.268
3409.07	72.266
3411.96	72.264
3414.86	72.262
3417.75	72.260
3420.65	72.259
3423.55	72.257
3426.46	72.255
3429.36	72.253
3432.27	72.251
3435.17	72.250
3438.08	72.248
3440.99	72.246
3443.91	72.244
3446.82	72.242
3449.74	72.241
3452.66	72.239
3455.58	72.237
3458.50	72.235
3461.42	72.234
3464.35	72.232
3467.27	72.230
3470.20	72.228
3473.13	72.226
3476.06	72.225
3479.00	72.223
3481.93	72.221
3484.87	72.219
3487.81	72.218
3490.75	72.216
3493.69	72.214
3496.64	72.212
3499.58	72.210
3502.53	72.209
3505.48	72.207
3508.43	72.205
3511.38	72.203
3514.34	72.202
3517.29	72.200
3520.25	72.198
3523.21	72.196
3526.17	72.195
3529.14	72.193
3532.10	72.191
3535.07	72.189
3538.04	72.187
3541.01	72.186
3543.98	72.184
3546.96	72.182
3549.93	72.180
3552.91	72.179
3555.89	72.177
3558.87	72.175
3561.85	72.173
3564.84	72.172
3567.83	72.170
3570.81	72.168
3573.80	72.166
3576.80	72.165
3579.79	72.163
3582.78	72.161
3585.78	72.159
3588.78	72.158
3591.78	72.156
3594.78	72.154
3597.79	72.152
3600.80	72.151
3603.80	72.149
3606.81	72.147
3609.82	72.145
3612.84	72.144
3615.85	72.142
3618.87	72.140
3621.89	72.138
3624.91	72.137
3627.93	72.135
3630.96	72.133
3633.98	72.131
3637.01	72.130
3640.04	72.128
3643.07	72.126
3646.10	72.124
3649.14	72.123
3652.17	72.121
3655.21	72.119
3658.25	72.117
3661.30	72.116
3664.34	72.114
3667.39	72.112
3670.43	72.111
3673.48	72.109
3676.53	72.107
3679.59	72.105
3682.64	72.104
3685.70	72.102
3688.76	72.100
3691.82	72.098
3694.88	72.097
3697.94	72.095
3701.01	72.093
3704.08	72.092
3707.15	72.090
3710.22	72.088
3713.29	72.086
3716.37	72.085
3719.44	72.083
3722.52	72.081
3725.60	72.079
3728.69	72.078
3731.77	72.076
3734.86	72.074
3737.94	72.073
3741.03	72.071
3744.12	72.069
3747.22	72.067
3750.31	72.066
3753.41	72.064
3756.51	72.062
3759.61	72.061
3762.71	72.059
3765.82	72.057
3768.92	72.055
3772.03	72.054
3775.14	72.052
3778.25	72.050
3781.37	72.049
3784.48	72.047
3787.60	72.045
3790.72	72.044
3793.84	72.042
3796.96	72.040
3800.09	72.038
3803.22	72.037
3806.34	72.035
3809.47	72.033
3812.61	72.032
3815.74	72.030
3818.88	72.028
3822.02	72.027
3825.16	72.025
3828.30	72.023
3831.44	72.021
3834.59	72.020
3837.73	72.018
3840.88	72.016
3844.03	72.015
3847.19	72.013
3850.34	72.011
3853.50	72.010
3856.66	72.008
3859.82	72.006
3862.98	72.005
3866.14	72.003
3869.31	72.001
3872.48	71.999
3875.65	71.998
3878.82	71.996
3881.99	71.994
3885.17	71.993
3888.35	71.991
3891.53	71.989
3894.71	71.988
3897.89	71.986
3901.08	71.984
3904.26	71.983
3907.45	71.981
3910.64	71.979
3913.84	71.978
3917.03	71.976
3920.23	71.974
3923.42	71.973
3926.63	71.971
3929.83	71.969
3933.03	71.968
3936.24	71.966
3939.45	71.964
3942.66	71.963
3945.87	71.961
3949.08	71.959
3952.30	71.958
3955.51	71.956
3958.73	71.954
3961.95	71.953
3965.18	71.951
3968.40	71.949
3971.63	71.948
3974.86	71.946
3978.09	71.944
3981.32	71.943
3984.56	71.941
3987.79	71.939
3991.03	71.938
3994.27	71.936
3997.52	71.934
4000.76	71.933
4004.01	71.931
4007.26	71.929
4010.51	71.928
4013.76	71.926
4017.01	71.924
4020.27	71.923
4023.53	71.921
4026.79	71.919
4030.05	71.918
4033.31	71.916
4036.58	71.914
4039.85	71.913
4043.12	71.911
4046.39	71.909
4049.66	71.908
4052.94	71.906
4056.21	71.905
4059.49	71.903
4062.77	71.901
4066.06	71.900
4069.34	71.898
4072.63	71.896
4075.92	71.895
4079.21	71.893
4082.50	71.891
4085.80	71.890
4089.10	71.888
4092.39	71.886
4095.70	71.885
4099.00	71.883
4102.30	71.882
4105.61	71.880
4108.92	71.878
4112.23	71.877
4115.54	71.875
4118.86	71.873
4122.17	71.872
4125.49	71.870
4128.81	71.868
4132.14	71.867
4135.46	71.865
4138.79	71.864
4142.12	71.862
4145.45	71.860
4148.78	71.859
4152.11	71.857
4155.45	71.855
4158.79	71.854
4162.13	71.852
4165.47	71.851
4168.82	71.849
4172.16	71.847
4175.51	71.846
4178.86	71.844
4182.22	71.842
4185.57	71.841
4188.93	71.839
4192.29	71.838
4195.65	71.836
4199.01	71.834
4202.37	71.833
4205.74	71.831
4209.11	71.830
4212.48	71.828
4215.85	71.826
4219.23	71.825
4222.60	71.823
4225.98	71.821
4229.36	71.820
4232.74	71.818
4236.13	71.817
4239.52	71.815
4242.90	71.813
4246.29	71.812
4249.69	71.810
4253.08	71.809
4256.48	71.807
4259.88	71.805
4263.28	71.804
4266.68	71.802
4270.09	71.801
4273.49	71.799
4276.90	71.797
4280.31	71.796
4283.73	71.794
4287.14	71.793
4290.56	71.791
4293.98	71.789
4297.40	71.788
4300.82	71.786
4304.25	71.785
4307.67	71.783
4311.10	71.781
4314.53	71.780
4317.97	71.778
