t(c)	theta(grad)
0.000	85.000
0.010	85.000
0.020	85.000
0.030	85.000
0.040	85.000
0.050	85.000
0.060	85.000
0.070	85.000
0.080	85.000
0.090	85.000
0.100	85.000
0.110	85.000
0.120	85.000
0.130	85.000
0.140	85.000
0.150	85.000
0.160	85.000
0.170	85.000
0.180	85.000
0.190	85.000
0.200	85.000
0.210	85.000
0.220	85.000
0.230	85.000
0.240	85.000
0.250	85.000
0.260	85.000
0.270	85.000
0.280	85.000
0.290	85.000
0.300	85.000
0.310	85.000
0.320	85.000
0.330	85.000
0.340	85.000
0.350	85.000
0.360	85.000
0.370	85.000
0.380	85.000
0.390	85.000
0.400	85.000
0.410	85.000
0.420	85.000
0.430	85.000
0.440	85.000
0.450	85.000
0.460	85.000
0.470	85.000
0.480	85.000
0.490	85.000
0.500	85.000
0.510	85.000
0.520	85.000
0.530	85.000
0.540	85.000
0.550	85.000
0.560	85.000
0.570	85.000
0.580	85.000
0.590	85.000
0.600	85.000
0.610	85.000
0.620	85.000
0.630	85.000
0.640	85.000
0.650	85.000
0.660	85.000
0.670	85.000
0.680	85.000
0.690	85.000
0.700	85.000
0.710	85.000
0.720	85.000
0.730	85.000
0.740	85.000
0.750	85.000
0.760	85.000
0.770	85.000
0.780	85.000
0.790	85.000
0.800	85.000
0.810	85.000
0.820	85.000
0.830	85.000
0.840	85.000
0.850	85.000
0.860	85.000
0.870	85.000
0.880	85.000
0.890	85.000
0.900	85.000
0.910	85.000
0.920	85.000
0.930	85.000
0.940	85.000
0.950	85.000
0.960	85.000
0.970	85.000
0.980	85.000
0.990	85.000
1.000	85.000
1.010	85.000
1.020	85.000
1.030	85.000
1.040	85.000
1.050	85.000
1.060	85.000
1.070	85.000
1.080	85.000
1.090	85.000
1.100	85.000
1.110	85.000
1.120	85.000
1.130	85.000
1.140	85.000
1.150	85.000
1.160	85.000
1.170	85.000
1.180	85.000
1.190	85.000
1.200	85.000
1.210	85.000
1.220	85.000
1.230	85.000
1.240	85.000
1.250	85.000
1.260	85.000
1.270	85.000
1.280	85.000
1.290	85.000
1.300	85.000
1.310	85.000
1.320	85.000
1.330	85.000
1.340	85.000
1.350	85.000
1.360	85.000
1.370	85.000
1.380	85.000
1.390	85.000
1.400	85.000
1.410	85.000
1.420	85.000
1.430	85.000
1.440	85.000
1.450	85.000
1.460	85.000
1.470	85.000
1.480	85.000
1.490	85.000
1.500	85.000
1.510	85.000
1.520	85.000
1.530	85.000
1.540	85.000
1.550	85.000
1.560	85.000
1.570	85.000
1.580	85.000
1.590	85.000
1.600	85.000
1.610	85.000
1.620	85.000
1.630	85.000
1.640	85.000
1.650	85.000
1.660	85.000
1.670	85.000
1.680	85.000
1.690	85.000
1.700	85.000
1.710	85.000
1.720	85.000
1.730	85.000
1.740	85.000
1.750	85.000
1.760	85.000
1.770	85.000
1.780	85.000
1.790	85.000
1.800	85.000
1.810	85.000
1.820	85.000
1.830	85.000
1.840	85.000
1.850	85.000
1.860	85.000
1.870	85.000
1.880	85.000
1.890	85.000
1.900	85.000
1.910	85.000
1.920	85.000
1.930	85.000
1.940	85.000
1.950	85.000
1.960	85.000
1.970	85.000
1.980	85.000
1.990	85.000
2.000	85.000
2.010	85.000
2.020	85.000
2.030	85.000
2.040	85.000
2.050	85.000
2.060	85.000
2.070	85.000
2.080	85.000
2.090	85.000
2.100	85.000
2.110	85.000
2.120	85.000
2.130	85.000
2.140	85.000
2.150	85.000
2.160	85.000
2.170	85.000
2.180	85.000
2.190	85.000
2.200	85.000
2.210	85.000
2.220	85.000
2.230	85.000
2.240	85.000
2.250	85.000
2.260	85.000
2.270	85.000
2.280	85.000
2.290	85.000
2.300	85.000
2.310	85.000
2.320	85.000
2.330	85.000
2.340	85.000
2.350	85.000
2.360	85.000
2.370	85.000
2.380	85.000
2.390	85.000
2.400	85.000
2.410	85.000
2.420	85.000
2.430	85.000
2.440	85.000
2.450	85.000
2.460	85.000
2.470	85.000
2.480	85.000
2.490	85.000
2.500	85.000
2.510	85.000
2.520	85.000
2.530	85.000
2.540	85.000
2.550	85.000
2.560	85.000
2.570	85.000
2.580	85.000
2.590	85.000
2.600	85.000
2.610	85.000
2.620	85.000
2.630	85.000
2.640	85.000
2.650	85.000
2.660	85.000
2.670	85.000
2.680	85.000
2.690	85.000
2.700	85.000
2.710	85.000
2.720	85.000
2.730	85.000
2.740	85.000
2.750	85.000
2.760	85.000
2.770	85.000
2.780	85.000
2.790	85.000
2.800	85.000
2.810	85.000
2.820	85.000
2.830	85.000
2.840	85.000
2.850	85.000
2.860	85.000
2.870	85.000
2.880	85.000
2.890	85.000
2.900	85.000
2.910	85.000
2.920	85.000
2.930	85.000
2.940	85.000
2.950	85.000
2.960	85.000
2.970	85.000
2.980	85.000
2.990	85.000
3.000	85.000
3.010	85.000
3.020	85.000
3.030	85.000
3.040	85.000
3.050	85.000
3.060	85.000
3.070	85.000
3.080	85.000
3.090	85.000
3.100	85.000
3.110	85.000
3.120	85.000
3.130	85.000
3.140	85.000
3.150	85.000
3.160	85.000
3.170	85.000
3.180	85.000
3.190	85.000
3.200	85.000
3.210	85.000
3.220	85.000
3.230	85.000
3.240	85.000
3.250	85.000
3.260	85.000
3.270	85.000
3.280	85.000
3.290	85.000
3.300	85.000
3.310	85.000
3.320	85.000
3.330	85.000
3.340	85.000
3.350	85.000
3.360	85.000
3.370	85.000
3.380	85.000
3.390	85.000
3.400	85.000
3.410	85.000
3.420	85.000
3.430	85.000
3.440	85.000
3.450	85.000
3.460	85.000
3.470	85.000
3.480	85.000
3.490	85.000
3.500	85.000
3.510	85.000
3.520	85.000
3.530	85.000
3.540	85.000
3.550	85.000
3.560	85.000
3.570	85.000
3.580	85.000
3.590	85.000
3.600	85.000
3.610	85.000
3.620	85.000
3.630	85.000
3.640	85.000
3.650	85.000
3.660	85.000
3.670	85.000
3.680	85.000
3.690	85.000
3.700	85.000
3.710	85.000
3.720	85.000
3.730	85.000
3.740	85.000
3.750	85.000
3.760	85.000
3.770	85.000
3.780	85.000
3.790	85.000
3.800	85.000
3.810	85.000
3.820	85.000
3.830	85.000
3.840	85.000
3.850	85.000
3.860	85.000
3.870	85.000
3.880	85.000
3.890	85.000
3.900	85.000
3.910	85.000
3.920	85.000
3.930	85.000
3.940	85.000
3.950	85.000
3.960	85.000
3.970	85.000
3.980	85.000
3.990	85.000
4.000	85.000
4.010	85.000
4.020	85.000
4.030	85.000
4.040	85.000
4.050	85.000
4.060	85.000
4.070	85.000
4.080	85.000
4.090	85.000
4.100	85.000
4.110	85.000
4.120	85.000
4.130	85.000
4.140	85.000
4.150	85.000
4.160	85.000
4.170	85.000
4.180	85.000
4.190	85.000
4.200	85.000
4.210	85.000
4.220	85.000
4.230	85.000
4.240	85.000
4.250	85.000
4.260	85.000
4.270	85.000
4.280	85.000
4.290	85.000
4.300	85.000
4.310	85.000
4.320	85.000
4.330	85.000
4.340	85.000
4.350	85.000
4.360	85.000
4.370	85.000
4.380	85.000
4.390	85.000
4.400	85.000
4.410	85.000
4.420	85.000
4.430	85.000
4.440	85.000
4.450	85.000
4.460	85.000
4.470	85.000
4.480	85.000
4.490	85.000
4.500	85.000
4.510	85.000
4.520	85.000
4.530	85.000
4.540	85.000
4.550	85.000
4.560	85.000
4.570	85.000
4.580	85.000
4.590	85.000
4.600	85.000
4.610	85.000
4.620	85.000
4.630	85.000
4.640	85.000
4.650	85.000
4.660	85.000
4.670	85.000
4.680	85.000
4.690	85.000
4.700	85.000
4.710	85.000
4.720	85.000
4.730	85.000
4.740	85.000
4.750	85.000
4.760	85.000
4.770	85.000
4.780	85.000
4.790	85.000
4.800	85.000
4.810	85.000
4.820	85.000
4.830	85.000
4.840	85.000
4.850	85.000
4.860	85.000
4.870	85.000
4.880	85.000
4.890	85.000
4.900	85.000
4.910	85.000
4.920	85.000
4.930	85.000
4.940	85.000
4.950	85.000
4.960	85.000
4.970	85.000
4.980	85.000
4.990	85.000
5.000	85.000
5.010	85.000
5.020	85.000
5.030	85.000
5.040	85.000
5.050	85.000
5.060	85.000
5.070	85.000
5.080	85.000
5.090	85.000
5.100	85.000
5.110	85.000
5.120	85.000
5.130	85.000
5.140	85.000
5.150	85.000
5.160	85.000
5.170	85.000
5.180	85.000
5.190	85.000
5.200	85.000
5.210	85.000
5.220	85.000
5.230	85.000
5.240	85.000
5.250	85.000
5.260	85.000
5.270	85.000
5.280	85.000
5.290	85.000
5.300	85.000
5.310	85.000
5.320	85.000
5.330	85.000
5.340	85.000
5.350	85.000
5.360	85.000
5.370	85.000
5.380	85.000
5.390	85.000
5.400	85.000
5.410	85.000
5.420	85.000
5.430	85.000
5.440	85.000
5.450	85.000
5.460	85.000
5.470	85.000
5.480	85.000
5.490	85.000
5.500	85.000
5.510	85.000
5.520	85.000
5.530	85.000
5.540	85.000
5.550	85.000
5.560	85.000
5.570	85.000
5.580	85.000
5.590	85.000
5.600	85.000
5.610	85.000
5.620	85.000
5.630	85.000
5.640	85.000
5.650	85.000
5.660	85.000
5.670	85.000
5.680	85.000
5.690	85.000
5.700	85.000
5.710	85.000
5.720	85.000
5.730	85.000
5.740	85.000
5.750	85.000
5.760	85.000
5.770	85.000
5.780	85.000
5.790	85.000
5.800	85.000
5.810	85.000
5.820	85.000
5.830	85.000
5.840	85.000
5.850	85.000
5.860	85.000
5.870	85.000
5.880	85.000
5.890	85.000
5.900	85.000
5.910	85.000
5.920	85.000
5.930	85.000
5.940	85.000
5.950	85.000
5.960	85.000
5.970	85.000
5.980	85.000
5.990	85.000
6.000	85.000
6.010	85.000
6.020	85.000
6.030	85.000
6.040	85.000
6.050	85.000
6.060	85.000
6.070	85.000
6.080	85.000
6.090	85.000
6.100	85.000
6.110	85.000
6.120	85.000
6.130	85.000
6.140	85.000
6.150	85.000
6.160	85.000
6.170	85.000
6.180	85.000
6.190	85.000
6.200	85.000
6.210	85.000
6.220	85.000
6.230	85.000
6.240	85.000
6.250	85.000
6.260	85.000
6.270	85.000
6.280	85.000
6.290	85.000
6.300	85.000
6.310	85.000
6.320	85.000
6.330	85.000
6.340	85.000
6.350	85.000
6.360	85.000
6.370	85.000
6.380	85.000
6.390	85.000
6.400	85.000
6.410	85.000
6.420	85.000
6.430	85.000
6.440	85.000
6.450	85.000
6.460	85.000
6.470	85.000
6.480	85.000
6.490	85.000
6.500	85.000
6.510	85.000
6.520	85.000
6.530	85.000
6.540	85.000
6.550	85.000
6.560	85.000
6.570	85.000
6.580	85.000
6.590	85.000
6.600	85.000
6.610	85.000
6.620	85.000
6.630	85.000
6.640	85.000
6.650	85.000
6.660	85.000
6.670	85.000
6.680	85.000
6.690	85.000
6.700	85.000
6.710	85.000
6.720	85.000
6.730	85.000
6.740	85.000
6.750	85.000
6.760	85.000
6.770	85.000
6.780	85.000
6.790	85.000
6.800	85.000
6.810	85.000
6.820	85.000
6.830	85.000
6.840	85.000
6.850	85.000
6.860	85.000
6.870	85.000
6.880	85.000
6.890	85.000
6.900	85.000
6.910	85.000
6.920	85.000
6.930	85.000
6.940	85.000
6.950	85.000
6.960	85.000
6.970	85.000
6.980	85.000
6.990	85.000
7.000	85.000
7.010	85.000
7.020	85.000
7.030	85.000
7.040	85.000
7.050	85.000
7.060	85.000
7.070	85.000
7.080	85.000
7.090	85.000
7.100	85.000
7.110	85.000
7.120	85.000
7.130	85.000
7.140	85.000
7.150	85.000
7.160	85.000
7.170	85.000
7.180	85.000
7.190	85.000
7.200	85.000
7.210	85.000
7.220	85.000
7.230	85.000
7.240	85.000
7.250	85.000
7.260	85.000
7.270	85.000
7.280	85.000
7.290	85.000
7.300	85.000
7.310	85.000
7.320	85.000
7.330	85.000
7.340	85.000
7.350	85.000
7.360	85.000
7.370	85.000
7.380	85.000
7.390	85.000
7.400	85.000
7.410	85.000
7.420	85.000
7.430	85.000
7.440	85.000
7.450	85.000
7.460	85.000
7.470	85.000
7.480	85.000
7.490	85.000
7.500	85.000
7.510	85.000
7.520	85.000
7.530	85.000
7.540	85.000
7.550	85.000
7.560	85.000
7.570	85.000
7.580	85.000
7.590	85.000
7.600	85.000
7.610	85.000
7.620	85.000
7.630	85.000
7.640	85.000
7.650	85.000
7.660	85.000
7.670	85.000
7.680	85.000
7.690	85.000
7.700	85.000
7.710	85.000
7.720	85.000
7.730	85.000
7.740	85.000
7.750	85.000
7.760	85.000
7.770	85.000
7.780	85.000
7.790	85.000
7.800	85.000
7.810	85.000
7.820	85.000
7.830	85.000
7.840	85.000
7.850	85.000
7.860	85.000
7.870	85.000
7.880	85.000
7.890	85.000
7.900	85.000
7.910	85.000
7.920	85.000
7.930	85.000
7.940	85.000
7.950	85.000
7.960	85.000
7.970	85.000
7.980	85.000
7.990	85.000
8.000	85.000
8.010	85.000
8.020	85.000
8.030	85.000
8.040	85.000
8.050	85.000
8.060	85.000
8.070	85.000
8.080	85.000
8.090	85.000
8.100	85.000
8.110	85.000
8.120	85.000
8.130	85.000
8.140	85.000
8.150	85.000
8.160	85.000
8.170	85.000
8.180	85.000
8.190	85.000
8.200	85.000
8.210	85.000
8.220	85.000
8.230	85.000
8.240	85.000
8.250	85.000
8.260	85.000
8.270	85.000
8.280	85.000
8.290	85.000
8.300	85.000
8.310	85.000
8.320	85.000
8.330	85.000
8.340	85.000
8.350	85.000
8.360	85.000
8.370	85.000
8.380	85.000
8.390	85.000
8.400	85.000
8.410	85.000
8.420	85.000
8.430	85.000
8.440	85.000
8.450	85.000
8.460	85.000
8.470	85.000
8.480	85.000
8.490	85.000
8.500	85.000
8.510	85.000
8.520	85.000
8.530	85.000
8.540	85.000
8.550	85.000
8.560	85.000
8.570	85.000
8.580	85.000
8.590	85.000
8.600	85.000
8.610	85.000
8.620	85.000
8.630	85.000
8.640	85.000
8.650	85.000
8.660	85.000
8.670	85.000
8.680	85.000
8.690	85.000
8.700	85.000
8.710	85.000
8.720	85.000
8.730	85.000
8.740	85.000
8.750	85.000
8.760	85.000
8.770	85.000
8.780	85.000
8.790	85.000
8.800	85.000
8.810	85.000
8.820	85.000
8.830	85.000
8.840	85.000
8.850	85.000
8.860	85.000
8.870	85.000
8.880	85.000
8.890	85.000
8.900	85.000
8.910	85.000
8.920	85.000
8.930	85.000
8.940	85.000
8.950	85.000
8.960	85.000
8.970	85.000
8.980	85.000
8.990	85.000
9.000	85.000
9.010	85.000
9.020	85.000
9.030	85.000
9.040	85.000
9.050	85.000
9.060	85.000
9.070	85.000
9.080	85.000
9.090	85.000
9.100	85.000
9.110	85.000
9.120	85.000
9.130	85.000
9.140	85.000
9.150	85.000
9.160	85.000
9.170	85.000
9.180	85.000
9.190	85.000
9.200	85.000
9.210	85.000
9.220	85.000
9.230	85.000
9.240	85.000
9.250	85.000
9.260	85.000
9.270	85.000
9.280	85.000
9.290	85.000
9.300	85.000
9.310	85.000
9.320	85.000
9.330	85.000
9.340	85.000
9.350	85.000
9.360	85.000
9.370	85.000
9.380	85.000
9.390	85.000
9.400	85.000
9.410	85.000
9.420	85.000
9.430	85.000
9.440	85.000
9.450	85.000
9.460	85.000
9.470	85.000
9.480	85.000
9.490	85.000
9.500	85.000
9.510	85.000
9.520	85.000
9.530	85.000
9.540	85.000
9.550	85.000
9.560	85.000
9.570	85.000
9.580	85.000
9.590	85.000
9.600	85.000
9.610	85.000
9.620	85.000
9.630	85.000
9.640	85.000
9.650	85.000
9.660	85.000
9.670	85.000
9.680	85.000
9.690	85.000
9.700	85.000
9.710	85.000
9.720	85.000
9.730	85.000
9.740	85.000
9.750	85.000
9.760	85.000
9.770	85.000
9.780	85.000
9.790	85.000
9.800	85.000
9.810	85.000
9.820	85.000
9.830	85.000
9.840	85.000
9.850	85.000
9.860	85.000
9.870	85.000
9.880	85.000
9.890	85.000
9.900	85.000
9.910	85.000
9.920	85.000
9.930	85.000
9.940	85.000
9.950	85.000
9.960	85.000
9.970	85.000
9.980	85.000
9.990	85.000
10.000	85.000
10.010	85.000
10.020	85.000
10.030	85.000
10.040	85.000
10.050	85.000
10.060	85.000
10.070	85.000
10.080	85.000
10.090	85.000
10.100	85.000
10.110	85.000
10.120	85.000
10.130	85.000
10.140	85.000
10.150	85.000
10.160	85.000
10.170	85.000
10.180	85.000
10.190	85.000
10.200	85.000
10.210	85.000
10.220	85.000
10.230	85.000
10.240	85.000
10.250	85.000
10.260	85.000
10.270	85.000
10.280	85.000
10.290	85.000
10.300	85.000
10.310	85.000
10.320	85.000
10.330	85.000
10.340	85.000
10.350	85.000
10.360	85.000
10.370	85.000
10.380	85.000
10.390	85.000
10.400	85.000
10.410	85.000
10.420	85.000
10.430	85.000
10.440	85.000
10.450	85.000
10.460	85.000
10.470	85.000
10.480	85.000
10.490	85.000
10.500	85.000
10.510	85.000
10.520	85.000
10.530	85.000
10.540	85.000
10.550	85.000
10.560	85.000
10.570	85.000
10.580	85.000
10.590	85.000
10.600	85.000
10.610	85.000
10.620	85.000
10.630	85.000
10.640	85.000
10.650	85.000
10.660	85.000
10.670	85.000
10.680	85.000
10.690	85.000
10.700	85.000
10.710	85.000
10.720	85.000
10.730	85.000
10.740	85.000
10.750	85.000
10.760	85.000
10.770	85.000
10.780	85.000
10.790	85.000
10.800	85.000
10.810	85.000
10.820	85.000
10.830	85.000
10.840	85.000
10.850	85.000
10.860	85.000
10.870	85.000
10.880	85.000
10.890	85.000
10.900	85.000
10.910	85.000
10.920	85.000
10.930	85.000
10.940	85.000
10.950	85.000
10.960	85.000
10.970	85.000
10.980	85.000
10.990	85.000
11.000	85.000
11.010	85.000
11.020	85.000
11.030	85.000
11.040	85.000
11.050	85.000
11.060	85.000
11.070	85.000
11.080	85.000
11.090	85.000
11.100	85.000
11.110	85.000
11.120	85.000
11.130	85.000
11.140	85.000
11.150	85.000
11.160	85.000
11.170	85.000
11.180	85.000
11.190	85.000
11.200	85.000
11.210	85.000
11.220	85.000
11.230	85.000
11.240	85.000
11.250	85.000
11.260	85.000
11.270	85.000
11.280	85.000
11.290	85.000
11.300	85.000
11.310	85.000
11.320	85.000
11.330	85.000
11.340	85.000
11.350	85.000
11.360	85.000
11.370	85.000
11.380	85.000
11.390	85.000
11.400	85.000
11.410	85.000
11.420	85.000
11.430	85.000
11.440	85.000
11.450	85.000
11.460	85.000
11.470	85.000
11.480	85.000
11.490	85.000
11.500	85.000
11.510	85.000
11.520	85.000
11.530	85.000
11.540	85.000
11.550	85.000
11.560	85.000
11.570	85.000
11.580	85.000
11.590	85.000
11.600	85.000
11.610	85.000
11.620	85.000
11.630	85.000
11.640	85.000
11.650	85.000
11.660	85.000
11.670	85.000
11.680	85.000
11.690	85.000
11.700	85.000
11.710	85.000
11.720	85.000
11.730	85.000
11.740	85.000
11.750	85.000
11.760	85.000
11.770	85.000
11.780	85.000
11.790	85.000
11.800	85.000
11.810	85.000
11.820	85.000
11.830	85.000
11.840	85.000
11.850	85.000
11.860	85.000
11.870	85.000
11.880	85.000
11.890	85.000
11.900	85.000
11.910	85.000
11.920	85.000
11.930	85.000
11.940	85.000
11.950	85.000
11.960	85.000
11.970	85.000
11.980	85.000
11.990	85.000
12.000	85.000
12.010	85.000
12.020	85.000
12.030	85.000
12.040	85.000
12.050	85.000
12.060	85.000
12.070	85.000
12.080	85.000
12.090	85.000
12.100	85.000
12.110	85.000
12.120	85.000
12.130	85.000
12.140	85.000
12.150	85.000
12.160	85.000
12.170	85.000
12.180	85.000
12.190	85.000
12.200	85.000
12.210	85.000
12.220	85.000
12.230	85.000
12.240	85.000
12.250	85.000
12.260	85.000
12.270	85.000
12.280	85.000
12.290	85.000
12.300	85.000
12.310	85.000
12.320	85.000
12.330	85.000
12.340	85.000
12.350	85.000
12.360	85.000
12.370	85.000
12.380	85.000
12.390	85.000
12.400	85.000
12.410	85.000
12.420	85.000
12.430	85.000
12.440	85.000
12.450	85.000
12.460	85.000
12.470	85.000
12.480	85.000
12.490	85.000
12.500	85.000
12.510	85.000
12.520	85.000
12.530	85.000
12.540	85.000
12.550	85.000
12.560	85.000
12.570	85.000
12.580	85.000
12.590	85.000
12.600	85.000
12.610	85.000
12.620	85.000
12.630	85.000
12.640	85.000
12.650	85.000
12.660	85.000
12.670	85.000
12.680	85.000
12.690	85.000
12.700	85.000
12.710	85.000
12.720	85.000
12.730	85.000
12.740	85.000
12.750	85.000
12.760	85.000
12.770	85.000
12.780	85.000
12.790	85.000
12.800	85.000
12.810	85.000
12.820	85.000
12.830	85.000
12.840	85.000
12.850	85.000
12.860	85.000
12.870	85.000
12.880	85.000
12.890	85.000
12.900	85.000
12.910	85.000
12.920	85.000
12.930	85.000
12.940	85.000
12.950	85.000
12.960	85.000
12.970	85.000
12.980	85.000
12.990	85.000
13.000	85.000
13.010	85.000
13.020	85.000
13.030	85.000
13.040	85.000
13.050	85.000
13.060	85.000
13.070	85.000
13.080	85.000
13.090	85.000
13.100	85.000
13.110	85.000
13.120	85.000
13.130	85.000
13.140	85.000
13.150	85.000
13.160	85.000
13.170	85.000
13.180	85.000
13.190	85.000
13.200	85.000
13.210	85.000
13.220	85.000
13.230	85.000
13.240	85.000
13.250	85.000
13.260	85.000
13.270	85.000
13.280	85.000
13.290	85.000
13.300	85.000
13.310	85.000
13.320	85.000
13.330	85.000
13.340	85.000
13.350	85.000
13.360	85.000
13.370	85.000
13.380	85.000
13.390	85.000
13.400	85.000
13.410	85.000
13.420	85.000
13.430	85.000
13.440	85.000
13.450	85.000
13.460	85.000
13.470	85.000
13.480	85.000
13.490	85.000
13.500	85.000
13.510	85.000
13.520	85.000
13.530	85.000
13.540	85.000
13.550	85.000
13.560	85.000
13.570	85.000
13.580	85.000
13.590	85.000
13.600	85.000
13.610	85.000
13.620	85.000
13.630	85.000
13.640	85.000
13.650	85.000
13.660	85.000
13.670	85.000
13.680	85.000
13.690	85.000
13.700	85.000
13.710	85.000
13.720	85.000
13.730	85.000
13.740	85.000
13.750	85.000
13.760	85.000
13.770	85.000
13.780	85.000
13.790	85.000
13.800	85.000
13.810	85.000
13.820	85.000
13.830	85.000
13.840	85.000
13.850	85.000
13.860	85.000
13.870	85.000
13.880	85.000
13.890	85.000
13.900	85.000
13.910	85.000
13.920	85.000
13.930	85.000
13.940	85.000
13.950	85.000
13.960	85.000
13.970	85.000
13.980	85.000
13.990	85.000
14.000	85.000
14.010	85.000
14.020	85.000
14.030	85.000
14.040	85.000
14.050	85.000
14.060	85.000
14.070	85.000
14.080	85.000
14.090	85.000
14.100	85.000
14.110	85.000
14.120	85.000
14.130	85.000
14.140	85.000
14.150	85.000
14.160	85.000
14.170	85.000
14.180	85.000
14.190	85.000
14.200	85.000
14.210	85.000
14.220	85.000
14.230	85.000
14.240	85.000
14.250	85.000
14.260	85.000
14.270	85.000
14.280	85.000
14.290	85.000
14.300	85.000
14.310	85.000
14.320	85.000
14.330	85.000
14.340	85.000
14.350	85.000
14.360	85.000
14.370	85.000
14.380	85.000
14.390	85.000
14.400	85.000
14.410	85.000
14.420	85.000
14.430	85.000
14.440	85.000
14.450	85.000
14.460	85.000
14.470	85.000
14.480	85.000
14.490	85.000
14.500	85.000
14.510	85.000
14.520	85.000
14.530	85.000
14.540	85.000
14.550	85.000
14.560	85.000
14.570	85.000
14.580	85.000
14.590	85.000
14.600	85.000
14.610	85.000
14.620	85.000
14.630	85.000
14.640	85.000
14.650	85.000
14.660	85.000
14.670	85.000
14.680	85.000
14.690	85.000
14.700	85.000
14.710	85.000
14.720	85.000
14.730	85.000
14.740	85.000
14.750	85.000
14.760	85.000
14.770	85.000
14.780	85.000
14.790	85.000
14.800	85.000
14.810	85.000
14.820	85.000
14.830	85.000
14.840	85.000
14.850	85.000
14.860	85.000
14.870	85.000
14.880	85.000
14.890	85.000
14.900	85.000
14.910	85.000
14.920	85.000
14.930	85.000
14.940	85.000
14.950	85.000
14.960	85.000
14.970	85.000
14.980	85.000
14.990	85.000
15.000	85.000
15.010	85.000
15.020	85.000
15.030	85.000
15.040	85.000
15.050	85.000
15.060	85.000
15.070	85.000
15.080	85.000
15.090	85.000
15.100	85.000
15.110	85.000
15.120	85.000
15.130	85.000
15.140	85.000
15.150	85.000
15.160	85.000
15.170	85.000
15.180	85.000
15.190	85.000
15.200	85.000
15.210	85.000
15.220	85.000
15.230	85.000
15.240	85.000
15.250	85.000
15.260	85.000
15.270	85.000
15.280	85.000
15.290	85.000
15.300	85.000
15.310	85.000
15.320	85.000
15.330	85.000
15.340	85.000
15.350	85.000
15.360	85.000
15.370	85.000
15.380	85.000
15.390	85.000
15.400	85.000
15.410	85.000
15.420	85.000
15.430	85.000
15.440	85.000
15.450	85.000
15.460	85.000
15.470	85.000
15.480	85.000
15.490	85.000
15.500	85.000
15.510	85.000
15.520	85.000
15.530	85.000
15.540	85.000
15.550	85.000
15.560	85.000
15.570	85.000
15.580	85.000
15.590	85.000
15.600	85.000
15.610	85.000
15.620	85.000
15.630	85.000
15.640	85.000
15.650	85.000
15.660	85.000
15.670	85.000
15.680	85.000
15.690	85.000
15.700	85.000
15.710	85.000
15.720	85.000
15.730	85.000
15.740	85.000
15.750	85.000
15.760	85.000
15.770	85.000
15.780	85.000
15.790	85.000
15.800	85.000
15.810	85.000
15.820	85.000
15.830	85.000
15.840	85.000
15.850	85.000
15.860	85.000
15.870	85.000
15.880	85.000
15.890	85.000
15.900	85.000
15.910	85.000
15.920	85.000
15.930	85.000
15.940	85.000
15.950	85.000
15.960	85.000
15.970	85.000
15.980	85.000
15.990	85.000
16.000	85.000
16.010	85.000
16.020	85.000
16.030	85.000
16.040	85.000
16.050	85.000
16.060	85.000
16.070	85.000
16.080	85.000
16.090	85.000
16.100	85.000
16.110	85.000
16.120	85.000
16.130	85.000
16.140	85.000
16.150	85.000
16.160	85.000
16.170	85.000
16.180	85.000
16.190	85.000
16.200	85.000
16.210	85.000
16.220	85.000
16.230	85.000
16.240	85.000
16.250	85.000
16.260	85.000
16.270	85.000
16.280	85.000
16.290	85.000
16.300	85.000
16.310	85.000
16.320	85.000
16.330	85.000
16.340	85.000
16.350	85.000
16.360	85.000
16.370	85.000
16.380	85.000
16.390	85.000
16.400	85.000
16.410	85.000
16.420	85.000
16.430	85.000
16.440	85.000
16.450	85.000
16.460	85.000
16.470	85.000
16.480	85.000
16.490	85.000
16.500	85.000
16.510	85.000
16.520	85.000
16.530	85.000
16.540	85.000
16.550	85.000
16.560	85.000
16.570	85.000
16.580	85.000
16.590	85.000
16.600	85.000
16.610	85.000
16.620	85.000
16.630	85.000
16.640	85.000
16.650	85.000
16.660	85.000
16.670	85.000
16.680	85.000
16.690	85.000
16.700	85.000
16.710	85.000
16.720	85.000
16.730	85.000
16.740	85.000
16.750	85.000
16.760	85.000
16.770	85.000
16.780	85.000
16.790	85.000
16.800	85.000
16.810	85.000
16.820	85.000
16.830	85.000
16.840	85.000
16.850	85.000
16.860	85.000
16.870	85.000
16.880	85.000
16.890	85.000
16.900	85.000
16.910	85.000
16.920	85.000
16.930	85.000
16.940	85.000
16.950	85.000
16.960	85.000
16.970	85.000
16.980	85.000
16.990	85.000
17.000	85.000
17.010	85.000
17.020	85.000
17.030	85.000
17.040	85.000
17.050	85.000
17.060	85.000
17.070	85.000
17.080	85.000
17.090	85.000
17.100	85.000
17.110	85.000
17.120	85.000
17.130	85.000
17.140	85.000
17.150	85.000
17.160	85.000
17.170	85.000
17.180	85.000
17.190	85.000
17.200	85.000
17.210	85.000
17.220	85.000
17.230	85.000
17.240	85.000
17.250	85.000
17.260	85.000
17.270	85.000
17.280	85.000
17.290	85.000
17.300	85.000
17.310	85.000
17.320	85.000
17.330	85.000
17.340	85.000
17.350	85.000
17.360	85.000
17.370	85.000
17.380	85.000
17.390	85.000
17.400	85.000
17.410	85.000
17.420	85.000
17.430	85.000
17.440	85.000
17.450	85.000
17.460	85.000
17.470	85.000
17.480	85.000
17.490	85.000
17.500	85.000
17.510	85.000
17.520	85.000
17.530	85.000
17.540	85.000
17.550	85.000
17.560	85.000
17.570	85.000
17.580	85.000
17.590	85.000
17.600	85.000
17.610	85.000
17.620	85.000
17.630	85.000
17.640	85.000
17.650	85.000
17.660	85.000
17.670	85.000
17.680	85.000
17.690	85.000
17.700	85.000
17.710	85.000
17.720	85.000
17.730	85.000
17.740	85.000
17.750	85.000
17.760	85.000
17.770	85.000
17.780	85.000
17.790	85.000
17.800	85.000
17.810	85.000
17.820	85.000
17.830	85.000
17.840	85.000
17.850	85.000
17.860	85.000
17.870	85.000
17.880	85.000
17.890	85.000
17.900	85.000
17.910	85.000
17.920	85.000
17.930	85.000
17.940	85.000
17.950	85.000
17.960	85.000
17.970	85.000
17.980	85.000
17.990	85.000
18.000	85.000
18.010	85.000
18.020	85.000
18.030	85.000
18.040	85.000
18.050	85.000
18.060	85.000
18.070	85.000
18.080	85.000
18.090	85.000
18.100	85.000
18.110	85.000
18.120	85.000
18.130	85.000
18.140	85.000
18.150	85.000
18.160	85.000
18.170	85.000
18.180	85.000
18.190	85.000
18.200	85.000
18.210	85.000
18.220	85.000
18.230	85.000
18.240	85.000
18.250	85.000
18.260	85.000
18.270	85.000
18.280	85.000
18.290	85.000
18.300	85.000
18.310	85.000
18.320	85.000
18.330	85.000
18.340	85.000
18.350	85.000
18.360	85.000
18.370	85.000
18.380	85.000
18.390	85.000
18.400	85.000
18.410	85.000
18.420	85.000
18.430	85.000
18.440	85.000
18.450	85.000
18.460	85.000
18.470	85.000
18.480	85.000
18.490	85.000
18.500	85.000
18.510	85.000
18.520	85.000
18.530	85.000
18.540	85.000
18.550	85.000
18.560	85.000
18.570	85.000
18.580	85.000
18.590	85.000
18.600	85.000
18.610	85.000
18.620	85.000
18.630	85.000
18.640	85.000
18.650	85.000
18.660	85.000
18.670	85.000
18.680	85.000
18.690	85.000
18.700	85.000
18.710	85.000
18.720	85.000
18.730	85.000
18.740	85.000
18.750	85.000
18.760	85.000
18.770	85.000
18.780	85.000
18.790	85.000
18.800	85.000
18.810	85.000
18.820	85.000
18.830	85.000
18.840	85.000
18.850	85.000
18.860	85.000
18.870	85.000
18.880	85.000
18.890	85.000
18.900	85.000
18.910	85.000
18.920	85.000
18.930	85.000
18.940	85.000
18.950	85.000
18.960	85.000
18.970	85.000
18.980	85.000
18.990	85.000
19.000	85.000
19.010	85.000
19.020	85.000
19.030	85.000
19.040	85.000
19.050	85.000
19.060	85.000
19.070	85.000
19.080	85.000
19.090	85.000
19.100	85.000
19.110	85.000
19.120	85.000
19.130	85.000
19.140	85.000
19.150	85.000
19.160	85.000
19.170	85.000
19.180	85.000
19.190	85.000
19.200	85.000
19.210	85.000
19.220	85.000
19.230	85.000
19.240	85.000
19.250	85.000
19.260	85.000
19.270	85.000
19.280	85.000
19.290	85.000
19.300	85.000
19.310	85.000
19.320	85.000
19.330	85.000
19.340	85.000
19.350	85.000
19.360	85.000
19.370	85.000
19.380	85.000
19.390	85.000
19.400	85.000
19.410	85.000
19.420	85.000
19.430	85.000
19.440	85.000
19.450	85.000
19.460	85.000
19.470	85.000
19.480	85.000
19.490	85.000
19.500	85.000
19.510	85.000
19.520	85.000
19.530	85.000
19.540	85.000
19.550	85.000
19.560	85.000
19.570	85.000
19.580	85.000
19.590	85.000
19.600	85.000
19.610	85.000
19.620	85.000
19.630	85.000
19.640	85.000
19.650	85.000
19.660	85.000
19.670	85.000
19.680	85.000
19.690	85.000
19.700	85.000
19.710	85.000
19.720	85.000
19.730	85.000
19.740	85.000
19.750	85.000
19.760	85.000
19.770	85.000
19.780	85.000
19.790	85.000
19.800	85.000
19.810	85.000
19.820	85.000
19.830	85.000
19.840	85.000
19.850	85.000
19.860	85.000
19.870	85.000
19.880	85.000
19.890	85.000
19.900	85.000
19.910	85.000
19.920	85.000
19.930	85.000
19.940	85.000
19.950	85.000
19.960	85.000
19.970	85.000
19.980	85.000
19.990	85.000
20.000	85.000
20.010	85.000
20.020	85.000
20.030	85.000
20.040	85.000
20.050	85.000
20.060	85.000
20.070	85.000
20.080	85.000
20.090	85.000
20.100	85.000
20.110	85.000
20.120	85.000
20.130	85.000
20.140	85.000
20.150	85.000
20.160	85.000
20.170	85.000
20.180	85.000
20.190	85.000
20.200	85.000
20.210	85.000
20.220	85.000
20.230	85.000
20.240	85.000
20.250	85.000
20.260	85.000
20.270	85.000
20.280	85.000
20.290	85.000
20.300	85.000
20.310	85.000
20.320	85.000
20.330	85.000
20.340	85.000
20.350	85.000
20.360	85.000
20.370	85.000
20.380	85.000
20.390	85.000
20.400	85.000
20.410	85.000
20.420	85.000
20.430	85.000
20.440	85.000
20.450	85.000
20.460	85.000
20.470	85.000
20.480	85.000
20.490	85.000
20.500	85.000
20.510	85.000
20.520	85.000
20.530	85.000
20.540	85.000
20.550	85.000
20.560	85.000
20.570	85.000
20.580	85.000
20.590	85.000
20.600	85.000
20.610	85.000
20.620	85.000
20.630	85.000
20.640	85.000
20.650	85.000
20.660	85.000
20.670	85.000
20.680	85.000
20.690	85.000
20.700	85.000
20.710	85.000
20.720	85.000
20.730	85.000
20.740	85.000
20.750	85.000
20.760	85.000
20.770	85.000
20.780	85.000
20.790	85.000
20.800	85.000
20.810	85.000
20.820	85.000
20.830	85.000
20.840	85.000
20.850	85.000
20.860	85.000
20.870	85.000
20.880	85.000
20.890	85.000
20.900	85.000
20.910	85.000
20.920	85.000
20.930	85.000
20.940	85.000
20.950	85.000
20.960	85.000
20.970	85.000
20.980	85.000
20.990	85.000
21.000	85.000
21.010	85.000
21.020	85.000
21.030	85.000
21.040	85.000
21.050	85.000
21.060	85.000
21.070	85.000
21.080	85.000
21.090	85.000
21.100	85.000
21.110	85.000
21.120	85.000
21.130	85.000
21.140	85.000
21.150	85.000
21.160	85.000
21.170	85.000
21.180	85.000
21.190	85.000
21.200	85.000
21.210	85.000
21.220	85.000
21.230	85.000
21.240	85.000
21.250	85.000
21.260	85.000
21.270	85.000
21.280	85.000
21.290	85.000
21.300	85.000
21.310	85.000
21.320	85.000
21.330	85.000
21.340	85.000
21.350	85.000
21.360	85.000
21.370	85.000
21.380	85.000
21.390	85.000
21.400	85.000
21.410	85.000
21.420	85.000
21.430	85.000
21.440	85.000
21.450	85.000
21.460	85.000
21.470	85.000
21.480	85.000
21.490	85.000
21.500	85.000
21.510	85.000
21.520	85.000
21.530	85.000
21.540	85.000
21.550	85.000
21.560	85.000
21.570	85.000
21.580	85.000
21.590	85.000
21.600	85.000
21.610	85.000
21.620	85.000
21.630	85.000
21.640	85.000
21.650	85.000
21.660	85.000
21.670	85.000
21.680	85.000
21.690	85.000
21.700	85.000
21.710	85.000
21.720	85.000
21.730	85.000
21.740	85.000
21.750	85.000
21.760	85.000
21.770	85.000
21.780	85.000
21.790	85.000
21.800	85.000
21.810	85.000
21.820	85.000
21.830	85.000
21.840	85.000
21.850	85.000
21.860	85.000
21.870	85.000
21.880	85.000
21.890	85.000
21.900	85.000
21.910	85.000
21.920	85.000
21.930	85.000
21.940	85.000
21.950	85.000
21.960	85.000
21.970	85.000
21.980	85.000
21.990	85.000
22.000	85.000
22.010	85.000
22.020	85.000
22.030	85.000
22.040	85.000
22.050	85.000
22.060	85.000
22.070	85.000
22.080	85.000
22.090	85.000
22.100	85.000
22.110	85.000
22.120	85.000
22.130	85.000
22.140	85.000
22.150	85.000
22.160	85.000
22.170	85.000
22.180	85.000
22.190	85.000
22.200	85.000
22.210	85.000
22.220	85.000
22.230	85.000
22.240	85.000
22.250	85.000
22.260	85.000
22.270	85.000
22.280	85.000
22.290	85.000
22.300	85.000
22.310	85.000
22.320	85.000
22.330	85.000
22.340	85.000
22.350	85.000
22.360	85.000
22.370	85.000
22.380	85.000
22.390	85.000
22.400	85.000
22.410	85.000
22.420	85.000
22.430	85.000
22.440	85.000
22.450	85.000
22.460	85.000
22.470	85.000
22.480	85.000
22.490	85.000
22.500	85.000
22.510	85.000
22.520	85.000
22.530	85.000
22.540	85.000
22.550	85.000
22.560	85.000
22.570	85.000
22.580	85.000
22.590	85.000
22.600	85.000
22.610	85.000
22.620	85.000
22.630	85.000
22.640	85.000
22.650	85.000
22.660	85.000
22.670	85.000
22.680	85.000
22.690	85.000
22.700	85.000
22.710	85.000
22.720	85.000
22.730	85.000
22.740	85.000
22.750	85.000
22.760	85.000
22.770	85.000
22.780	85.000
22.790	85.000
22.800	85.000
22.810	85.000
22.820	85.000
22.830	85.000
22.840	85.000
22.850	85.000
22.860	85.000
22.870	85.000
22.880	85.000
22.890	85.000
22.900	85.000
22.910	85.000
22.920	85.000
22.930	85.000
22.940	85.000
22.950	85.000
22.960	85.000
22.970	85.000
22.980	85.000
22.990	85.000
23.000	85.000
23.010	85.000
23.020	85.000
23.030	85.000
23.040	85.000
23.050	85.000
23.060	85.000
23.070	85.000
23.080	85.000
23.090	85.000
23.100	85.000
23.110	85.000
23.120	85.000
23.130	85.000
23.140	85.000
23.150	85.000
23.160	85.000
23.170	85.000
23.180	85.000
23.190	85.000
23.200	85.000
23.210	85.000
23.220	85.000
23.230	85.000
23.240	85.000
23.250	85.000
23.260	85.000
23.270	85.000
23.280	85.000
23.290	85.000
23.300	85.000
23.310	85.000
23.320	85.000
23.330	85.000
23.340	85.000
23.350	85.000
23.360	85.000
23.370	85.000
23.380	85.000
23.390	85.000
23.400	85.000
23.410	85.000
23.420	85.000
23.430	85.000
23.440	85.000
23.450	85.000
23.460	85.000
23.470	85.000
23.480	85.000
23.490	85.000
23.500	85.000
23.510	85.000
23.520	85.000
23.530	85.000
23.540	85.000
23.550	85.000
23.560	85.000
23.570	85.000
23.580	85.000
23.590	85.000
23.600	85.000
23.610	85.000
23.620	85.000
23.630	85.000
23.640	85.000
23.650	85.000
23.660	85.000
23.670	85.000
23.680	85.000
23.690	85.000
23.700	85.000
23.710	85.000
23.720	85.000
23.730	85.000
23.740	85.000
23.750	85.000
23.760	85.000
23.770	85.000
23.780	85.000
23.790	85.000
23.800	85.000
23.810	85.000
23.820	85.000
23.830	85.000
23.840	85.000
23.850	85.000
23.860	85.000
23.870	85.000
23.880	85.000
23.890	85.000
23.900	85.000
23.910	85.000
23.920	85.000
23.930	85.000
23.940	85.000
23.950	85.000
23.960	85.000
23.970	85.000
23.980	85.000
23.990	85.000
24.000	85.000
24.010	85.000
24.020	85.000
24.030	85.000
24.040	85.000
24.050	85.000
24.060	85.000
24.070	85.000
24.080	85.000
24.090	85.000
24.100	85.000
24.110	85.000
24.120	85.000
24.130	85.000
24.140	85.000
24.150	85.000
24.160	85.000
24.170	85.000
24.180	85.000
24.190	85.000
24.200	85.000
24.210	85.000
24.220	85.000
24.230	85.000
24.240	85.000
24.250	85.000
24.260	85.000
24.270	85.000
24.280	85.000
24.290	85.000
24.300	85.000
24.310	85.000
24.320	85.000
24.330	85.000
24.340	85.000
24.350	85.000
24.360	85.000
24.370	85.000
24.380	85.000
24.390	85.000
24.400	85.000
24.410	85.000
24.420	85.000
24.430	85.000
24.440	85.000
24.450	85.000
24.460	85.000
24.470	85.000
24.480	85.000
24.490	85.000
24.500	85.000
24.510	85.000
24.520	85.000
24.530	85.000
24.540	85.000
24.550	85.000
24.560	85.000
24.570	85.000
24.580	85.000
24.590	85.000
24.600	85.000
24.610	85.000
24.620	85.000
24.630	85.000
24.640	85.000
24.650	85.000
24.660	85.000
24.670	85.000
24.680	85.000
24.690	85.000
24.700	85.000
24.710	85.000
24.720	85.000
24.730	85.000
24.740	85.000
24.750	85.000
24.760	85.000
24.770	85.000
24.780	85.000
24.790	85.000
24.800	85.000
24.810	85.000
24.820	85.000
24.830	85.000
24.840	85.000
24.850	85.000
24.860	85.000
24.870	85.000
24.880	85.000
24.890	85.000
24.900	85.000
24.910	85.000
24.920	85.000
24.930	85.000
24.940	85.000
24.950	85.000
24.960	85.000
24.970	85.000
24.980	85.000
24.990	85.000
25.000	85.000
25.010	85.000
25.020	85.000
25.030	85.000
25.040	85.000
25.050	85.000
25.060	85.000
25.070	85.000
25.080	85.000
25.090	85.000
25.100	85.000
25.110	85.000
25.120	85.000
25.130	85.000
25.140	85.000
25.150	85.000
25.160	85.000
25.170	85.000
25.180	85.000
25.190	85.000
25.200	85.000
25.210	85.000
25.220	85.000
25.230	85.000
25.240	85.000
25.250	85.000
25.260	85.000
25.270	85.000
25.280	85.000
25.290	85.000
25.300	85.000
25.310	85.000
25.320	85.000
25.330	85.000
25.340	85.000
25.350	85.000
25.360	85.000
25.370	85.000
25.380	85.000
25.390	85.000
25.400	85.000
25.410	85.000
25.420	85.000
25.430	85.000
25.440	85.000
25.450	85.000
25.460	85.000
25.470	85.000
25.480	85.000
25.490	85.000
25.500	85.000
25.510	85.000
25.520	85.000
25.530	85.000
25.540	85.000
25.550	85.000
25.560	85.000
25.570	85.000
25.580	85.000
25.590	85.000
25.600	85.000
25.610	85.000
25.620	85.000
25.630	85.000
25.640	85.000
25.650	85.000
25.660	85.000
25.670	85.000
25.680	85.000
25.690	85.000
25.700	85.000
25.710	85.000
25.720	85.000
25.730	85.000
25.740	85.000
25.750	85.000
25.760	85.000
25.770	85.000
25.780	85.000
25.790	85.000
25.800	85.000
25.810	85.000
25.820	85.000
25.830	85.000
25.840	85.000
25.850	85.000
25.860	85.000
25.870	85.000
25.880	85.000
25.890	85.000
25.900	85.000
25.910	85.000
25.920	85.000
25.930	85.000
25.940	85.000
25.950	85.000
25.960	85.000
25.970	85.000
25.980	85.000
25.990	85.000
26.000	85.000
26.010	85.000
26.020	85.000
26.030	85.000
26.040	85.000
26.050	85.000
26.060	85.000
26.070	85.000
26.080	85.000
26.090	85.000
26.100	85.000
26.110	85.000
26.120	85.000
26.130	85.000
26.140	85.000
26.150	85.000
26.160	85.000
26.170	85.000
26.180	85.000
26.190	85.000
26.200	85.000
26.210	85.000
26.220	85.000
26.230	85.000
26.240	85.000
26.250	85.000
26.260	85.000
26.270	85.000
26.280	85.000
26.290	85.000
26.300	85.000
26.310	85.000
26.320	85.000
26.330	85.000
26.340	85.000
26.350	85.000
26.360	85.000
26.370	85.000
26.380	85.000
26.390	85.000
26.400	85.000
26.410	85.000
26.420	85.000
26.430	85.000
26.440	85.000
26.450	85.000
26.460	85.000
26.470	85.000
26.480	85.000
26.490	85.000
26.500	85.000
26.510	85.000
26.520	85.000
26.530	85.000
26.540	85.000
26.550	85.000
26.560	85.000
26.570	85.000
26.580	85.000
26.590	85.000
26.600	85.000
26.610	85.000
26.620	85.000
26.630	85.000
26.640	85.000
26.650	85.000
26.660	85.000
26.670	85.000
26.680	85.000
26.690	85.000
26.700	85.000
26.710	85.000
26.720	85.000
26.730	85.000
26.740	85.000
26.750	85.000
26.760	85.000
26.770	85.000
26.780	85.000
26.790	85.000
26.800	85.000
26.810	85.000
26.820	85.000
26.830	85.000
26.840	85.000
26.850	85.000
26.860	85.000
26.870	85.000
26.880	85.000
26.890	85.000
26.900	85.000
26.910	85.000
26.920	85.000
26.930	85.000
26.940	85.000
26.950	85.000
26.960	85.000
26.970	85.000
26.980	85.000
26.990	85.000
27.000	85.000
27.010	85.000
27.020	85.000
27.030	85.000
27.040	85.000
27.050	85.000
27.060	85.000
27.070	85.000
27.080	85.000
27.090	85.000
27.100	85.000
27.110	85.000
27.120	85.000
27.130	85.000
27.140	85.000
27.150	85.000
27.160	85.000
27.170	85.000
27.180	85.000
27.190	85.000
27.200	85.000
27.210	85.000
27.220	85.000
27.230	85.000
27.240	85.000
27.250	85.000
27.260	85.000
27.270	85.000
27.280	85.000
27.290	85.000
27.300	85.000
27.310	85.000
27.320	85.000
27.330	85.000
27.340	85.000
27.350	85.000
27.360	85.000
27.370	85.000
27.380	85.000
27.390	85.000
27.400	85.000
27.410	85.000
27.420	85.000
27.430	85.000
27.440	85.000
27.450	85.000
27.460	85.000
27.470	85.000
27.480	85.000
27.490	85.000
27.500	85.000
27.510	85.000
27.520	85.000
27.530	85.000
27.540	85.000
27.550	85.000
27.560	85.000
27.570	85.000
27.580	85.000
27.590	85.000
27.600	85.000
27.610	85.000
27.620	85.000
27.630	85.000
27.640	85.000
27.650	85.000
27.660	85.000
27.670	85.000
27.680	85.000
27.690	85.000
27.700	85.000
27.710	85.000
27.720	85.000
27.730	85.000
27.740	85.000
27.750	85.000
27.760	85.000
27.770	85.000
27.780	85.000
27.790	85.000
27.800	85.000
27.810	85.000
27.820	85.000
27.830	85.000
27.840	85.000
27.850	85.000
27.860	85.000
27.870	85.000
27.880	85.000
27.890	85.000
27.900	85.000
27.910	85.000
27.920	85.000
27.930	85.000
27.940	85.000
27.950	85.000
27.960	85.000
27.970	85.000
27.980	85.000
27.990	85.000
28.000	85.000
28.010	85.000
28.020	85.000
28.030	85.000
28.040	85.000
28.050	85.000
28.060	85.000
28.070	85.000
28.080	85.000
28.090	85.000
28.100	85.000
28.110	85.000
28.120	85.000
28.130	85.000
28.140	85.000
28.150	85.000
28.160	85.000
28.170	85.000
28.180	85.000
28.190	85.000
28.200	85.000
28.210	85.000
28.220	85.000
28.230	85.000
28.240	85.000
28.250	85.000
28.260	85.000
28.270	85.000
28.280	85.000
28.290	85.000
28.300	85.000
28.310	85.000
28.320	85.000
28.330	85.000
28.340	85.000
28.350	85.000
28.360	85.000
28.370	85.000
28.380	85.000
28.390	85.000
28.400	85.000
28.410	85.000
28.420	85.000
28.430	85.000
28.440	85.000
28.450	85.000
28.460	85.000
28.470	85.000
28.480	85.000
28.490	85.000
28.500	85.000
28.510	85.000
28.520	85.000
28.530	85.000
28.540	85.000
28.550	85.000
28.560	85.000
28.570	85.000
28.580	85.000
28.590	85.000
28.600	85.000
28.610	85.000
28.620	85.000
28.630	85.000
28.640	85.000
28.650	85.000
28.660	85.000
28.670	85.000
28.680	85.000
28.690	85.000
28.700	85.000
28.710	85.000
28.720	85.000
28.730	85.000
28.740	85.000
28.750	85.000
28.760	85.000
28.770	85.000
28.780	85.000
28.790	85.000
28.800	85.000
28.810	85.000
28.820	85.000
28.830	85.000
28.840	85.000
28.850	85.000
28.860	85.000
28.870	85.000
28.880	85.000
28.890	85.000
28.900	85.000
28.910	85.000
28.920	85.000
28.930	85.000
28.940	85.000
28.950	85.000
28.960	85.000
28.970	85.000
28.980	85.000
28.990	85.000
29.000	85.000
29.010	85.000
29.020	85.000
29.030	85.000
29.040	85.000
29.050	85.000
29.060	85.000
29.070	85.000
29.080	85.000
29.090	85.000
29.100	85.000
29.110	85.000
29.120	85.000
29.130	85.000
29.140	85.000
29.150	85.000
29.160	85.000
29.170	85.000
29.180	85.000
29.190	85.000
29.200	85.000
29.210	85.000
29.220	85.000
29.230	85.000
29.240	85.000
29.250	85.000
29.260	85.000
29.270	85.000
29.280	85.000
29.290	85.000
29.300	85.000
29.310	85.000
29.320	85.000
29.330	85.000
29.340	85.000
29.350	85.000
29.360	85.000
29.370	85.000
29.380	85.000
29.390	85.000
29.400	85.000
29.410	85.000
29.420	85.000
29.430	85.000
29.440	85.000
29.450	85.000
29.460	85.000
29.470	85.000
29.480	85.000
29.490	85.000
29.500	85.000
29.510	85.000
29.520	85.000
29.530	85.000
29.540	85.000
29.550	85.000
29.560	85.000
29.570	85.000
29.580	85.000
29.590	85.000
29.600	85.000
29.610	85.000
29.620	85.000
29.630	85.000
29.640	85.000
29.650	85.000
29.660	85.000
29.670	85.000
29.680	85.000
29.690	85.000
29.700	85.000
29.710	85.000
29.720	85.000
29.730	85.000
29.740	85.000
29.750	85.000
29.760	85.000
29.770	85.000
29.780	85.000
29.790	85.000
29.800	85.000
29.810	85.000
29.820	85.000
29.830	85.000
29.840	85.000
29.850	85.000
29.860	85.000
29.870	85.000
29.880	85.000
29.890	85.000
29.900	85.000
29.910	85.000
29.920	85.000
29.930	85.000
29.940	85.000
29.950	85.000
29.960	85.000
29.970	85.000
29.980	85.000
29.990	85.000
30.000	85.000
