t(c)	alpha(grad)
0.000	0.000
0.010	0.047
0.020	0.092
0.030	0.133
0.040	0.172
0.050	0.209
0.060	0.243
0.070	0.276
0.080	0.306
0.090	0.335
0.100	0.363
0.110	0.389
0.120	0.414
0.130	0.438
0.140	0.461
0.150	0.482
0.160	0.503
0.170	0.522
0.180	0.541
0.190	0.559
0.200	0.577
0.210	0.593
0.220	0.609
0.230	0.624
0.240	0.639
0.250	0.653
0.260	0.667
0.270	0.680
0.280	0.693
0.290	0.705
0.300	0.717
0.310	0.728
0.320	0.739
0.330	0.750
0.340	0.761
0.350	0.771
0.360	0.780
0.370	0.790
0.380	0.799
0.390	0.808
0.400	0.816
0.410	0.824
0.420	0.833
0.430	0.840
0.440	0.848
0.450	0.855
0.460	0.863
0.470	0.870
0.480	0.877
0.490	0.883
0.500	0.890
0.510	0.896
0.520	0.902
0.530	0.908
0.540	0.914
0.550	0.920
0.560	0.925
0.570	0.931
0.580	0.936
0.590	0.941
0.600	0.946
0.610	0.951
0.620	0.956
0.630	0.961
0.640	0.966
0.650	0.970
0.660	0.974
0.670	0.979
0.680	0.983
0.690	0.987
0.700	0.991
0.710	0.995
0.720	0.999
0.730	1.003
0.740	1.007
0.750	1.010
0.760	1.014
0.770	1.017
0.780	1.021
0.790	1.024
0.800	1.028
0.810	1.031
0.820	1.034
0.830	1.037
0.840	1.040
0.850	1.043
0.860	1.046
0.870	1.049
0.880	1.052
0.890	1.055
0.900	1.058
0.910	1.060
0.920	1.063
0.930	1.066
0.940	1.068
0.950	1.071
0.960	1.073
0.970	1.076
0.980	1.078
0.990	1.080
1.000	1.083
1.010	1.085
1.020	1.087
1.030	1.089
1.040	1.091
1.050	1.094
1.060	1.096
1.070	1.098
1.080	1.100
1.090	1.102
1.100	1.104
1.110	1.106
1.120	1.108
1.130	1.110
1.140	1.111
1.150	1.113
1.160	1.115
1.170	1.117
1.180	1.119
1.190	1.120
1.200	1.122
1.210	1.124
1.220	1.125
1.230	1.127
1.240	1.128
1.250	1.130
1.260	1.132
1.270	1.133
1.280	1.135
1.290	1.136
1.300	1.138
1.310	1.139
1.320	1.140
1.330	1.142
1.340	1.143
1.350	1.145
1.360	1.146
1.370	1.147
1.380	1.149
1.390	1.150
1.400	1.151
1.410	1.152
1.420	1.154
1.430	1.155
1.440	1.156
1.450	1.157
1.460	1.159
1.470	1.160
1.480	1.161
1.490	1.162
1.500	1.163
1.510	1.164
1.520	1.165
1.530	1.166
1.540	1.167
1.550	1.169
1.560	1.170
1.570	1.171
1.580	1.172
1.590	1.173
1.600	1.174
1.610	1.175
1.620	1.176
1.630	1.176
1.640	1.177
1.650	1.178
1.660	1.179
1.670	1.180
1.680	1.181
1.690	1.182
1.700	1.183
1.710	1.184
1.720	1.185
1.730	1.185
1.740	1.186
1.750	1.187
1.760	1.188
1.770	1.189
1.780	1.189
1.790	1.190
1.800	1.191
1.810	1.192
1.820	1.193
1.830	1.193
1.840	1.194
1.850	1.195
1.860	1.195
1.870	1.196
1.880	1.197
1.890	1.198
1.900	1.198
1.910	1.199
1.920	1.200
1.930	1.200
1.940	1.201
1.950	1.202
1.960	1.202
1.970	1.203
1.980	1.204
1.990	1.204
2.000	1.205
2.010	1.205
2.020	1.206
2.030	1.207
2.040	1.207
2.050	1.208
2.060	1.208
2.070	1.209
2.080	1.210
2.090	1.210
2.100	1.211
2.110	1.211
2.120	1.212
2.130	1.212
2.140	1.213
2.150	1.213
2.160	1.214
2.170	1.214
2.180	1.215
2.190	1.215
2.200	1.216
2.210	1.216
2.220	1.217
2.230	1.217
2.240	1.218
2.250	1.218
2.260	1.219
2.270	1.219
2.280	1.220
2.290	1.220
2.300	1.220
2.310	1.221
2.320	1.221
2.330	1.222
2.340	1.222
2.350	1.223
2.360	1.223
2.370	1.223
2.380	1.224
2.390	1.224
2.400	1.225
2.410	1.225
2.420	1.225
2.430	1.226
2.440	1.226
2.450	1.227
2.460	1.227
2.470	1.227
2.480	1.228
2.490	1.228
2.500	1.228
2.510	1.229
2.520	1.229
2.530	1.229
2.540	1.230
2.550	1.230
2.560	1.230
2.570	1.231
2.580	1.231
2.590	1.231
2.600	1.232
2.610	1.232
2.620	1.232
2.630	1.233
2.640	1.233
2.650	1.233
2.660	1.234
2.670	1.234
2.680	1.234
2.690	1.235
2.700	1.235
2.710	1.235
2.720	1.235
2.730	1.236
2.740	1.236
2.750	1.236
2.760	1.236
2.770	1.237
2.780	1.237
2.790	1.237
2.800	1.238
2.810	1.238
2.820	1.238
2.830	1.238
2.840	1.239
2.850	1.239
2.860	1.239
2.870	1.239
2.880	1.239
2.890	1.240
2.900	1.240
2.910	1.240
2.920	1.240
2.930	1.241
2.940	1.241
2.950	1.241
2.960	1.241
2.970	1.241
2.980	1.242
2.990	1.242
3.000	1.242
3.010	1.242
3.020	1.242
3.030	1.243
3.040	1.243
3.050	1.243
3.060	1.243
3.070	1.243
3.080	1.244
3.090	1.244
3.100	1.244
3.110	1.244
3.120	1.244
3.130	1.245
3.140	1.245
3.150	1.245
3.160	1.245
3.170	1.245
3.180	1.245
3.190	1.246
3.200	1.246
3.210	1.246
3.220	1.246
3.230	1.246
3.240	1.246
3.250	1.246
3.260	1.247
3.270	1.247
3.280	1.247
3.290	1.247
3.300	1.247
3.310	1.247
3.320	1.247
3.330	1.248
3.340	1.248
3.350	1.248
3.360	1.248
3.370	1.248
3.380	1.248
3.390	1.248
3.400	1.249
3.410	1.249
3.420	1.249
3.430	1.249
3.440	1.249
3.450	1.249
3.460	1.249
3.470	1.249
3.480	1.249
3.490	1.250
3.500	1.250
3.510	1.250
3.520	1.250
3.530	1.250
3.540	1.250
3.550	1.250
3.560	1.250
3.570	1.250
3.580	1.250
3.590	1.251
3.600	1.251
3.610	1.251
3.620	1.251
3.630	1.251
3.640	1.251
3.650	1.251
3.660	1.251
3.670	1.251
3.680	1.251
3.690	1.251
3.700	1.251
3.710	1.252
3.720	1.252
3.730	1.252
3.740	1.252
3.750	1.252
3.760	1.252
3.770	1.252
3.780	1.252
3.790	1.252
3.800	1.252
3.810	1.252
3.820	1.252
3.830	1.252
3.840	1.252
3.850	1.252
3.860	1.253
3.870	1.253
3.880	1.253
3.890	1.253
3.900	1.253
3.910	1.253
3.920	1.253
3.930	1.253
3.940	1.253
3.950	1.253
3.960	1.253
3.970	1.253
3.980	1.253
3.990	1.253
4.000	1.253
4.010	1.253
4.020	1.253
4.030	1.253
4.040	1.253
4.050	1.253
4.060	1.253
4.070	1.253
4.080	1.253
4.090	1.254
4.100	1.254
4.110	1.254
4.120	1.254
4.130	1.254
4.140	1.254
4.150	1.254
4.160	1.254
4.170	1.254
4.180	1.254
4.190	1.254
4.200	1.254
4.210	1.254
4.220	1.254
4.230	1.254
4.240	1.254
4.250	1.254
4.260	1.254
4.270	1.254
4.280	1.254
4.290	1.254
4.300	1.254
4.310	1.254
4.320	1.254
4.330	1.254
4.340	1.254
4.350	1.254
4.360	1.254
4.370	1.254
4.380	1.254
4.390	1.254
4.400	1.254
4.410	1.254
4.420	1.254
4.430	1.254
4.440	1.254
4.450	1.254
4.460	1.254
4.470	1.254
4.480	1.254
4.490	1.254
4.500	1.254
4.510	1.254
4.520	1.254
4.530	1.254
4.540	1.254
4.550	1.254
4.560	1.254
4.570	1.254
4.580	1.254
4.590	1.254
4.600	1.254
4.610	1.254
4.620	1.254
4.630	1.254
4.640	1.254
4.650	1.254
4.660	1.254
4.670	1.254
4.680	1.254
4.690	1.254
4.700	1.254
4.710	1.254
4.720	1.253
4.730	1.253
4.740	1.253
4.750	1.253
4.760	1.253
4.770	1.253
4.780	1.253
4.790	1.253
4.800	1.253
4.810	1.253
4.820	1.253
4.830	1.253
4.840	1.253
4.850	1.253
4.860	1.253
4.870	1.253
4.880	1.253
4.890	1.253
4.900	1.253
4.910	1.253
4.920	1.253
4.930	1.253
4.940	1.253
4.950	1.253
4.960	1.253
4.970	1.253
4.980	1.253
4.990	1.253
5.000	1.252
5.010	1.252
5.020	1.252
5.030	1.252
5.040	1.252
5.050	1.252
5.060	1.252
5.070	1.252
5.080	1.252
5.090	1.252
5.100	1.252
5.110	1.252
5.120	1.252
5.130	1.252
5.140	1.252
5.150	1.252
5.160	1.252
5.170	1.252
5.180	1.252
5.190	1.251
5.200	1.251
5.210	1.251
5.220	1.251
5.230	1.251
5.240	1.251
5.250	1.251
5.260	1.251
5.270	1.251
5.280	1.251
5.290	1.251
5.300	1.251
5.310	1.251
5.320	1.251
5.330	1.251
5.340	1.251
5.350	1.250
5.360	1.250
5.370	1.250
5.380	1.250
5.390	1.250
5.400	1.250
5.410	1.250
5.420	1.250
5.430	1.250
5.440	1.250
5.450	1.250
5.460	1.250
5.470	1.250
5.480	1.250
5.490	1.250
5.500	1.249
5.510	1.249
5.520	1.249
5.530	1.249
5.540	1.249
5.550	1.249
5.560	1.249
5.570	1.249
5.580	1.249
5.590	1.249
5.600	1.249
5.610	1.249
5.620	1.249
5.630	1.248
5.640	1.248
5.650	1.248
5.660	1.248
5.670	1.248
5.680	1.248
5.690	1.248
5.700	1.248
5.710	1.248
5.720	1.248
5.730	1.248
5.740	1.248
5.750	1.247
5.760	1.247
5.770	1.247
5.780	1.247
5.790	1.247
5.800	1.247
5.810	1.247
5.820	1.247
5.830	1.247
5.840	1.247
5.850	1.247
5.860	1.246
5.870	1.246
5.880	1.246
5.890	1.246
5.900	1.246
5.910	1.246
5.920	1.246
5.930	1.246
5.940	1.246
5.950	1.246
5.960	1.246
5.970	1.245
5.980	1.245
5.990	1.245
6.000	1.245
6.010	1.245
6.020	1.245
6.030	1.245
6.040	1.245
6.050	1.245
6.060	1.245
6.070	1.244
6.080	1.244
6.090	1.244
6.100	1.244
6.110	1.244
6.120	1.244
6.130	1.244
6.140	1.244
6.150	1.244
6.160	1.244
6.170	1.243
6.180	1.243
6.190	1.243
6.200	1.243
6.210	1.243
6.220	1.243
6.230	1.243
6.240	1.243
6.250	1.243
6.260	1.242
6.270	1.242
6.280	1.242
6.290	1.242
6.300	1.242
6.310	1.242
6.320	1.242
6.330	1.242
6.340	1.242
6.350	1.242
6.360	1.241
6.370	1.241
6.380	1.241
6.390	1.241
6.400	1.241
6.410	1.241
6.420	1.241
6.430	1.241
6.440	1.241
6.450	1.240
6.460	1.240
6.470	1.240
6.480	1.240
6.490	1.240
6.500	1.240
6.510	1.240
6.520	1.240
6.530	1.239
6.540	1.239
6.550	1.239
6.560	1.239
6.570	1.239
6.580	1.239
6.590	1.239
6.600	1.239
6.610	1.239
6.620	1.238
6.630	1.238
6.640	1.238
6.650	1.238
6.660	1.238
6.670	1.238
6.680	1.238
6.690	1.238
6.700	1.237
6.710	1.237
6.720	1.237
6.730	1.237
6.740	1.237
6.750	1.237
6.760	1.237
6.770	1.237
6.780	1.236
6.790	1.236
6.800	1.236
6.810	1.236
6.820	1.236
6.830	1.236
6.840	1.236
6.850	1.236
6.860	1.235
6.870	1.235
6.880	1.235
6.890	1.235
6.900	1.235
6.910	1.235
6.920	1.235
6.930	1.235
6.940	1.234
6.950	1.234
6.960	1.234
6.970	1.234
6.980	1.234
6.990	1.234
7.000	1.234
7.010	1.234
7.020	1.233
7.030	1.233
7.040	1.233
7.050	1.233
7.060	1.233
7.070	1.233
7.080	1.233
7.090	1.232
7.100	1.232
7.110	1.232
7.120	1.232
7.130	1.232
7.140	1.232
7.150	1.232
7.160	1.232
7.170	1.231
7.180	1.231
7.190	1.231
7.200	1.231
7.210	1.231
7.220	1.231
7.230	1.231
7.240	1.230
7.250	1.230
7.260	1.230
7.270	1.230
7.280	1.230
7.290	1.230
7.300	1.230
7.310	1.229
7.320	1.229
7.330	1.229
7.340	1.229
7.350	1.229
7.360	1.229
7.370	1.229
7.380	1.229
7.390	1.228
7.400	1.228
7.410	1.228
7.420	1.228
7.430	1.228
7.440	1.228
7.450	1.228
7.460	1.227
7.470	1.227
7.480	1.227
7.490	1.227
7.500	1.227
7.510	1.227
7.520	1.227
7.530	1.227
7.540	1.226
7.550	1.226
7.560	1.226
7.570	1.226
7.580	1.226
7.590	1.226
7.600	1.226
7.610	1.225
7.620	1.225
7.630	1.225
7.640	1.225
7.650	1.225
7.660	1.225
7.670	1.225
7.680	1.224
7.690	1.224
7.700	1.224
7.710	1.224
7.720	1.224
7.730	1.224
7.740	1.224
7.750	1.224
7.760	1.223
7.770	1.223
7.780	1.223
7.790	1.223
7.800	1.223
7.810	1.223
7.820	1.223
7.830	1.222
7.840	1.222
7.850	1.222
7.860	1.222
7.870	1.222
7.880	1.222
7.890	1.222
7.900	1.221
7.910	1.221
7.920	1.221
7.930	1.221
7.940	1.221
7.950	1.221
7.960	1.221
7.970	1.221
7.980	1.220
7.990	1.220
8.000	1.220
8.010	1.220
8.020	1.220
8.030	1.220
8.040	1.220
8.050	1.219
8.060	1.219
8.070	1.219
8.080	1.219
8.090	1.219
8.100	1.219
8.110	1.219
8.120	1.218
8.130	1.218
8.140	1.218
8.150	1.218
8.160	1.218
8.170	1.218
8.180	1.218
8.190	1.217
8.200	1.217
8.210	1.217
8.220	1.217
8.230	1.217
8.240	1.217
8.250	1.217
8.260	1.216
8.270	1.216
8.280	1.216
8.290	1.216
8.300	1.216
8.310	1.216
8.320	1.216
8.330	1.215
8.340	1.215
8.350	1.215
8.360	1.215
8.370	1.215
8.380	1.215
8.390	1.214
8.400	1.214
8.410	1.214
8.420	1.214
8.430	1.214
8.440	1.214
8.450	1.213
8.460	1.213
8.470	1.213
8.480	1.213
8.490	1.213
8.500	1.213
8.510	1.212
8.520	1.212
8.530	1.212
8.540	1.212
8.550	1.212
8.560	1.212
8.570	1.211
8.580	1.211
8.590	1.211
8.600	1.211
8.610	1.211
8.620	1.211
8.630	1.210
8.640	1.210
8.650	1.210
8.660	1.210
8.670	1.210
8.680	1.210
8.690	1.209
8.700	1.209
8.710	1.209
8.720	1.209
8.730	1.209
8.740	1.208
8.750	1.208
8.760	1.208
8.770	1.208
8.780	1.208
8.790	1.208
8.800	1.207
8.810	1.207
8.820	1.207
8.830	1.207
8.840	1.207
8.850	1.206
8.860	1.206
8.870	1.206
8.880	1.206
8.890	1.206
8.900	1.206
8.910	1.205
8.920	1.205
8.930	1.205
8.940	1.205
8.950	1.205
8.960	1.204
8.970	1.204
8.980	1.204
8.990	1.204
9.000	1.204
9.010	1.203
9.020	1.203
9.030	1.203
9.040	1.203
9.050	1.203
9.060	1.202
9.070	1.202
9.080	1.202
9.090	1.202
9.100	1.202
9.110	1.201
9.120	1.201
9.130	1.201
9.140	1.201
9.150	1.201
9.160	1.200
9.170	1.200
9.180	1.200
9.190	1.200
9.200	1.200
9.210	1.199
9.220	1.199
9.230	1.199
9.240	1.199
9.250	1.199
9.260	1.198
9.270	1.198
9.280	1.198
9.290	1.198
9.300	1.198
9.310	1.197
9.320	1.197
9.330	1.197
9.340	1.197
9.350	1.197
9.360	1.196
9.370	1.196
9.380	1.196
9.390	1.196
9.400	1.196
9.410	1.195
9.420	1.195
9.430	1.195
9.440	1.195
9.450	1.195
9.460	1.194
9.470	1.194
9.480	1.194
9.490	1.194
9.500	1.194
9.510	1.193
9.520	1.193
9.530	1.193
9.540	1.193
9.550	1.193
9.560	1.192
9.570	1.192
9.580	1.192
9.590	1.192
9.600	1.191
9.610	1.191
9.620	1.191
9.630	1.191
9.640	1.191
9.650	1.190
9.660	1.190
9.670	1.190
9.680	1.190
9.690	1.190
9.700	1.189
9.710	1.189
9.720	1.189
9.730	1.189
9.740	1.189
9.750	1.188
9.760	1.188
9.770	1.188
9.780	1.188
9.790	1.188
9.800	1.187
9.810	1.187
9.820	1.187
9.830	1.187
9.840	1.187
9.850	1.186
9.860	1.186
9.870	1.186
9.880	1.186
9.890	1.186
9.900	1.185
9.910	1.185
9.920	1.185
9.930	1.185
9.940	1.185
9.950	1.184
9.960	1.184
9.970	1.184
9.980	1.184
9.990	1.184
10.000	1.184
10.010	1.183
10.020	1.183
10.030	1.183
10.040	1.183
10.050	1.183
10.060	1.182
10.070	1.182
10.080	1.182
10.090	1.182
10.100	1.182
10.110	1.181
10.120	1.181
10.130	1.181
10.140	1.181
10.150	1.181
10.160	1.181
10.170	1.180
10.180	1.180
10.190	1.180
10.200	1.180
10.210	1.180
10.220	1.179
10.230	1.179
10.240	1.179
10.250	1.179
10.260	1.179
10.270	1.178
10.280	1.178
10.290	1.178
10.300	1.178
10.310	1.178
10.320	1.178
10.330	1.177
10.340	1.177
10.350	1.177
10.360	1.177
10.370	1.177
10.380	1.176
10.390	1.176
10.400	1.176
10.410	1.176
10.420	1.176
10.430	1.175
10.440	1.175
10.450	1.175
10.460	1.175
10.470	1.175
10.480	1.175
10.490	1.174
10.500	1.174
10.510	1.174
10.520	1.174
10.530	1.174
10.540	1.173
10.550	1.173
10.560	1.173
10.570	1.173
10.580	1.173
10.590	1.172
10.600	1.172
10.610	1.172
10.620	1.172
10.630	1.172
10.640	1.171
10.650	1.171
10.660	1.171
10.670	1.171
10.680	1.171
10.690	1.171
10.700	1.170
10.710	1.170
10.720	1.170
10.730	1.170
10.740	1.170
10.750	1.169
10.760	1.169
10.770	1.169
10.780	1.169
10.790	1.169
10.800	1.168
10.810	1.168
10.820	1.168
10.830	1.168
10.840	1.168
10.850	1.167
10.860	1.167
10.870	1.167
10.880	1.167
10.890	1.167
10.900	1.167
10.910	1.166
10.920	1.166
10.930	1.166
10.940	1.166
10.950	1.166
10.960	1.165
10.970	1.165
10.980	1.165
10.990	1.165
11.000	1.165
11.010	1.164
11.020	1.164
11.030	1.164
11.040	1.164
11.050	1.164
11.060	1.163
11.070	1.163
11.080	1.163
11.090	1.163
11.100	1.163
11.110	1.162
11.120	1.162
11.130	1.162
11.140	1.162
11.150	1.162
11.160	1.161
11.170	1.161
11.180	1.161
11.190	1.161
11.200	1.161
11.210	1.160
11.220	1.160
11.230	1.160
11.240	1.160
11.250	1.160
11.260	1.159
11.270	1.159
11.280	1.159
11.290	1.159
11.300	1.159
11.310	1.158
11.320	1.158
11.330	1.158
11.340	1.158
11.350	1.158
11.360	1.158
11.370	1.157
11.380	1.157
11.390	1.157
11.400	1.157
11.410	1.157
11.420	1.156
11.430	1.156
11.440	1.156
11.450	1.156
11.460	1.156
11.470	1.155
11.480	1.155
11.490	1.155
11.500	1.155
11.510	1.155
11.520	1.154
11.530	1.154
11.540	1.154
11.550	1.154
11.560	1.154
11.570	1.153
11.580	1.153
11.590	1.153
11.600	1.153
11.610	1.153
11.620	1.152
11.630	1.152
11.640	1.152
11.650	1.152
11.660	1.152
11.670	1.151
11.680	1.151
11.690	1.151
11.700	1.151
11.710	1.151
11.720	1.150
11.730	1.150
11.740	1.150
11.750	1.150
11.760	1.150
11.770	1.149
11.780	1.149
11.790	1.149
11.800	1.149
11.810	1.149
11.820	1.148
11.830	1.148
11.840	1.148
11.850	1.148
11.860	1.148
11.870	1.147
11.880	1.147
11.890	1.147
11.900	1.147
11.910	1.147
11.920	1.146
11.930	1.146
11.940	1.146
11.950	1.146
11.960	1.146
11.970	1.145
11.980	1.145
11.990	1.145
12.000	1.145
12.010	1.145
12.020	1.144
12.030	1.144
12.040	1.144
12.050	1.144
12.060	1.144
12.070	1.143
12.080	1.143
12.090	1.143
12.100	1.143
12.110	1.142
12.120	1.142
12.130	1.142
12.140	1.142
12.150	1.142
12.160	1.141
12.170	1.141
12.180	1.141
12.190	1.141
12.200	1.141
12.210	1.140
12.220	1.140
12.230	1.140
12.240	1.140
12.250	1.140
12.260	1.139
12.270	1.139
12.280	1.139
12.290	1.139
12.300	1.139
12.310	1.138
12.320	1.138
12.330	1.138
12.340	1.138
12.350	1.138
12.360	1.137
12.370	1.137
12.380	1.137
12.390	1.137
12.400	1.137
12.410	1.136
12.420	1.136
12.430	1.136
12.440	1.136
12.450	1.136
12.460	1.135
12.470	1.135
12.480	1.135
12.490	1.135
12.500	1.135
12.510	1.134
12.520	1.134
12.530	1.134
12.540	1.134
12.550	1.134
12.560	1.133
12.570	1.133
12.580	1.133
12.590	1.133
12.600	1.132
12.610	1.132
12.620	1.132
12.630	1.132
12.640	1.132
12.650	1.131
12.660	1.131
12.670	1.131
12.680	1.131
12.690	1.131
12.700	1.130
12.710	1.130
12.720	1.130
12.730	1.130
12.740	1.130
12.750	1.129
12.760	1.129
12.770	1.129
12.780	1.129
12.790	1.129
12.800	1.128
12.810	1.128
12.820	1.128
12.830	1.128
12.840	1.128
12.850	1.127
12.860	1.127
12.870	1.127
12.880	1.127
12.890	1.127
12.900	1.126
12.910	1.126
12.920	1.126
12.930	1.126
12.940	1.125
12.950	1.125
12.960	1.125
12.970	1.125
12.980	1.125
12.990	1.124
13.000	1.124
13.010	1.124
13.020	1.124
13.030	1.124
13.040	1.123
13.050	1.123
13.060	1.123
13.070	1.123
13.080	1.123
13.090	1.122
13.100	1.122
13.110	1.122
13.120	1.122
13.130	1.122
13.140	1.121
13.150	1.121
13.160	1.121
13.170	1.121
13.180	1.120
13.190	1.120
13.200	1.120
13.210	1.120
13.220	1.120
13.230	1.119
13.240	1.119
13.250	1.119
13.260	1.119
13.270	1.119
13.280	1.118
13.290	1.118
13.300	1.118
13.310	1.118
13.320	1.118
13.330	1.117
13.340	1.117
13.350	1.117
13.360	1.117
13.370	1.117
13.380	1.116
13.390	1.116
13.400	1.116
13.410	1.116
13.420	1.115
13.430	1.115
13.440	1.115
13.450	1.115
13.460	1.115
13.470	1.114
13.480	1.114
13.490	1.114
13.500	1.114
13.510	1.114
13.520	1.113
13.530	1.113
13.540	1.113
13.550	1.113
13.560	1.113
13.570	1.112
13.580	1.112
13.590	1.112
13.600	1.112
13.610	1.111
13.620	1.111
13.630	1.111
13.640	1.111
13.650	1.111
13.660	1.110
13.670	1.110
13.680	1.110
13.690	1.110
13.700	1.110
13.710	1.109
13.720	1.109
13.730	1.109
13.740	1.109
13.750	1.109
13.760	1.108
13.770	1.108
13.780	1.108
13.790	1.108
13.800	1.107
13.810	1.107
13.820	1.107
13.830	1.107
13.840	1.107
13.850	1.106
13.860	1.106
13.870	1.106
13.880	1.106
13.890	1.106
13.900	1.105
13.910	1.105
13.920	1.105
13.930	1.105
13.940	1.105
13.950	1.104
13.960	1.104
13.970	1.104
13.980	1.104
13.990	1.103
14.000	1.103
14.010	1.103
14.020	1.103
14.030	1.103
14.040	1.102
14.050	1.102
14.060	1.102
14.070	1.102
14.080	1.102
14.090	1.101
14.100	1.101
14.110	1.101
14.120	1.101
14.130	1.100
14.140	1.100
14.150	1.100
14.160	1.100
14.170	1.100
14.180	1.099
14.190	1.099
14.200	1.099
14.210	1.099
14.220	1.099
14.230	1.098
14.240	1.098
14.250	1.098
14.260	1.098
14.270	1.098
14.280	1.097
14.290	1.097
14.300	1.097
14.310	1.097
14.320	1.096
14.330	1.096
14.340	1.096
14.350	1.096
14.360	1.096
14.370	1.095
14.380	1.095
14.390	1.095
14.400	1.095
14.410	1.095
14.420	1.094
14.430	1.094
14.440	1.094
14.450	1.094
14.460	1.093
14.470	1.093
14.480	1.093
14.490	1.093
14.500	1.093
14.510	1.092
14.520	1.092
14.530	1.092
14.540	1.092
14.550	1.092
14.560	1.091
14.570	1.091
14.580	1.091
14.590	1.091
14.600	1.090
14.610	1.090
14.620	1.090
14.630	1.090
14.640	1.090
14.650	1.089
14.660	1.089
14.670	1.089
14.680	1.089
14.690	1.089
14.700	1.088
14.710	1.088
14.720	1.088
14.730	1.088
14.740	1.088
14.750	1.087
14.760	1.087
14.770	1.087
14.780	1.087
14.790	1.086
14.800	1.086
14.810	1.086
14.820	1.086
14.830	1.086
14.840	1.085
14.850	1.085
14.860	1.085
14.870	1.085
14.880	1.085
14.890	1.084
14.900	1.084
14.910	1.084
14.920	1.084
14.930	1.083
14.940	1.083
14.950	1.083
14.960	1.083
14.970	1.083
14.980	1.082
14.990	1.082
15.000	1.082
15.010	1.082
15.020	1.082
15.030	1.081
15.040	1.081
15.050	1.081
15.060	1.081
15.070	1.080
15.080	1.080
15.090	1.080
15.100	1.080
15.110	1.080
15.120	1.079
15.130	1.079
15.140	1.079
15.150	1.079
15.160	1.079
15.170	1.078
15.180	1.078
15.190	1.078
15.200	1.078
15.210	1.077
15.220	1.077
15.230	1.077
15.240	1.077
15.250	1.077
15.260	1.076
15.270	1.076
15.280	1.076
15.290	1.076
15.300	1.076
15.310	1.075
15.320	1.075
15.330	1.075
15.340	1.075
15.350	1.074
15.360	1.074
15.370	1.074
15.380	1.074
15.390	1.074
15.400	1.073
15.410	1.073
15.420	1.073
15.430	1.073
15.440	1.073
15.450	1.072
15.460	1.072
15.470	1.072
15.480	1.072
15.490	1.071
15.500	1.071
15.510	1.071
15.520	1.071
15.530	1.071
15.540	1.070
15.550	1.070
15.560	1.070
15.570	1.070
15.580	1.070
15.590	1.069
15.600	1.069
15.610	1.069
15.620	1.069
15.630	1.068
15.640	1.068
15.650	1.068
15.660	1.068
15.670	1.068
15.680	1.067
15.690	1.067
15.700	1.067
15.710	1.067
15.720	1.066
15.730	1.066
15.740	1.066
15.750	1.066
15.760	1.066
15.770	1.065
15.780	1.065
15.790	1.065
15.800	1.065
15.810	1.065
15.820	1.064
15.830	1.064
15.840	1.064
15.850	1.064
15.860	1.063
15.870	1.063
15.880	1.063
15.890	1.063
15.900	1.063
15.910	1.062
15.920	1.062
15.930	1.062
15.940	1.062
15.950	1.062
15.960	1.061
15.970	1.061
15.980	1.061
15.990	1.061
16.000	1.060
16.010	1.060
16.020	1.060
16.030	1.060
16.040	1.060
16.050	1.059
16.060	1.059
16.070	1.059
16.080	1.059
16.090	1.059
16.100	1.058
16.110	1.058
16.120	1.058
16.130	1.058
16.140	1.057
16.150	1.057
16.160	1.057
16.170	1.057
16.180	1.057
16.190	1.056
16.200	1.056
16.210	1.056
16.220	1.056
16.230	1.056
16.240	1.055
16.250	1.055
16.260	1.055
16.270	1.055
16.280	1.054
16.290	1.054
16.300	1.054
16.310	1.054
16.320	1.054
16.330	1.053
16.340	1.053
16.350	1.053
16.360	1.053
16.370	1.052
16.380	1.052
16.390	1.052
16.400	1.052
16.410	1.052
16.420	1.051
16.430	1.051
16.440	1.051
16.450	1.051
16.460	1.051
16.470	1.050
16.480	1.050
16.490	1.050
16.500	1.050
16.510	1.049
16.520	1.049
16.530	1.049
16.540	1.049
16.550	1.049
16.560	1.048
16.570	1.048
16.580	1.048
16.590	1.048
16.600	1.048
16.610	1.047
16.620	1.047
16.630	1.047
16.640	1.047
16.650	1.046
16.660	1.046
16.670	1.046
16.680	1.046
16.690	1.046
16.700	1.045
16.710	1.045
16.720	1.045
16.730	1.045
16.740	1.045
16.750	1.044
16.760	1.044
16.770	1.044
16.780	1.044
16.790	1.043
16.800	1.043
16.810	1.043
16.820	1.043
16.830	1.043
16.840	1.042
16.850	1.042
16.860	1.042
16.870	1.042
16.880	1.041
16.890	1.041
16.900	1.041
16.910	1.041
16.920	1.041
16.930	1.040
16.940	1.040
16.950	1.040
16.960	1.040
16.970	1.040
16.980	1.039
16.990	1.039
17.000	1.039
17.010	1.039
17.020	1.038
17.030	1.038
17.040	1.038
17.050	1.038
17.060	1.038
17.070	1.037
17.080	1.037
17.090	1.037
17.100	1.037
17.110	1.037
17.120	1.036
17.130	1.036
17.140	1.036
17.150	1.036
17.160	1.035
17.170	1.035
17.180	1.035
17.190	1.035
17.200	1.035
17.210	1.034
17.220	1.034
17.230	1.034
17.240	1.034
17.250	1.034
17.260	1.033
17.270	1.033
17.280	1.033
17.290	1.033
17.300	1.032
17.310	1.032
17.320	1.032
17.330	1.032
17.340	1.032
17.350	1.031
17.360	1.031
17.370	1.031
17.380	1.031
17.390	1.030
17.400	1.030
17.410	1.030
17.420	1.030
17.430	1.030
17.440	1.029
17.450	1.029
17.460	1.029
17.470	1.029
17.480	1.029
17.490	1.028
17.500	1.028
17.510	1.028
17.520	1.028
17.530	1.027
17.540	1.027
17.550	1.027
17.560	1.027
17.570	1.027
17.580	1.026
17.590	1.026
17.600	1.026
17.610	1.026
17.620	1.026
17.630	1.025
17.640	1.025
17.650	1.025
17.660	1.025
17.670	1.024
17.680	1.024
17.690	1.024
17.700	1.024
17.710	1.024
17.720	1.023
17.730	1.023
17.740	1.023
17.750	1.023
17.760	1.023
17.770	1.022
17.780	1.022
17.790	1.022
17.800	1.022
17.810	1.021
17.820	1.021
17.830	1.021
17.840	1.021
17.850	1.021
17.860	1.020
17.870	1.020
17.880	1.020
17.890	1.020
17.900	1.020
17.910	1.019
17.920	1.019
17.930	1.019
17.940	1.019
17.950	1.018
17.960	1.018
17.970	1.018
17.980	1.018
17.990	1.018
18.000	1.017
18.010	1.017
18.020	1.017
18.030	1.017
18.040	1.017
18.050	1.016
18.060	1.016
18.070	1.016
18.080	1.016
18.090	1.015
18.100	1.015
18.110	1.015
18.120	1.015
18.130	1.015
18.140	1.014
18.150	1.014
18.160	1.014
18.170	1.014
18.180	1.013
18.190	1.013
18.200	1.013
18.210	1.013
18.220	1.013
18.230	1.012
18.240	1.012
18.250	1.012
18.260	1.012
18.270	1.012
18.280	1.011
18.290	1.011
18.300	1.011
18.310	1.011
18.320	1.010
18.330	1.010
18.340	1.010
18.350	1.010
18.360	1.010
18.370	1.009
18.380	1.009
18.390	1.009
18.400	1.009
18.410	1.009
18.420	1.008
18.430	1.008
18.440	1.008
18.450	1.008
18.460	1.007
18.470	1.007
18.480	1.007
18.490	1.007
18.500	1.007
18.510	1.006
18.520	1.006
18.530	1.006
18.540	1.006
18.550	1.006
18.560	1.005
18.570	1.005
18.580	1.005
18.590	1.005
18.600	1.004
18.610	1.004
18.620	1.004
18.630	1.004
18.640	1.004
18.650	1.003
18.660	1.003
18.670	1.003
18.680	1.003
18.690	1.003
18.700	1.002
18.710	1.002
18.720	1.002
18.730	1.002
18.740	1.001
18.750	1.001
18.760	1.001
18.770	1.001
18.780	1.001
18.790	1.000
18.800	1.000
18.810	1.000
18.820	1.000
18.830	1.000
18.840	0.999
18.850	0.999
18.860	0.999
18.870	0.999
18.880	0.998
18.890	0.998
18.900	0.998
18.910	0.998
18.920	0.998
18.930	0.997
18.940	0.997
18.950	0.997
18.960	0.997
18.970	0.997
18.980	0.996
18.990	0.996
19.000	0.996
19.010	0.996
19.020	0.995
19.030	0.995
19.040	0.995
19.050	0.995
19.060	0.995
19.070	0.994
19.080	0.994
19.090	0.994
19.100	0.994
19.110	0.994
19.120	0.993
19.130	0.993
19.140	0.993
19.150	0.993
19.160	0.993
19.170	0.992
19.180	0.992
19.190	0.992
19.200	0.992
19.210	0.991
19.220	0.991
19.230	0.991
19.240	0.991
19.250	0.991
19.260	0.990
19.270	0.990
19.280	0.990
19.290	0.990
19.300	0.990
19.310	0.989
19.320	0.989
19.330	0.989
19.340	0.989
19.350	0.988
19.360	0.988
19.370	0.988
19.380	0.988
19.390	0.988
19.400	0.987
19.410	0.987
19.420	0.987
19.430	0.987
19.440	0.987
19.450	0.986
19.460	0.986
19.470	0.986
19.480	0.986
19.490	0.985
19.500	0.985
19.510	0.985
19.520	0.985
19.530	0.985
19.540	0.984
19.550	0.984
19.560	0.984
19.570	0.984
19.580	0.984
19.590	0.983
19.600	0.983
19.610	0.983
19.620	0.983
19.630	0.982
19.640	0.982
19.650	0.982
19.660	0.982
19.670	0.982
19.680	0.981
19.690	0.981
19.700	0.981
19.710	0.981
19.720	0.981
19.730	0.980
19.740	0.980
19.750	0.980
19.760	0.980
19.770	0.980
19.780	0.979
19.790	0.979
19.800	0.979
19.810	0.979
19.820	0.978
19.830	0.978
19.840	0.978
19.850	0.978
19.860	0.978
19.870	0.977
19.880	0.977
19.890	0.977
19.900	0.977
19.910	0.977
19.920	0.976
19.930	0.976
19.940	0.976
19.950	0.976
19.960	0.975
19.970	0.975
19.980	0.975
19.990	0.975
20.000	0.975
20.010	0.974
20.020	0.974
20.030	0.974
20.040	0.974
20.050	0.974
20.060	0.973
20.070	0.973
20.080	0.973
20.090	0.973
20.100	0.973
20.110	0.972
20.120	0.972
20.130	0.972
20.140	0.972
20.150	0.971
20.160	0.971
20.170	0.971
20.180	0.971
20.190	0.971
20.200	0.970
20.210	0.970
20.220	0.970
20.230	0.970
20.240	0.970
20.250	0.969
20.260	0.969
20.270	0.969
20.280	0.969
20.290	0.969
20.300	0.968
20.310	0.968
20.320	0.968
20.330	0.968
20.340	0.967
20.350	0.967
20.360	0.967
20.370	0.967
20.380	0.967
20.390	0.966
20.400	0.966
20.410	0.966
20.420	0.966
20.430	0.966
20.440	0.965
20.450	0.965
20.460	0.965
20.470	0.965
20.480	0.965
20.490	0.964
20.500	0.964
20.510	0.964
20.520	0.964
20.530	0.963
20.540	0.963
20.550	0.963
20.560	0.963
20.570	0.963
20.580	0.962
20.590	0.962
20.600	0.962
20.610	0.962
20.620	0.962
20.630	0.961
20.640	0.961
20.650	0.961
20.660	0.961
20.670	0.961
20.680	0.960
20.690	0.960
20.700	0.960
20.710	0.960
20.720	0.959
20.730	0.959
20.740	0.959
20.750	0.959
20.760	0.959
20.770	0.958
20.780	0.958
20.790	0.958
20.800	0.958
20.810	0.958
20.820	0.957
20.830	0.957
20.840	0.957
20.850	0.957
20.860	0.957
20.870	0.956
20.880	0.956
20.890	0.956
20.900	0.956
20.910	0.955
20.920	0.955
20.930	0.955
20.940	0.955
20.950	0.955
20.960	0.954
20.970	0.954
20.980	0.954
20.990	0.954
21.000	0.954
21.010	0.953
21.020	0.953
21.030	0.953
21.040	0.953
21.050	0.953
21.060	0.952
21.070	0.952
21.080	0.952
21.090	0.952
21.100	0.952
21.110	0.951
21.120	0.951
21.130	0.951
21.140	0.951
21.150	0.950
21.160	0.950
21.170	0.950
21.180	0.950
21.190	0.950
21.200	0.949
21.210	0.949
21.220	0.949
21.230	0.949
21.240	0.949
21.250	0.948
21.260	0.948
21.270	0.948
21.280	0.948
21.290	0.948
21.300	0.947
21.310	0.947
21.320	0.947
21.330	0.947
21.340	0.947
21.350	0.946
21.360	0.946
21.370	0.946
21.380	0.946
21.390	0.945
21.400	0.945
21.410	0.945
21.420	0.945
21.430	0.945
21.440	0.944
21.450	0.944
21.460	0.944
21.470	0.944
21.480	0.944
21.490	0.943
21.500	0.943
21.510	0.943
21.520	0.943
21.530	0.943
21.540	0.942
21.550	0.942
21.560	0.942
21.570	0.942
21.580	0.942
21.590	0.941
21.600	0.941
21.610	0.941
21.620	0.941
21.630	0.941
21.640	0.940
21.650	0.940
21.660	0.940
21.670	0.940
21.680	0.939
21.690	0.939
21.700	0.939
21.710	0.939
21.720	0.939
21.730	0.938
21.740	0.938
21.750	0.938
21.760	0.938
21.770	0.938
21.780	0.937
21.790	0.937
21.800	0.937
21.810	0.937
21.820	0.937
21.830	0.936
21.840	0.936
21.850	0.936
21.860	0.936
21.870	0.936
21.880	0.935
21.890	0.935
21.900	0.935
21.910	0.935
21.920	0.935
21.930	0.934
21.940	0.934
21.950	0.934
21.960	0.934
21.970	0.933
21.980	0.933
21.990	0.933
22.000	0.933
22.010	0.933
22.020	0.932
22.030	0.932
22.040	0.932
22.050	0.932
22.060	0.932
22.070	0.931
22.080	0.931
22.090	0.931
22.100	0.931
22.110	0.931
22.120	0.930
22.130	0.930
22.140	0.930
22.150	0.930
22.160	0.930
22.170	0.929
22.180	0.929
22.190	0.929
22.200	0.929
22.210	0.929
22.220	0.928
22.230	0.928
22.240	0.928
22.250	0.928
22.260	0.928
22.270	0.927
22.280	0.927
22.290	0.927
22.300	0.927
22.310	0.926
22.320	0.926
22.330	0.926
22.340	0.926
22.350	0.926
22.360	0.925
22.370	0.925
22.380	0.925
22.390	0.925
22.400	0.925
22.410	0.924
22.420	0.924
22.430	0.924
22.440	0.924
22.450	0.924
22.460	0.923
22.470	0.923
22.480	0.923
22.490	0.923
22.500	0.923
22.510	0.922
22.520	0.922
22.530	0.922
22.540	0.922
22.550	0.922
22.560	0.921
22.570	0.921
22.580	0.921
22.590	0.921
22.600	0.921
22.610	0.920
22.620	0.920
22.630	0.920
22.640	0.920
22.650	0.920
22.660	0.919
22.670	0.919
22.680	0.919
22.690	0.919
22.700	0.919
22.710	0.918
22.720	0.918
22.730	0.918
22.740	0.918
22.750	0.918
22.760	0.917
22.770	0.917
22.780	0.917
22.790	0.917
22.800	0.917
22.810	0.916
22.820	0.916
22.830	0.916
22.840	0.916
22.850	0.915
22.860	0.915
22.870	0.915
22.880	0.915
22.890	0.915
22.900	0.914
22.910	0.914
22.920	0.914
22.930	0.914
22.940	0.914
22.950	0.913
22.960	0.913
22.970	0.913
22.980	0.913
22.990	0.913
23.000	0.912
23.010	0.912
23.020	0.912
23.030	0.912
23.040	0.912
23.050	0.911
23.060	0.911
23.070	0.911
23.080	0.911
23.090	0.911
23.100	0.910
23.110	0.910
23.120	0.910
23.130	0.910
23.140	0.910
23.150	0.909
23.160	0.909
23.170	0.909
23.180	0.909
23.190	0.909
23.200	0.908
23.210	0.908
23.220	0.908
23.230	0.908
23.240	0.908
23.250	0.907
23.260	0.907
23.270	0.907
23.280	0.907
23.290	0.907
23.300	0.906
23.310	0.906
23.320	0.906
23.330	0.906
23.340	0.906
23.350	0.905
23.360	0.905
23.370	0.905
23.380	0.905
23.390	0.905
23.400	0.904
23.410	0.904
23.420	0.904
23.430	0.904
23.440	0.904
23.450	0.903
23.460	0.903
23.470	0.903
23.480	0.903
23.490	0.903
23.500	0.902
23.510	0.902
23.520	0.902
23.530	0.902
23.540	0.902
23.550	0.901
23.560	0.901
23.570	0.901
23.580	0.901
23.590	0.901
23.600	0.900
23.610	0.900
23.620	0.900
23.630	0.900
23.640	0.900
23.650	0.899
23.660	0.899
23.670	0.899
23.680	0.899
23.690	0.899
23.700	0.898
23.710	0.898
23.720	0.898
23.730	0.898
23.740	0.898
23.750	0.897
23.760	0.897
23.770	0.897
23.780	0.897
23.790	0.897
23.800	0.896
23.810	0.896
23.820	0.896
23.830	0.896
23.840	0.896
23.850	0.895
23.860	0.895
23.870	0.895
23.880	0.895
23.890	0.895
23.900	0.894
23.910	0.894
23.920	0.894
23.930	0.894
23.940	0.894
23.950	0.893
23.960	0.893
23.970	0.893
23.980	0.893
23.990	0.893
24.000	0.892
24.010	0.892
24.020	0.892
24.030	0.892
24.040	0.892
24.050	0.891
24.060	0.891
24.070	0.891
24.080	0.891
24.090	0.891
24.100	0.890
24.110	0.890
24.120	0.890
24.130	0.890
24.140	0.890
24.150	0.889
24.160	0.889
24.170	0.889
24.180	0.889
24.190	0.889
24.200	0.888
24.210	0.888
24.220	0.888
24.230	0.888
24.240	0.888
24.250	0.887
24.260	0.887
24.270	0.887
24.280	0.887
24.290	0.887
24.300	0.886
24.310	0.886
24.320	0.886
24.330	0.886
24.340	0.886
24.350	0.885
24.360	0.885
24.370	0.885
24.380	0.885
24.390	0.885
24.400	0.885
24.410	0.884
24.420	0.884
24.430	0.884
24.440	0.884
24.450	0.884
24.460	0.883
24.470	0.883
24.480	0.883
24.490	0.883
24.500	0.883
24.510	0.882
24.520	0.882
24.530	0.882
24.540	0.882
24.550	0.882
24.560	0.881
24.570	0.881
24.580	0.881
24.590	0.881
24.600	0.881
24.610	0.880
24.620	0.880
24.630	0.880
24.640	0.880
24.650	0.880
24.660	0.879
24.670	0.879
24.680	0.879
24.690	0.879
24.700	0.879
24.710	0.878
24.720	0.878
24.730	0.878
24.740	0.878
24.750	0.878
24.760	0.877
24.770	0.877
24.780	0.877
24.790	0.877
24.800	0.877
24.810	0.876
24.820	0.876
24.830	0.876
24.840	0.876
24.850	0.876
24.860	0.876
24.870	0.875
24.880	0.875
24.890	0.875
24.900	0.875
24.910	0.875
24.920	0.874
24.930	0.874
24.940	0.874
24.950	0.874
24.960	0.874
24.970	0.873
24.980	0.873
24.990	0.873
25.000	0.873
25.010	0.873
25.020	0.872
25.030	0.872
25.040	0.872
25.050	0.872
25.060	0.872
25.070	0.871
25.080	0.871
25.090	0.871
25.100	0.871
25.110	0.871
25.120	0.870
25.130	0.870
25.140	0.870
25.150	0.870
25.160	0.870
25.170	0.870
25.180	0.869
25.190	0.869
25.200	0.869
25.210	0.869
25.220	0.869
25.230	0.868
25.240	0.868
25.250	0.868
25.260	0.868
25.270	0.868
25.280	0.867
25.290	0.867
25.300	0.867
25.310	0.867
25.320	0.867
25.330	0.866
25.340	0.866
25.350	0.866
25.360	0.866
25.370	0.866
25.380	0.865
25.390	0.865
25.400	0.865
25.410	0.865
25.420	0.865
25.430	0.865
25.440	0.864
25.450	0.864
25.460	0.864
25.470	0.864
25.480	0.864
25.490	0.863
25.500	0.863
25.510	0.863
25.520	0.863
25.530	0.863
25.540	0.862
25.550	0.862
25.560	0.862
25.570	0.862
25.580	0.862
25.590	0.861
25.600	0.861
25.610	0.861
25.620	0.861
25.630	0.861
25.640	0.860
25.650	0.860
25.660	0.860
25.670	0.860
25.680	0.860
25.690	0.860
25.700	0.859
25.710	0.859
25.720	0.859
25.730	0.859
25.740	0.859
25.750	0.858
25.760	0.858
25.770	0.858
25.780	0.858
25.790	0.858
25.800	0.857
25.810	0.857
25.820	0.857
25.830	0.857
25.840	0.857
25.850	0.857
25.860	0.856
25.870	0.856
25.880	0.856
25.890	0.856
25.900	0.856
25.910	0.855
25.920	0.855
25.930	0.855
25.940	0.855
25.950	0.855
25.960	0.854
25.970	0.854
25.980	0.854
25.990	0.854
26.000	0.854
26.010	0.854
26.020	0.853
26.030	0.853
26.040	0.853
26.050	0.853
26.060	0.853
26.070	0.852
26.080	0.852
26.090	0.852
26.100	0.852
26.110	0.852
26.120	0.851
26.130	0.851
26.140	0.851
26.150	0.851
26.160	0.851
26.170	0.851
26.180	0.850
26.190	0.850
26.200	0.850
26.210	0.850
26.220	0.850
26.230	0.849
26.240	0.849
26.250	0.849
26.260	0.849
26.270	0.849
26.280	0.848
26.290	0.848
26.300	0.848
26.310	0.848
26.320	0.848
26.330	0.848
26.340	0.847
26.350	0.847
26.360	0.847
26.370	0.847
26.380	0.847
26.390	0.846
26.400	0.846
26.410	0.846
26.420	0.846
26.430	0.846
26.440	0.846
26.450	0.845
26.460	0.845
26.470	0.845
26.480	0.845
26.490	0.845
26.500	0.844
26.510	0.844
26.520	0.844
26.530	0.844
26.540	0.844
26.550	0.844
26.560	0.843
26.570	0.843
26.580	0.843
26.590	0.843
26.600	0.843
26.610	0.842
26.620	0.842
26.630	0.842
26.640	0.842
26.650	0.842
26.660	0.841
26.670	0.841
26.680	0.841
26.690	0.841
26.700	0.841
26.710	0.841
26.720	0.840
26.730	0.840
26.740	0.840
26.750	0.840
26.760	0.840
26.770	0.839
26.780	0.839
26.790	0.839
26.800	0.839
26.810	0.839
26.820	0.839
26.830	0.838
26.840	0.838
26.850	0.838
26.860	0.838
26.870	0.838
26.880	0.837
26.890	0.837
26.900	0.837
26.910	0.837
26.920	0.837
26.930	0.837
26.940	0.836
26.950	0.836
26.960	0.836
26.970	0.836
26.980	0.836
26.990	0.835
27.000	0.835
27.010	0.835
27.020	0.835
27.030	0.835
27.040	0.835
27.050	0.834
27.060	0.834
27.070	0.834
27.080	0.834
27.090	0.834
27.100	0.834
27.110	0.833
27.120	0.833
27.130	0.833
27.140	0.833
27.150	0.833
27.160	0.832
27.170	0.832
27.180	0.832
27.190	0.832
27.200	0.832
27.210	0.832
27.220	0.831
27.230	0.831
27.240	0.831
27.250	0.831
27.260	0.831
27.270	0.830
27.280	0.830
27.290	0.830
27.300	0.830
27.310	0.830
27.320	0.830
27.330	0.829
27.340	0.829
27.350	0.829
27.360	0.829
27.370	0.829
27.380	0.828
27.390	0.828
27.400	0.828
27.410	0.828
27.420	0.828
27.430	0.828
27.440	0.827
27.450	0.827
27.460	0.827
27.470	0.827
27.480	0.827
27.490	0.827
27.500	0.826
27.510	0.826
27.520	0.826
27.530	0.826
27.540	0.826
27.550	0.825
27.560	0.825
27.570	0.825
27.580	0.825
27.590	0.825
27.600	0.825
27.610	0.824
27.620	0.824
27.630	0.824
27.640	0.824
27.650	0.824
27.660	0.824
27.670	0.823
27.680	0.823
27.690	0.823
27.700	0.823
27.710	0.823
27.720	0.822
27.730	0.822
27.740	0.822
27.750	0.822
27.760	0.822
27.770	0.822
27.780	0.821
27.790	0.821
27.800	0.821
27.810	0.821
27.820	0.821
27.830	0.821
27.840	0.820
27.850	0.820
27.860	0.820
27.870	0.820
27.880	0.820
27.890	0.819
27.900	0.819
27.910	0.819
27.920	0.819
27.930	0.819
27.940	0.819
27.950	0.818
27.960	0.818
27.970	0.818
27.980	0.818
27.990	0.818
28.000	0.818
28.010	0.817
28.020	0.817
28.030	0.817
28.040	0.817
28.050	0.817
28.060	0.817
28.070	0.816
28.080	0.816
28.090	0.816
28.100	0.816
28.110	0.816
28.120	0.815
28.130	0.815
28.140	0.815
28.150	0.815
28.160	0.815
28.170	0.815
28.180	0.814
28.190	0.814
28.200	0.814
28.210	0.814
28.220	0.814
28.230	0.814
28.240	0.813
28.250	0.813
28.260	0.813
28.270	0.813
28.280	0.813
28.290	0.813
28.300	0.812
28.310	0.812
28.320	0.812
28.330	0.812
28.340	0.812
28.350	0.811
28.360	0.811
28.370	0.811
28.380	0.811
28.390	0.811
28.400	0.811
28.410	0.810
28.420	0.810
28.430	0.810
28.440	0.810
28.450	0.810
28.460	0.810
28.470	0.809
28.480	0.809
28.490	0.809
28.500	0.809
28.510	0.809
28.520	0.809
28.530	0.808
28.540	0.808
28.550	0.808
28.560	0.808
28.570	0.808
28.580	0.808
28.590	0.807
28.600	0.807
28.610	0.807
28.620	0.807
28.630	0.807
28.640	0.806
28.650	0.806
28.660	0.806
28.670	0.806
28.680	0.806
28.690	0.806
28.700	0.805
28.710	0.805
28.720	0.805
28.730	0.805
28.740	0.805
28.750	0.805
28.760	0.804
28.770	0.804
28.780	0.804
28.790	0.804
28.800	0.804
28.810	0.804
28.820	0.803
28.830	0.803
28.840	0.803
28.850	0.803
28.860	0.803
28.870	0.803
28.880	0.802
28.890	0.802
28.900	0.802
28.910	0.802
28.920	0.802
28.930	0.802
28.940	0.801
28.950	0.801
28.960	0.801
28.970	0.801
28.980	0.801
28.990	0.801
29.000	0.800
29.010	0.800
29.020	0.800
29.030	0.800
29.040	0.800
29.050	0.800
29.060	0.799
29.070	0.799
29.080	0.799
29.090	0.799
29.100	0.799
29.110	0.799
29.120	0.798
29.130	0.798
29.140	0.798
29.150	0.798
29.160	0.798
29.170	0.798
29.180	0.797
29.190	0.797
29.200	0.797
29.210	0.797
29.220	0.797
29.230	0.797
29.240	0.796
29.250	0.796
29.260	0.796
29.270	0.796
29.280	0.796
29.290	0.795
29.300	0.795
29.310	0.795
29.320	0.795
29.330	0.795
29.340	0.795
29.350	0.794
29.360	0.794
29.370	0.794
29.380	0.794
29.390	0.794
29.400	0.794
29.410	0.793
29.420	0.793
29.430	0.793
29.440	0.793
29.450	0.793
29.460	0.793
29.470	0.792
29.480	0.792
29.490	0.792
29.500	0.792
29.510	0.792
29.520	0.792
29.530	0.791
29.540	0.791
29.550	0.791
29.560	0.791
29.570	0.791
29.580	0.791
29.590	0.791
29.600	0.790
29.610	0.790
29.620	0.790
29.630	0.790
29.640	0.790
29.650	0.790
29.660	0.789
29.670	0.789
29.680	0.789
29.690	0.789
29.700	0.789
29.710	0.789
29.720	0.788
29.730	0.788
29.740	0.788
29.750	0.788
29.760	0.788
29.770	0.788
29.780	0.787
29.790	0.787
29.800	0.787
29.810	0.787
29.820	0.787
29.830	0.787
29.840	0.786
29.850	0.786
29.860	0.786
29.870	0.786
29.880	0.786
29.890	0.786
29.900	0.785
29.910	0.785
29.920	0.785
29.930	0.785
29.940	0.785
29.950	0.785
29.960	0.784
29.970	0.784
29.980	0.784
29.990	0.784
30.000	0.784
