t(c)	theta_c(grad)
0.000	85.000
0.010	84.952
0.020	84.904
0.030	84.858
0.040	84.813
0.050	84.769
0.060	84.726
0.070	84.684
0.080	84.642
0.090	84.602
0.100	84.562
0.110	84.523
0.120	84.484
0.130	84.446
0.140	84.409
0.150	84.373
0.160	84.337
0.170	84.302
0.180	84.267
0.190	84.233
0.200	84.199
0.210	84.166
0.220	84.133
0.230	84.101
0.240	84.069
0.250	84.038
0.260	84.007
0.270	83.976
0.280	83.946
0.290	83.916
0.300	83.887
0.310	83.858
0.320	83.829
0.330	83.801
0.340	83.773
0.350	83.745
0.360	83.718
0.370	83.691
0.380	83.664
0.390	83.638
0.400	83.611
0.410	83.586
0.420	83.560
0.430	83.534
0.440	83.509
0.450	83.484
0.460	83.460
0.470	83.435
0.480	83.411
0.490	83.387
0.500	83.364
0.510	83.340
0.520	83.317
0.530	83.294
0.540	83.271
0.550	83.248
0.560	83.226
0.570	83.204
0.580	83.181
0.590	83.160
0.600	83.138
0.610	83.116
0.620	83.095
0.630	83.074
0.640	83.053
0.650	83.032
0.660	83.011
0.670	82.991
0.680	82.970
0.690	82.950
0.700	82.930
0.710	82.910
0.720	82.890
0.730	82.871
0.740	82.851
0.750	82.832
0.760	82.813
0.770	82.793
0.780	82.774
0.790	82.756
0.800	82.737
0.810	82.718
0.820	82.700
0.830	82.682
0.840	82.663
0.850	82.645
0.860	82.627
0.870	82.609
0.880	82.592
0.890	82.574
0.900	82.557
0.910	82.539
0.920	82.522
0.930	82.505
0.940	82.487
0.950	82.470
0.960	82.454
0.970	82.437
0.980	82.420
0.990	82.403
1.000	82.387
1.010	82.371
1.020	82.354
1.030	82.338
1.040	82.322
1.050	82.306
1.060	82.290
1.070	82.274
1.080	82.258
1.090	82.242
1.100	82.227
1.110	82.211
1.120	82.196
1.130	82.180
1.140	82.165
1.150	82.150
1.160	82.135
1.170	82.120
1.180	82.105
1.190	82.090
1.200	82.075
1.210	82.060
1.220	82.045
1.230	82.031
1.240	82.016
1.250	82.002
1.260	81.987
1.270	81.973
1.280	81.959
1.290	81.945
1.300	81.930
1.310	81.916
1.320	81.902
1.330	81.888
1.340	81.875
1.350	81.861
1.360	81.847
1.370	81.833
1.380	81.820
1.390	81.806
1.400	81.793
1.410	81.779
1.420	81.766
1.430	81.752
1.440	81.739
1.450	81.726
1.460	81.713
1.470	81.700
1.480	81.686
1.490	81.673
1.500	81.661
1.510	81.648
1.520	81.635
1.530	81.622
1.540	81.609
1.550	81.597
1.560	81.584
1.570	81.571
1.580	81.559
1.590	81.546
1.600	81.534
1.610	81.522
1.620	81.509
1.630	81.497
1.640	81.485
1.650	81.472
1.660	81.460
1.670	81.448
1.680	81.436
1.690	81.424
1.700	81.412
1.710	81.400
1.720	81.388
1.730	81.377
1.740	81.365
1.750	81.353
1.760	81.341
1.770	81.330
1.780	81.318
1.790	81.306
1.800	81.295
1.810	81.283
1.820	81.272
1.830	81.261
1.840	81.249
1.850	81.238
1.860	81.227
1.870	81.215
1.880	81.204
1.890	81.193
1.900	81.182
1.910	81.171
1.920	81.160
1.930	81.149
1.940	81.138
1.950	81.127
1.960	81.116
1.970	81.105
1.980	81.094
1.990	81.083
2.000	81.072
2.010	81.062
2.020	81.051
2.030	81.040
2.040	81.030
2.050	81.019
2.060	81.009
2.070	80.998
2.080	80.988
2.090	80.977
2.100	80.967
2.110	80.956
2.120	80.946
2.130	80.936
2.140	80.925
2.150	80.915
2.160	80.905
2.170	80.895
2.180	80.884
2.190	80.874
2.200	80.864
2.210	80.854
2.220	80.844
2.230	80.834
2.240	80.824
2.250	80.814
2.260	80.804
2.270	80.794
2.280	80.784
2.290	80.774
2.300	80.765
2.310	80.755
2.320	80.745
2.330	80.735
2.340	80.726
2.350	80.716
2.360	80.706
2.370	80.697
2.380	80.687
2.390	80.677
2.400	80.668
2.410	80.658
2.420	80.649
2.430	80.639
2.440	80.630
2.450	80.621
2.460	80.611
2.470	80.602
2.480	80.592
2.490	80.583
2.500	80.574
2.510	80.565
2.520	80.555
2.530	80.546
2.540	80.537
2.550	80.528
2.560	80.519
2.570	80.510
2.580	80.500
2.590	80.491
2.600	80.482
2.610	80.473
2.620	80.464
2.630	80.455
2.640	80.446
2.650	80.438
2.660	80.429
2.670	80.420
2.680	80.411
2.690	80.402
2.700	80.393
2.710	80.384
2.720	80.376
2.730	80.367
2.740	80.358
2.750	80.350
2.760	80.341
2.770	80.332
2.780	80.324
2.790	80.315
2.800	80.306
2.810	80.298
2.820	80.289
2.830	80.281
2.840	80.272
2.850	80.264
2.860	80.255
2.870	80.247
2.880	80.238
2.890	80.230
2.900	80.222
2.910	80.213
2.920	80.205
2.930	80.196
2.940	80.188
2.950	80.180
2.960	80.172
2.970	80.163
2.980	80.155
2.990	80.147
3.000	80.139
3.010	80.131
3.020	80.122
3.030	80.114
3.040	80.106
3.050	80.098
3.060	80.090
3.070	80.082
3.080	80.074
3.090	80.066
3.100	80.058
3.110	80.050
3.120	80.042
3.130	80.034
3.140	80.026
3.150	80.018
3.160	80.010
3.170	80.002
3.180	79.994
3.190	79.986
3.200	79.979
3.210	79.971
3.220	79.963
3.230	79.955
3.240	79.947
3.250	79.940
3.260	79.932
3.270	79.924
3.280	79.917
3.290	79.909
3.300	79.901
3.310	79.893
3.320	79.886
3.330	79.878
3.340	79.871
3.350	79.863
3.360	79.855
3.370	79.848
3.380	79.840
3.390	79.833
3.400	79.825
3.410	79.818
3.420	79.810
3.430	79.803
3.440	79.795
3.450	79.788
3.460	79.781
3.470	79.773
3.480	79.766
3.490	79.758
3.500	79.751
3.510	79.744
3.520	79.736
3.530	79.729
3.540	79.722
3.550	79.714
3.560	79.707
3.570	79.700
3.580	79.693
3.590	79.685
3.600	79.678
3.610	79.671
3.620	79.664
3.630	79.657
3.640	79.650
3.650	79.642
3.660	79.635
3.670	79.628
3.680	79.621
3.690	79.614
3.700	79.607
3.710	79.600
3.720	79.593
3.730	79.586
3.740	79.579
3.750	79.572
3.760	79.565
3.770	79.558
3.780	79.551
3.790	79.544
3.800	79.537
3.810	79.530
3.820	79.523
3.830	79.516
3.840	79.509
3.850	79.502
3.860	79.495
3.870	79.489
3.880	79.482
3.890	79.475
3.900	79.468
3.910	79.461
3.920	79.454
3.930	79.448
3.940	79.441
3.950	79.434
3.960	79.427
3.970	79.421
3.980	79.414
3.990	79.407
4.000	79.401
4.010	79.394
4.020	79.387
4.030	79.381
4.040	79.374
4.050	79.367
4.060	79.361
4.070	79.354
4.080	79.347
4.090	79.341
4.100	79.334
4.110	79.328
4.120	79.321
4.130	79.315
4.140	79.308
4.150	79.302
4.160	79.295
4.170	79.289
4.180	79.282
4.190	79.276
4.200	79.269
4.210	79.263
4.220	79.256
4.230	79.250
4.240	79.243
4.250	79.237
4.260	79.231
4.270	79.224
4.280	79.218
4.290	79.211
4.300	79.205
4.310	79.199
4.320	79.192
4.330	79.186
4.340	79.180
4.350	79.173
4.360	79.167
4.370	79.161
4.380	79.155
4.390	79.148
4.400	79.142
4.410	79.136
4.420	79.130
4.430	79.123
4.440	79.117
4.450	79.111
4.460	79.105
4.470	79.099
4.480	79.092
4.490	79.086
4.500	79.080
4.510	79.074
4.520	79.068
4.530	79.062
4.540	79.056
4.550	79.049
4.560	79.043
4.570	79.037
4.580	79.031
4.590	79.025
4.600	79.019
4.610	79.013
4.620	79.007
4.630	79.001
4.640	78.995
4.650	78.989
4.660	78.983
4.670	78.977
4.680	78.971
4.690	78.965
4.700	78.959
4.710	78.953
4.720	78.947
4.730	78.941
4.740	78.935
4.750	78.929
4.760	78.924
4.770	78.918
4.780	78.912
4.790	78.906
4.800	78.900
4.810	78.894
4.820	78.888
4.830	78.882
4.840	78.877
4.850	78.871
4.860	78.865
4.870	78.859
4.880	78.853
4.890	78.848
4.900	78.842
4.910	78.836
4.920	78.830
4.930	78.824
4.940	78.819
4.950	78.813
4.960	78.807
4.970	78.802
4.980	78.796
4.990	78.790
5.000	78.784
5.010	78.779
5.020	78.773
5.030	78.767
5.040	78.762
5.050	78.756
5.060	78.750
5.070	78.745
5.080	78.739
5.090	78.733
5.100	78.728
5.110	78.722
5.120	78.717
5.130	78.711
5.140	78.705
5.150	78.700
5.160	78.694
5.170	78.689
5.180	78.683
5.190	78.678
5.200	78.672
5.210	78.667
5.220	78.661
5.230	78.656
5.240	78.650
5.250	78.645
5.260	78.639
5.270	78.634
5.280	78.628
5.290	78.623
5.300	78.617
5.310	78.612
5.320	78.606
5.330	78.601
5.340	78.595
5.350	78.590
5.360	78.585
5.370	78.579
5.380	78.574
5.390	78.568
5.400	78.563
5.410	78.558
5.420	78.552
5.430	78.547
5.440	78.541
5.450	78.536
5.460	78.531
5.470	78.525
5.480	78.520
5.490	78.515
5.500	78.509
5.510	78.504
5.520	78.499
5.530	78.494
5.540	78.488
5.550	78.483
5.560	78.478
5.570	78.472
5.580	78.467
5.590	78.462
5.600	78.457
5.610	78.451
5.620	78.446
5.630	78.441
5.640	78.436
5.650	78.431
5.660	78.425
5.670	78.420
5.680	78.415
5.690	78.410
5.700	78.405
5.710	78.399
5.720	78.394
5.730	78.389
5.740	78.384
5.750	78.379
5.760	78.374
5.770	78.368
5.780	78.363
5.790	78.358
5.800	78.353
5.810	78.348
5.820	78.343
5.830	78.338
5.840	78.333
5.850	78.328
5.860	78.323
5.870	78.317
5.880	78.312
5.890	78.307
5.900	78.302
5.910	78.297
5.920	78.292
5.930	78.287
5.940	78.282
5.950	78.277
5.960	78.272
5.970	78.267
5.980	78.262
5.990	78.257
6.000	78.252
6.010	78.247
6.020	78.242
6.030	78.237
6.040	78.232
6.050	78.227
6.060	78.222
6.070	78.217
6.080	78.212
6.090	78.207
6.100	78.202
6.110	78.198
6.120	78.193
6.130	78.188
6.140	78.183
6.150	78.178
6.160	78.173
6.170	78.168
6.180	78.163
6.190	78.158
6.200	78.153
6.210	78.149
6.220	78.144
6.230	78.139
6.240	78.134
6.250	78.129
6.260	78.124
6.270	78.119
6.280	78.115
6.290	78.110
6.300	78.105
6.310	78.100
6.320	78.095
6.330	78.091
6.340	78.086
6.350	78.081
6.360	78.076
6.370	78.071
6.380	78.067
6.390	78.062
6.400	78.057
6.410	78.052
6.420	78.048
6.430	78.043
6.440	78.038
6.450	78.033
6.460	78.029
6.470	78.024
6.480	78.019
6.490	78.014
6.500	78.010
6.510	78.005
6.520	78.000
6.530	77.996
6.540	77.991
6.550	77.986
6.560	77.982
6.570	77.977
6.580	77.972
6.590	77.967
6.600	77.963
6.610	77.958
6.620	77.954
6.630	77.949
6.640	77.944
6.650	77.940
6.660	77.935
6.670	77.930
6.680	77.926
6.690	77.921
6.700	77.916
6.710	77.912
6.720	77.907
6.730	77.903
6.740	77.898
6.750	77.893
6.760	77.889
6.770	77.884
6.780	77.880
6.790	77.875
6.800	77.871
6.810	77.866
6.820	77.861
6.830	77.857
6.840	77.852
6.850	77.848
6.860	77.843
6.870	77.839
6.880	77.834
6.890	77.830
6.900	77.825
6.910	77.821
6.920	77.816
6.930	77.812
6.940	77.807
6.950	77.803
6.960	77.798
6.970	77.794
6.980	77.789
6.990	77.785
7.000	77.780
7.010	77.776
7.020	77.771
7.030	77.767
7.040	77.762
7.050	77.758
7.060	77.754
7.070	77.749
7.080	77.745
7.090	77.740
7.100	77.736
7.110	77.731
7.120	77.727
7.130	77.723
7.140	77.718
7.150	77.714
7.160	77.709
7.170	77.705
7.180	77.701
7.190	77.696
7.200	77.692
7.210	77.687
7.220	77.683
7.230	77.679
7.240	77.674
7.250	77.670
7.260	77.666
7.270	77.661
7.280	77.657
7.290	77.652
7.300	77.648
7.310	77.644
7.320	77.639
7.330	77.635
7.340	77.631
7.350	77.626
7.360	77.622
7.370	77.618
7.380	77.614
7.390	77.609
7.400	77.605
7.410	77.601
7.420	77.596
7.430	77.592
7.440	77.588
7.450	77.583
7.460	77.579
7.470	77.575
7.480	77.571
7.490	77.566
7.500	77.562
7.510	77.558
7.520	77.554
7.530	77.549
7.540	77.545
7.550	77.541
7.560	77.537
7.570	77.532
7.580	77.528
7.590	77.524
7.600	77.520
7.610	77.515
7.620	77.511
7.630	77.507
7.640	77.503
7.650	77.499
7.660	77.494
7.670	77.490
7.680	77.486
7.690	77.482
7.700	77.478
7.710	77.473
7.720	77.469
7.730	77.465
7.740	77.461
7.750	77.457
7.760	77.453
7.770	77.448
7.780	77.444
7.790	77.440
7.800	77.436
7.810	77.432
7.820	77.428
7.830	77.423
7.840	77.419
7.850	77.415
7.860	77.411
7.870	77.407
7.880	77.403
7.890	77.399
7.900	77.395
7.910	77.390
7.920	77.386
7.930	77.382
7.940	77.378
7.950	77.374
7.960	77.370
7.970	77.366
7.980	77.362
7.990	77.358
8.000	77.354
8.010	77.350
8.020	77.345
8.030	77.341
8.040	77.337
8.050	77.333
8.060	77.329
8.070	77.325
8.080	77.321
8.090	77.317
8.100	77.313
8.110	77.309
8.120	77.305
8.130	77.301
8.140	77.297
8.150	77.293
8.160	77.289
8.170	77.285
8.180	77.281
8.190	77.277
8.200	77.273
8.210	77.269
8.220	77.265
8.230	77.261
8.240	77.257
8.250	77.253
8.260	77.249
8.270	77.245
8.280	77.241
8.290	77.237
8.300	77.233
8.310	77.229
8.320	77.225
8.330	77.221
8.340	77.217
8.350	77.213
8.360	77.209
8.370	77.205
8.380	77.201
8.390	77.197
8.400	77.193
8.410	77.189
8.420	77.185
8.430	77.181
8.440	77.177
8.450	77.173
8.460	77.169
8.470	77.165
8.480	77.161
8.490	77.157
8.500	77.154
8.510	77.150
8.520	77.146
8.530	77.142
8.540	77.138
8.550	77.134
8.560	77.130
8.570	77.126
8.580	77.122
8.590	77.118
8.600	77.114
8.610	77.111
8.620	77.107
8.630	77.103
8.640	77.099
8.650	77.095
8.660	77.091
8.670	77.087
8.680	77.083
8.690	77.079
8.700	77.076
8.710	77.072
8.720	77.068
8.730	77.064
8.740	77.060
8.750	77.056
8.760	77.052
8.770	77.049
8.780	77.045
8.790	77.041
8.800	77.037
8.810	77.033
8.820	77.029
8.830	77.026
8.840	77.022
8.850	77.018
8.860	77.014
8.870	77.010
8.880	77.006
8.890	77.003
8.900	76.999
8.910	76.995
8.920	76.991
8.930	76.987
8.940	76.984
8.950	76.980
8.960	76.976
8.970	76.972
8.980	76.968
8.990	76.965
9.000	76.961
9.010	76.957
9.020	76.953
9.030	76.949
9.040	76.946
9.050	76.942
9.060	76.938
9.070	76.934
9.080	76.931
9.090	76.927
9.100	76.923
9.110	76.919
9.120	76.915
9.130	76.912
9.140	76.908
9.150	76.904
9.160	76.900
9.170	76.897
9.180	76.893
9.190	76.889
9.200	76.885
9.210	76.882
9.220	76.878
9.230	76.874
9.240	76.871
9.250	76.867
9.260	76.863
9.270	76.859
9.280	76.856
9.290	76.852
9.300	76.848
9.310	76.845
9.320	76.841
9.330	76.837
9.340	76.833
9.350	76.830
9.360	76.826
9.370	76.822
9.380	76.819
9.390	76.815
9.400	76.811
9.410	76.807
9.420	76.804
9.430	76.800
9.440	76.796
9.450	76.793
9.460	76.789
9.470	76.785
9.480	76.782
9.490	76.778
9.500	76.774
9.510	76.771
9.520	76.767
9.530	76.763
9.540	76.760
9.550	76.756
9.560	76.752
9.570	76.749
9.580	76.745
9.590	76.741
9.600	76.738
9.610	76.734
9.620	76.731
9.630	76.727
9.640	76.723
9.650	76.720
9.660	76.716
9.670	76.712
9.680	76.709
9.690	76.705
9.700	76.701
9.710	76.698
9.720	76.694
9.730	76.691
9.740	76.687
9.750	76.683
9.760	76.680
9.770	76.676
9.780	76.673
9.790	76.669
9.800	76.665
9.810	76.662
9.820	76.658
9.830	76.655
9.840	76.651
9.850	76.647
9.860	76.644
9.870	76.640
9.880	76.637
9.890	76.633
9.900	76.629
9.910	76.626
9.920	76.622
9.930	76.619
9.940	76.615
9.950	76.612
9.960	76.608
9.970	76.604
9.980	76.601
9.990	76.597
10.000	76.594
10.010	76.590
10.020	76.587
10.030	76.583
10.040	76.579
10.050	76.576
10.060	76.572
10.070	76.569
10.080	76.565
10.090	76.562
10.100	76.558
10.110	76.555
10.120	76.551
10.130	76.548
10.140	76.544
10.150	76.541
10.160	76.537
10.170	76.533
10.180	76.530
10.190	76.526
10.200	76.523
10.210	76.519
10.220	76.516
10.230	76.512
10.240	76.509
10.250	76.505
10.260	76.502
10.270	76.498
10.280	76.495
10.290	76.491
10.300	76.488
10.310	76.484
10.320	76.481
10.330	76.477
10.340	76.474
10.350	76.470
10.360	76.467
10.370	76.463
10.380	76.460
10.390	76.456
10.400	76.453
10.410	76.449
10.420	76.446
10.430	76.442
10.440	76.439
10.450	76.435
10.460	76.432
10.470	76.429
10.480	76.425
10.490	76.422
10.500	76.418
10.510	76.415
10.520	76.411
10.530	76.408
10.540	76.404
10.550	76.401
10.560	76.397
10.570	76.394
10.580	76.391
10.590	76.387
10.600	76.384
10.610	76.380
10.620	76.377
10.630	76.373
10.640	76.370
10.650	76.366
10.660	76.363
10.670	76.360
10.680	76.356
10.690	76.353
10.700	76.349
10.710	76.346
10.720	76.342
10.730	76.339
10.740	76.336
10.750	76.332
10.760	76.329
10.770	76.325
10.780	76.322
10.790	76.319
10.800	76.315
10.810	76.312
10.820	76.308
10.830	76.305
10.840	76.302
10.850	76.298
10.860	76.295
10.870	76.291
10.880	76.288
10.890	76.285
10.900	76.281
10.910	76.278
10.920	76.274
10.930	76.271
10.940	76.268
10.950	76.264
10.960	76.261
10.970	76.257
10.980	76.254
10.990	76.251
11.000	76.247
11.010	76.244
11.020	76.241
11.030	76.237
11.040	76.234
11.050	76.231
11.060	76.227
11.070	76.224
11.080	76.220
11.090	76.217
11.100	76.214
11.110	76.210
11.120	76.207
11.130	76.204
11.140	76.200
11.150	76.197
11.160	76.194
11.170	76.190
11.180	76.187
11.190	76.184
11.200	76.180
11.210	76.177
11.220	76.174
11.230	76.170
11.240	76.167
11.250	76.164
11.260	76.160
11.270	76.157
11.280	76.154
11.290	76.150
11.300	76.147
11.310	76.144
11.320	76.140
11.330	76.137
11.340	76.134
11.350	76.130
11.360	76.127
11.370	76.124
11.380	76.121
11.390	76.117
11.400	76.114
11.410	76.111
11.420	76.107
11.430	76.104
11.440	76.101
11.450	76.097
11.460	76.094
11.470	76.091
11.480	76.088
11.490	76.084
11.500	76.081
11.510	76.078
11.520	76.074
11.530	76.071
11.540	76.068
11.550	76.065
11.560	76.061
11.570	76.058
11.580	76.055
11.590	76.052
11.600	76.048
11.610	76.045
11.620	76.042
11.630	76.038
11.640	76.035
11.650	76.032
11.660	76.029
11.670	76.025
11.680	76.022
11.690	76.019
11.700	76.016
11.710	76.012
11.720	76.009
11.730	76.006
11.740	76.003
11.750	75.999
11.760	75.996
11.770	75.993
11.780	75.990
11.790	75.986
11.800	75.983
11.810	75.980
11.820	75.977
11.830	75.973
11.840	75.970
11.850	75.967
11.860	75.964
11.870	75.961
11.880	75.957
11.890	75.954
11.900	75.951
11.910	75.948
11.920	75.944
11.930	75.941
11.940	75.938
11.950	75.935
11.960	75.932
11.970	75.928
11.980	75.925
11.990	75.922
12.000	75.919
12.010	75.916
12.020	75.912
12.030	75.909
12.040	75.906
12.050	75.903
12.060	75.900
12.070	75.896
12.080	75.893
12.090	75.890
12.100	75.887
12.110	75.884
12.120	75.880
12.130	75.877
12.140	75.874
12.150	75.871
12.160	75.868
12.170	75.865
12.180	75.861
12.190	75.858
12.200	75.855
12.210	75.852
12.220	75.849
12.230	75.845
12.240	75.842
12.250	75.839
12.260	75.836
12.270	75.833
12.280	75.830
12.290	75.826
12.300	75.823
12.310	75.820
12.320	75.817
12.330	75.814
12.340	75.811
12.350	75.808
12.360	75.804
12.370	75.801
12.380	75.798
12.390	75.795
12.400	75.792
12.410	75.789
12.420	75.786
12.430	75.782
12.440	75.779
12.450	75.776
12.460	75.773
12.470	75.770
12.480	75.767
12.490	75.764
12.500	75.760
12.510	75.757
12.520	75.754
12.530	75.751
12.540	75.748
12.550	75.745
12.560	75.742
12.570	75.739
12.580	75.735
12.590	75.732
12.600	75.729
12.610	75.726
12.620	75.723
12.630	75.720
12.640	75.717
12.650	75.714
12.660	75.711
12.670	75.707
12.680	75.704
12.690	75.701
12.700	75.698
12.710	75.695
12.720	75.692
12.730	75.689
12.740	75.686
12.750	75.683
12.760	75.680
12.770	75.676
12.780	75.673
12.790	75.670
12.800	75.667
12.810	75.664
12.820	75.661
12.830	75.658
12.840	75.655
12.850	75.652
12.860	75.649
12.870	75.646
12.880	75.642
12.890	75.639
12.900	75.636
12.910	75.633
12.920	75.630
12.930	75.627
12.940	75.624
12.950	75.621
12.960	75.618
12.970	75.615
12.980	75.612
12.990	75.609
13.000	75.606
13.010	75.603
13.020	75.600
13.030	75.596
13.040	75.593
13.050	75.590
13.060	75.587
13.070	75.584
13.080	75.581
13.090	75.578
13.100	75.575
13.110	75.572
13.120	75.569
13.130	75.566
13.140	75.563
13.150	75.560
13.160	75.557
13.170	75.554
13.180	75.551
13.190	75.548
13.200	75.545
13.210	75.542
13.220	75.539
13.230	75.536
13.240	75.533
13.250	75.530
13.260	75.527
13.270	75.524
13.280	75.520
13.290	75.517
13.300	75.514
13.310	75.511
13.320	75.508
13.330	75.505
13.340	75.502
13.350	75.499
13.360	75.496
13.370	75.493
13.380	75.490
13.390	75.487
13.400	75.484
13.410	75.481
13.420	75.478
13.430	75.475
13.440	75.472
13.450	75.469
13.460	75.466
13.470	75.463
13.480	75.460
13.490	75.457
13.500	75.454
13.510	75.451
13.520	75.448
13.530	75.445
13.540	75.442
13.550	75.439
13.560	75.436
13.570	75.433
13.580	75.430
13.590	75.427
13.600	75.424
13.610	75.421
13.620	75.418
13.630	75.415
13.640	75.412
13.650	75.410
13.660	75.407
13.670	75.404
13.680	75.401
13.690	75.398
13.700	75.395
13.710	75.392
13.720	75.389
13.730	75.386
13.740	75.383
13.750	75.380
13.760	75.377
13.770	75.374
13.780	75.371
13.790	75.368
13.800	75.365
13.810	75.362
13.820	75.359
13.830	75.356
13.840	75.353
13.850	75.350
13.860	75.347
13.870	75.344
13.880	75.341
13.890	75.338
13.900	75.336
13.910	75.333
13.920	75.330
13.930	75.327
13.940	75.324
13.950	75.321
13.960	75.318
13.970	75.315
13.980	75.312
13.990	75.309
14.000	75.306
14.010	75.303
14.020	75.300
14.030	75.297
14.040	75.294
14.050	75.291
14.060	75.289
14.070	75.286
14.080	75.283
14.090	75.280
14.100	75.277
14.110	75.274
14.120	75.271
14.130	75.268
14.140	75.265
14.150	75.262
14.160	75.259
14.170	75.256
14.180	75.254
14.190	75.251
14.200	75.248
14.210	75.245
14.220	75.242
14.230	75.239
14.240	75.236
14.250	75.233
14.260	75.230
14.270	75.227
14.280	75.224
14.290	75.222
14.300	75.219
14.310	75.216
14.320	75.213
14.330	75.210
14.340	75.207
14.350	75.204
14.360	75.201
14.370	75.198
14.380	75.196
14.390	75.193
14.400	75.190
14.410	75.187
14.420	75.184
14.430	75.181
14.440	75.178
14.450	75.175
14.460	75.172
14.470	75.170
14.480	75.167
14.490	75.164
14.500	75.161
14.510	75.158
14.520	75.155
14.530	75.152
14.540	75.149
14.550	75.147
14.560	75.144
14.570	75.141
14.580	75.138
14.590	75.135
14.600	75.132
14.610	75.129
14.620	75.127
14.630	75.124
14.640	75.121
14.650	75.118
14.660	75.115
14.670	75.112
14.680	75.109
14.690	75.107
14.700	75.104
14.710	75.101
14.720	75.098
14.730	75.095
14.740	75.092
14.750	75.089
14.760	75.087
14.770	75.084
14.780	75.081
14.790	75.078
14.800	75.075
14.810	75.072
14.820	75.070
14.830	75.067
14.840	75.064
14.850	75.061
14.860	75.058
14.870	75.055
14.880	75.053
14.890	75.050
14.900	75.047
14.910	75.044
14.920	75.041
14.930	75.038
14.940	75.036
14.950	75.033
14.960	75.030
14.970	75.027
14.980	75.024
14.990	75.022
15.000	75.019
15.010	75.016
15.020	75.013
15.030	75.010
15.040	75.007
15.050	75.005
15.060	75.002
15.070	74.999
15.080	74.996
15.090	74.993
15.100	74.991
15.110	74.988
15.120	74.985
15.130	74.982
15.140	74.979
15.150	74.977
15.160	74.974
15.170	74.971
15.180	74.968
15.190	74.965
15.200	74.963
15.210	74.960
15.220	74.957
15.230	74.954
15.240	74.951
15.250	74.949
15.260	74.946
15.270	74.943
15.280	74.940
15.290	74.937
15.300	74.935
15.310	74.932
15.320	74.929
15.330	74.926
15.340	74.924
15.350	74.921
15.360	74.918
15.370	74.915
15.380	74.912
15.390	74.910
15.400	74.907
15.410	74.904
15.420	74.901
15.430	74.899
15.440	74.896
15.450	74.893
15.460	74.890
15.470	74.888
15.480	74.885
15.490	74.882
15.500	74.879
15.510	74.876
15.520	74.874
15.530	74.871
15.540	74.868
15.550	74.865
15.560	74.863
15.570	74.860
15.580	74.857
15.590	74.854
15.600	74.852
15.610	74.849
15.620	74.846
15.630	74.843
15.640	74.841
15.650	74.838
15.660	74.835
15.670	74.832
15.680	74.830
15.690	74.827
15.700	74.824
15.710	74.821
15.720	74.819
15.730	74.816
15.740	74.813
15.750	74.810
15.760	74.808
15.770	74.805
15.780	74.802
15.790	74.800
15.800	74.797
15.810	74.794
15.820	74.791
15.830	74.789
15.840	74.786
15.850	74.783
15.860	74.780
15.870	74.778
15.880	74.775
15.890	74.772
15.900	74.770
15.910	74.767
15.920	74.764
15.930	74.761
15.940	74.759
15.950	74.756
15.960	74.753
15.970	74.751
15.980	74.748
15.990	74.745
16.000	74.742
16.010	74.740
16.020	74.737
16.030	74.734
16.040	74.732
16.050	74.729
16.060	74.726
16.070	74.723
16.080	74.721
16.090	74.718
16.100	74.715
16.110	74.713
16.120	74.710
16.130	74.707
16.140	74.705
16.150	74.702
16.160	74.699
16.170	74.696
16.180	74.694
16.190	74.691
16.200	74.688
16.210	74.686
16.220	74.683
16.230	74.680
16.240	74.678
16.250	74.675
16.260	74.672
16.270	74.670
16.280	74.667
16.290	74.664
16.300	74.661
16.310	74.659
16.320	74.656
16.330	74.653
16.340	74.651
16.350	74.648
16.360	74.645
16.370	74.643
16.380	74.640
16.390	74.637
16.400	74.635
16.410	74.632
16.420	74.629
16.430	74.627
16.440	74.624
16.450	74.621
16.460	74.619
16.470	74.616
16.480	74.613
16.490	74.611
16.500	74.608
16.510	74.605
16.520	74.603
16.530	74.600
16.540	74.597
16.550	74.595
16.560	74.592
16.570	74.589
16.580	74.587
16.590	74.584
16.600	74.582
16.610	74.579
16.620	74.576
16.630	74.574
16.640	74.571
16.650	74.568
16.660	74.566
16.670	74.563
16.680	74.560
16.690	74.558
16.700	74.555
16.710	74.552
16.720	74.550
16.730	74.547
16.740	74.545
16.750	74.542
16.760	74.539
16.770	74.537
16.780	74.534
16.790	74.531
16.800	74.529
16.810	74.526
16.820	74.523
16.830	74.521
16.840	74.518
16.850	74.516
16.860	74.513
16.870	74.510
16.880	74.508
16.890	74.505
16.900	74.502
16.910	74.500
16.920	74.497
16.930	74.495
16.940	74.492
16.950	74.489
16.960	74.487
16.970	74.484
16.980	74.481
16.990	74.479
17.000	74.476
17.010	74.474
17.020	74.471
17.030	74.468
17.040	74.466
17.050	74.463
17.060	74.461
17.070	74.458
17.080	74.455
17.090	74.453
17.100	74.450
17.110	74.448
17.120	74.445
17.130	74.442
17.140	74.440
17.150	74.437
17.160	74.435
17.170	74.432
17.180	74.429
17.190	74.427
17.200	74.424
17.210	74.422
17.220	74.419
17.230	74.416
17.240	74.414
17.250	74.411
17.260	74.409
17.270	74.406
17.280	74.404
17.290	74.401
17.300	74.398
17.310	74.396
17.320	74.393
17.330	74.391
17.340	74.388
17.350	74.385
17.360	74.383
17.370	74.380
17.380	74.378
17.390	74.375
17.400	74.373
17.410	74.370
17.420	74.367
17.430	74.365
17.440	74.362
17.450	74.360
17.460	74.357
17.470	74.355
17.480	74.352
17.490	74.349
17.500	74.347
17.510	74.344
17.520	74.342
17.530	74.339
17.540	74.337
17.550	74.334
17.560	74.331
17.570	74.329
17.580	74.326
17.590	74.324
17.600	74.321
17.610	74.319
17.620	74.316
17.630	74.314
17.640	74.311
17.650	74.308
17.660	74.306
17.670	74.303
17.680	74.301
17.690	74.298
17.700	74.296
17.710	74.293
17.720	74.291
17.730	74.288
17.740	74.286
17.750	74.283
17.760	74.280
17.770	74.278
17.780	74.275
17.790	74.273
17.800	74.270
17.810	74.268
17.820	74.265
17.830	74.263
17.840	74.260
17.850	74.258
17.860	74.255
17.870	74.253
17.880	74.250
17.890	74.248
17.900	74.245
17.910	74.242
17.920	74.240
17.930	74.237
17.940	74.235
17.950	74.232
17.960	74.230
17.970	74.227
17.980	74.225
17.990	74.222
18.000	74.220
18.010	74.217
18.020	74.215
18.030	74.212
18.040	74.210
18.050	74.207
18.060	74.205
18.070	74.202
18.080	74.200
18.090	74.197
18.100	74.195
18.110	74.192
18.120	74.190
18.130	74.187
18.140	74.185
18.150	74.182
18.160	74.180
18.170	74.177
18.180	74.175
18.190	74.172
18.200	74.170
18.210	74.167
18.220	74.165
18.230	74.162
18.240	74.160
18.250	74.157
18.260	74.155
18.270	74.152
18.280	74.150
18.290	74.147
18.300	74.145
18.310	74.142
18.320	74.140
18.330	74.137
18.340	74.135
18.350	74.132
18.360	74.130
18.370	74.127
18.380	74.125
18.390	74.122
18.400	74.120
18.410	74.117
18.420	74.115
18.430	74.112
18.440	74.110
18.450	74.107
18.460	74.105
18.470	74.102
18.480	74.100
18.490	74.097
18.500	74.095
18.510	74.093
18.520	74.090
18.530	74.088
18.540	74.085
18.550	74.083
18.560	74.080
18.570	74.078
18.580	74.075
18.590	74.073
18.600	74.070
18.610	74.068
18.620	74.065
18.630	74.063
18.640	74.060
18.650	74.058
18.660	74.056
18.670	74.053
18.680	74.051
18.690	74.048
18.700	74.046
18.710	74.043
18.720	74.041
18.730	74.038
18.740	74.036
18.750	74.033
18.760	74.031
18.770	74.029
18.780	74.026
18.790	74.024
18.800	74.021
18.810	74.019
18.820	74.016
18.830	74.014
18.840	74.011
18.850	74.009
18.860	74.007
18.870	74.004
18.880	74.002
18.890	73.999
18.900	73.997
18.910	73.994
18.920	73.992
18.930	73.989
18.940	73.987
18.950	73.985
18.960	73.982
18.970	73.980
18.980	73.977
18.990	73.975
19.000	73.972
19.010	73.970
19.020	73.968
19.030	73.965
19.040	73.963
19.050	73.960
19.060	73.958
19.070	73.955
19.080	73.953
19.090	73.951
19.100	73.948
19.110	73.946
19.120	73.943
19.130	73.941
19.140	73.938
19.150	73.936
19.160	73.934
19.170	73.931
19.180	73.929
19.190	73.926
19.200	73.924
19.210	73.922
19.220	73.919
19.230	73.917
19.240	73.914
19.250	73.912
19.260	73.910
19.270	73.907
19.280	73.905
19.290	73.902
19.300	73.900
19.310	73.898
19.320	73.895
19.330	73.893
19.340	73.890
19.350	73.888
19.360	73.886
19.370	73.883
19.380	73.881
19.390	73.878
19.400	73.876
19.410	73.874
19.420	73.871
19.430	73.869
19.440	73.866
19.450	73.864
19.460	73.862
19.470	73.859
19.480	73.857
19.490	73.854
19.500	73.852
19.510	73.850
19.520	73.847
19.530	73.845
19.540	73.843
19.550	73.840
19.560	73.838
19.570	73.835
19.580	73.833
19.590	73.831
19.600	73.828
19.610	73.826
19.620	73.823
19.630	73.821
19.640	73.819
19.650	73.816
19.660	73.814
19.670	73.812
19.680	73.809
19.690	73.807
19.700	73.805
19.710	73.802
19.720	73.800
19.730	73.797
19.740	73.795
19.750	73.793
19.760	73.790
19.770	73.788
19.780	73.786
19.790	73.783
19.800	73.781
19.810	73.778
19.820	73.776
19.830	73.774
19.840	73.771
19.850	73.769
19.860	73.767
19.870	73.764
19.880	73.762
19.890	73.760
19.900	73.757
19.910	73.755
19.920	73.753
19.930	73.750
19.940	73.748
19.950	73.746
19.960	73.743
19.970	73.741
19.980	73.739
19.990	73.736
20.000	73.734
20.010	73.731
20.020	73.729
20.030	73.727
20.040	73.724
20.050	73.722
20.060	73.720
20.070	73.717
20.080	73.715
20.090	73.713
20.100	73.710
20.110	73.708
20.120	73.706
20.130	73.703
20.140	73.701
20.150	73.699
20.160	73.696
20.170	73.694
20.180	73.692
20.190	73.689
20.200	73.687
20.210	73.685
20.220	73.682
20.230	73.680
20.240	73.678
20.250	73.675
20.260	73.673
20.270	73.671
20.280	73.669
20.290	73.666
20.300	73.664
20.310	73.662
20.320	73.659
20.330	73.657
20.340	73.655
20.350	73.652
20.360	73.650
20.370	73.648
20.380	73.645
20.390	73.643
20.400	73.641
20.410	73.638
20.420	73.636
20.430	73.634
20.440	73.632
20.450	73.629
20.460	73.627
20.470	73.625
20.480	73.622
20.490	73.620
20.500	73.618
20.510	73.615
20.520	73.613
20.530	73.611
20.540	73.608
20.550	73.606
20.560	73.604
20.570	73.602
20.580	73.599
20.590	73.597
20.600	73.595
20.610	73.592
20.620	73.590
20.630	73.588
20.640	73.586
20.650	73.583
20.660	73.581
20.670	73.579
20.680	73.576
20.690	73.574
20.700	73.572
20.710	73.570
20.720	73.567
20.730	73.565
20.740	73.563
20.750	73.560
20.760	73.558
20.770	73.556
20.780	73.554
20.790	73.551
20.800	73.549
20.810	73.547
20.820	73.544
20.830	73.542
20.840	73.540
20.850	73.538
20.860	73.535
20.870	73.533
20.880	73.531
20.890	73.529
20.900	73.526
20.910	73.524
20.920	73.522
20.930	73.519
20.940	73.517
20.950	73.515
20.960	73.513
20.970	73.510
20.980	73.508
20.990	73.506
21.000	73.504
21.010	73.501
21.020	73.499
21.030	73.497
21.040	73.495
21.050	73.492
21.060	73.490
21.070	73.488
21.080	73.486
21.090	73.483
21.100	73.481
21.110	73.479
21.120	73.477
21.130	73.474
21.140	73.472
21.150	73.470
21.160	73.468
21.170	73.465
21.180	73.463
21.190	73.461
21.200	73.459
21.210	73.456
21.220	73.454
21.230	73.452
21.240	73.450
21.250	73.447
21.260	73.445
21.270	73.443
21.280	73.441
21.290	73.438
21.300	73.436
21.310	73.434
21.320	73.432
21.330	73.429
21.340	73.427
21.350	73.425
21.360	73.423
21.370	73.421
21.380	73.418
21.390	73.416
21.400	73.414
21.410	73.412
21.420	73.409
21.430	73.407
21.440	73.405
21.450	73.403
21.460	73.400
21.470	73.398
21.480	73.396
21.490	73.394
21.500	73.392
21.510	73.389
21.520	73.387
21.530	73.385
21.540	73.383
21.550	73.381
21.560	73.378
21.570	73.376
21.580	73.374
21.590	73.372
21.600	73.369
21.610	73.367
21.620	73.365
21.630	73.363
21.640	73.361
21.650	73.358
21.660	73.356
21.670	73.354
21.680	73.352
21.690	73.350
21.700	73.347
21.710	73.345
21.720	73.343
21.730	73.341
21.740	73.339
21.750	73.336
21.760	73.334
21.770	73.332
21.780	73.330
21.790	73.328
21.800	73.325
21.810	73.323
21.820	73.321
21.830	73.319
21.840	73.317
21.850	73.314
21.860	73.312
21.870	73.310
21.880	73.308
21.890	73.306
21.900	73.303
21.910	73.301
21.920	73.299
21.930	73.297
21.940	73.295
21.950	73.293
21.960	73.290
21.970	73.288
21.980	73.286
21.990	73.284
22.000	73.282
22.010	73.279
22.020	73.277
22.030	73.275
22.040	73.273
22.050	73.271
22.060	73.269
22.070	73.266
22.080	73.264
22.090	73.262
22.100	73.260
22.110	73.258
22.120	73.255
22.130	73.253
22.140	73.251
22.150	73.249
22.160	73.247
22.170	73.245
22.180	73.242
22.190	73.240
22.200	73.238
22.210	73.236
22.220	73.234
22.230	73.232
22.240	73.229
22.250	73.227
22.260	73.225
22.270	73.223
22.280	73.221
22.290	73.219
22.300	73.217
22.310	73.214
22.320	73.212
22.330	73.210
22.340	73.208
22.350	73.206
22.360	73.204
22.370	73.201
22.380	73.199
22.390	73.197
22.400	73.195
22.410	73.193
22.420	73.191
22.430	73.189
22.440	73.186
22.450	73.184
22.460	73.182
22.470	73.180
22.480	73.178
22.490	73.176
22.500	73.174
22.510	73.171
22.520	73.169
22.530	73.167
22.540	73.165
22.550	73.163
22.560	73.161
22.570	73.159
22.580	73.156
22.590	73.154
22.600	73.152
22.610	73.150
22.620	73.148
22.630	73.146
22.640	73.144
22.650	73.142
22.660	73.139
22.670	73.137
22.680	73.135
22.690	73.133
22.700	73.131
22.710	73.129
22.720	73.127
22.730	73.125
22.740	73.122
22.750	73.120
22.760	73.118
22.770	73.116
22.780	73.114
22.790	73.112
22.800	73.110
22.810	73.108
22.820	73.105
22.830	73.103
22.840	73.101
22.850	73.099
22.860	73.097
22.870	73.095
22.880	73.093
22.890	73.091
22.900	73.089
22.910	73.086
22.920	73.084
22.930	73.082
22.940	73.080
22.950	73.078
22.960	73.076
22.970	73.074
22.980	73.072
22.990	73.070
23.000	73.068
23.010	73.065
23.020	73.063
23.030	73.061
23.040	73.059
23.050	73.057
23.060	73.055
23.070	73.053
23.080	73.051
23.090	73.049
23.100	73.047
23.110	73.044
23.120	73.042
23.130	73.040
23.140	73.038
23.150	73.036
23.160	73.034
23.170	73.032
23.180	73.030
23.190	73.028
23.200	73.026
23.210	73.024
23.220	73.021
23.230	73.019
23.240	73.017
23.250	73.015
23.260	73.013
23.270	73.011
23.280	73.009
23.290	73.007
23.300	73.005
23.310	73.003
23.320	73.001
23.330	72.999
23.340	72.997
23.350	72.994
23.360	72.992
23.370	72.990
23.380	72.988
23.390	72.986
23.400	72.984
23.410	72.982
23.420	72.980
23.430	72.978
23.440	72.976
23.450	72.974
23.460	72.972
23.470	72.970
23.480	72.968
23.490	72.965
23.500	72.963
23.510	72.961
23.520	72.959
23.530	72.957
23.540	72.955
23.550	72.953
23.560	72.951
23.570	72.949
23.580	72.947
23.590	72.945
23.600	72.943
23.610	72.941
23.620	72.939
23.630	72.937
23.640	72.935
23.650	72.933
23.660	72.931
23.670	72.928
23.680	72.926
23.690	72.924
23.700	72.922
23.710	72.920
23.720	72.918
23.730	72.916
23.740	72.914
23.750	72.912
23.760	72.910
23.770	72.908
23.780	72.906
23.790	72.904
23.800	72.902
23.810	72.900
23.820	72.898
23.830	72.896
23.840	72.894
23.850	72.892
23.860	72.890
23.870	72.888
23.880	72.886
23.890	72.884
23.900	72.882
23.910	72.879
23.920	72.877
23.930	72.875
23.940	72.873
23.950	72.871
23.960	72.869
23.970	72.867
23.980	72.865
23.990	72.863
24.000	72.861
24.010	72.859
24.020	72.857
24.030	72.855
24.040	72.853
24.050	72.851
24.060	72.849
24.070	72.847
24.080	72.845
24.090	72.843
24.100	72.841
24.110	72.839
24.120	72.837
24.130	72.835
24.140	72.833
24.150	72.831
24.160	72.829
24.170	72.827
24.180	72.825
24.190	72.823
24.200	72.821
24.210	72.819
24.220	72.817
24.230	72.815
24.240	72.813
24.250	72.811
24.260	72.809
24.270	72.807
24.280	72.805
24.290	72.803
24.300	72.801
24.310	72.799
24.320	72.797
24.330	72.795
24.340	72.793
24.350	72.791
24.360	72.789
24.370	72.787
24.380	72.785
24.390	72.783
24.400	72.781
24.410	72.779
24.420	72.777
24.430	72.775
24.440	72.773
24.450	72.771
24.460	72.769
24.470	72.767
24.480	72.765
24.490	72.763
24.500	72.761
24.510	72.759
24.520	72.757
24.530	72.755
24.540	72.753
24.550	72.751
24.560	72.749
24.570	72.747
24.580	72.745
24.590	72.743
24.600	72.741
24.610	72.739
24.620	72.737
24.630	72.735
24.640	72.733
24.650	72.731
24.660	72.729
24.670	72.727
24.680	72.725
24.690	72.723
24.700	72.721
24.710	72.719
24.720	72.717
24.730	72.715
24.740	72.714
24.750	72.712
24.760	72.710
24.770	72.708
24.780	72.706
24.790	72.704
24.800	72.702
24.810	72.700
24.820	72.698
24.830	72.696
24.840	72.694
24.850	72.692
24.860	72.690
24.870	72.688
24.880	72.686
24.890	72.684
24.900	72.682
24.910	72.680
24.920	72.678
24.930	72.676
24.940	72.674
24.950	72.672
24.960	72.670
24.970	72.668
24.980	72.666
24.990	72.665
25.000	72.663
25.010	72.661
25.020	72.659
25.030	72.657
25.040	72.655
25.050	72.653
25.060	72.651
25.070	72.649
25.080	72.647
25.090	72.645
25.100	72.643
25.110	72.641
25.120	72.639
25.130	72.637
25.140	72.635
25.150	72.633
25.160	72.631
25.170	72.630
25.180	72.628
25.190	72.626
25.200	72.624
25.210	72.622
25.220	72.620
25.230	72.618
25.240	72.616
25.250	72.614
25.260	72.612
25.270	72.610
25.280	72.608
25.290	72.606
25.300	72.604
25.310	72.603
25.320	72.601
25.330	72.599
25.340	72.597
25.350	72.595
25.360	72.593
25.370	72.591
25.380	72.589
25.390	72.587
25.400	72.585
25.410	72.583
25.420	72.581
25.430	72.579
25.440	72.578
25.450	72.576
25.460	72.574
25.470	72.572
25.480	72.570
25.490	72.568
25.500	72.566
25.510	72.564
25.520	72.562
25.530	72.560
25.540	72.558
25.550	72.556
25.560	72.555
25.570	72.553
25.580	72.551
25.590	72.549
25.600	72.547
25.610	72.545
25.620	72.543
25.630	72.541
25.640	72.539
25.650	72.537
25.660	72.536
25.670	72.534
25.680	72.532
25.690	72.530
25.700	72.528
25.710	72.526
25.720	72.524
25.730	72.522
25.740	72.520
25.750	72.518
25.760	72.517
25.770	72.515
25.780	72.513
25.790	72.511
25.800	72.509
25.810	72.507
25.820	72.505
25.830	72.503
25.840	72.501
25.850	72.500
25.860	72.498
25.870	72.496
25.880	72.494
25.890	72.492
25.900	72.490
25.910	72.488
25.920	72.486
25.930	72.484
25.940	72.483
25.950	72.481
25.960	72.479
25.970	72.477
25.980	72.475
25.990	72.473
26.000	72.471
26.010	72.469
26.020	72.468
26.030	72.466
26.040	72.464
26.050	72.462
26.060	72.460
26.070	72.458
26.080	72.456
26.090	72.454
26.100	72.453
26.110	72.451
26.120	72.449
26.130	72.447
26.140	72.445
26.150	72.443
26.160	72.441
26.170	72.440
26.180	72.438
26.190	72.436
26.200	72.434
26.210	72.432
26.220	72.430
26.230	72.428
26.240	72.426
26.250	72.425
26.260	72.423
26.270	72.421
26.280	72.419
26.290	72.417
26.300	72.415
26.310	72.414
26.320	72.412
26.330	72.410
26.340	72.408
26.350	72.406
26.360	72.404
26.370	72.402
26.380	72.401
26.390	72.399
26.400	72.397
26.410	72.395
26.420	72.393
26.430	72.391
26.440	72.389
26.450	72.388
26.460	72.386
26.470	72.384
26.480	72.382
26.490	72.380
26.500	72.378
26.510	72.377
26.520	72.375
26.530	72.373
26.540	72.371
26.550	72.369
26.560	72.367
26.570	72.366
26.580	72.364
26.590	72.362
26.600	72.360
26.610	72.358
26.620	72.356
26.630	72.355
26.640	72.353
26.650	72.351
26.660	72.349
26.670	72.347
26.680	72.345
26.690	72.344
26.700	72.342
26.710	72.340
26.720	72.338
26.730	72.336
26.740	72.334
26.750	72.333
26.760	72.331
26.770	72.329
26.780	72.327
26.790	72.325
26.800	72.324
26.810	72.322
26.820	72.320
26.830	72.318
26.840	72.316
26.850	72.314
26.860	72.313
26.870	72.311
26.880	72.309
26.890	72.307
26.900	72.305
26.910	72.304
26.920	72.302
26.930	72.300
26.940	72.298
26.950	72.296
26.960	72.295
26.970	72.293
26.980	72.291
26.990	72.289
27.000	72.287
27.010	72.286
27.020	72.284
27.030	72.282
27.040	72.280
27.050	72.278
27.060	72.277
27.070	72.275
27.080	72.273
27.090	72.271
27.100	72.269
27.110	72.268
27.120	72.266
27.130	72.264
27.140	72.262
27.150	72.260
27.160	72.259
27.170	72.257
27.180	72.255
27.190	72.253
27.200	72.251
27.210	72.250
27.220	72.248
27.230	72.246
27.240	72.244
27.250	72.242
27.260	72.241
27.270	72.239
27.280	72.237
27.290	72.235
27.300	72.234
27.310	72.232
27.320	72.230
27.330	72.228
27.340	72.226
27.350	72.225
27.360	72.223
27.370	72.221
27.380	72.219
27.390	72.218
27.400	72.216
27.410	72.214
27.420	72.212
27.430	72.210
27.440	72.209
27.450	72.207
27.460	72.205
27.470	72.203
27.480	72.202
27.490	72.200
27.500	72.198
27.510	72.196
27.520	72.195
27.530	72.193
27.540	72.191
27.550	72.189
27.560	72.187
27.570	72.186
27.580	72.184
27.590	72.182
27.600	72.180
27.610	72.179
27.620	72.177
27.630	72.175
27.640	72.173
27.650	72.172
27.660	72.170
27.670	72.168
27.680	72.166
27.690	72.165
27.700	72.163
27.710	72.161
27.720	72.159
27.730	72.158
27.740	72.156
27.750	72.154
27.760	72.152
27.770	72.151
27.780	72.149
27.790	72.147
27.800	72.145
27.810	72.144
27.820	72.142
27.830	72.140
27.840	72.138
27.850	72.137
27.860	72.135
27.870	72.133
27.880	72.131
27.890	72.130
27.900	72.128
27.910	72.126
27.920	72.124
27.930	72.123
27.940	72.121
27.950	72.119
27.960	72.117
27.970	72.116
27.980	72.114
27.990	72.112
28.000	72.111
28.010	72.109
28.020	72.107
28.030	72.105
28.040	72.104
28.050	72.102
28.060	72.100
28.070	72.098
28.080	72.097
28.090	72.095
28.100	72.093
28.110	72.092
28.120	72.090
28.130	72.088
28.140	72.086
28.150	72.085
28.160	72.083
28.170	72.081
28.180	72.079
28.190	72.078
28.200	72.076
28.210	72.074
28.220	72.073
28.230	72.071
28.240	72.069
28.250	72.067
28.260	72.066
28.270	72.064
28.280	72.062
28.290	72.061
28.300	72.059
28.310	72.057
28.320	72.055
28.330	72.054
28.340	72.052
28.350	72.050
28.360	72.049
28.370	72.047
28.380	72.045
28.390	72.044
28.400	72.042
28.410	72.040
28.420	72.038
28.430	72.037
28.440	72.035
28.450	72.033
28.460	72.032
28.470	72.030
28.480	72.028
28.490	72.027
28.500	72.025
28.510	72.023
28.520	72.021
28.530	72.020
28.540	72.018
28.550	72.016
28.560	72.015
28.570	72.013
28.580	72.011
28.590	72.010
28.600	72.008
28.610	72.006
28.620	72.005
28.630	72.003
28.640	72.001
28.650	71.999
28.660	71.998
28.670	71.996
28.680	71.994
28.690	71.993
28.700	71.991
28.710	71.989
28.720	71.988
28.730	71.986
28.740	71.984
28.750	71.983
28.760	71.981
28.770	71.979
28.780	71.978
28.790	71.976
28.800	71.974
28.810	71.973
28.820	71.971
28.830	71.969
28.840	71.968
28.850	71.966
28.860	71.964
28.870	71.963
28.880	71.961
28.890	71.959
28.900	71.958
28.910	71.956
28.920	71.954
28.930	71.953
28.940	71.951
28.950	71.949
28.960	71.948
28.970	71.946
28.980	71.944
28.990	71.943
29.000	71.941
29.010	71.939
29.020	71.938
29.030	71.936
29.040	71.934
29.050	71.933
29.060	71.931
29.070	71.929
29.080	71.928
29.090	71.926
29.100	71.924
29.110	71.923
29.120	71.921
29.130	71.919
29.140	71.918
29.150	71.916
29.160	71.914
29.170	71.913
29.180	71.911
29.190	71.909
29.200	71.908
29.210	71.906
29.220	71.905
29.230	71.903
29.240	71.901
29.250	71.900
29.260	71.898
29.270	71.896
29.280	71.895
29.290	71.893
29.300	71.891
29.310	71.890
29.320	71.888
29.330	71.886
29.340	71.885
29.350	71.883
29.360	71.882
29.370	71.880
29.380	71.878
29.390	71.877
29.400	71.875
29.410	71.873
29.420	71.872
29.430	71.870
29.440	71.868
29.450	71.867
29.460	71.865
29.470	71.864
29.480	71.862
29.490	71.860
29.500	71.859
29.510	71.857
29.520	71.855
29.530	71.854
29.540	71.852
29.550	71.851
29.560	71.849
29.570	71.847
29.580	71.846
29.590	71.844
29.600	71.842
29.610	71.841
29.620	71.839
29.630	71.838
29.640	71.836
29.650	71.834
29.660	71.833
29.670	71.831
29.680	71.830
29.690	71.828
29.700	71.826
29.710	71.825
29.720	71.823
29.730	71.821
29.740	71.820
29.750	71.818
29.760	71.817
29.770	71.815
29.780	71.813
29.790	71.812
29.800	71.810
29.810	71.809
29.820	71.807
29.830	71.805
29.840	71.804
29.850	71.802
29.860	71.801
29.870	71.799
29.880	71.797
29.890	71.796
29.900	71.794
29.910	71.793
29.920	71.791
29.930	71.789
29.940	71.788
29.950	71.786
29.960	71.785
29.970	71.783
29.980	71.781
29.990	71.780
30.000	71.778
