t(c)	V(m/s)
0.000	10.000
0.010	10.349
0.020	10.697
0.030	11.046
0.040	11.395
0.050	11.743
0.060	12.092
0.070	12.441
0.080	12.790
0.090	13.139
0.100	13.489
0.110	13.838
0.120	14.187
0.130	14.537
0.140	14.886
0.150	15.236
0.160	15.585
0.170	15.935
0.180	16.285
0.190	16.634
0.200	16.984
0.210	17.334
0.220	17.684
0.230	18.034
0.240	18.385
0.250	18.735
0.260	19.085
0.270	19.435
0.280	19.786
0.290	20.136
0.300	20.487
0.310	20.838
0.320	21.188
0.330	21.539
0.340	21.890
0.350	22.241
0.360	22.592
0.370	22.943
0.380	23.294
0.390	23.645
0.400	23.996
0.410	24.348
0.420	24.699
0.430	25.050
0.440	25.402
0.450	25.754
0.460	26.105
0.470	26.457
0.480	26.809
0.490	27.160
0.500	27.512
0.510	27.864
0.520	28.216
0.530	28.568
0.540	28.921
0.550	29.273
0.560	29.625
0.570	29.978
0.580	30.330
0.590	30.682
0.600	31.035
0.610	31.388
0.620	31.740
0.630	32.093
0.640	32.446
0.650	32.799
0.660	33.152
0.670	33.505
0.680	33.858
0.690	34.211
0.700	34.564
0.710	34.918
0.720	35.271
0.730	35.624
0.740	35.978
0.750	36.331
0.760	36.685
0.770	37.039
0.780	37.392
0.790	37.746
0.800	38.100
0.810	38.454
0.820	38.808
0.830	39.162
0.840	39.516
0.850	39.870
0.860	40.224
0.870	40.579
0.880	40.933
0.890	41.287
0.900	41.642
0.910	41.996
0.920	42.351
0.930	42.706
0.940	43.060
0.950	43.415
0.960	43.770
0.970	44.125
0.980	44.480
0.990	44.835
1.000	45.190
1.010	45.545
1.020	45.901
1.030	46.256
1.040	46.611
1.050	46.967
1.060	47.322
1.070	47.678
1.080	48.033
1.090	48.389
1.100	48.745
1.110	49.101
1.120	49.456
1.130	49.812
1.140	50.168
1.150	50.524
1.160	50.881
1.170	51.237
1.180	51.593
1.190	51.949
1.200	52.306
1.210	52.662
1.220	53.018
1.230	53.375
1.240	53.732
1.250	54.088
1.260	54.445
1.270	54.802
1.280	55.159
1.290	55.515
1.300	55.872
1.310	56.229
1.320	56.587
1.330	56.944
1.340	57.301
1.350	57.658
1.360	58.015
1.370	58.373
1.380	58.730
1.390	59.088
1.400	59.445
1.410	59.803
1.420	60.161
1.430	60.518
1.440	60.876
1.450	61.234
1.460	61.592
1.470	61.950
1.480	62.308
1.490	62.666
1.500	63.024
1.510	63.382
1.520	63.741
1.530	64.099
1.540	64.457
1.550	64.816
1.560	65.174
1.570	65.533
1.580	65.892
1.590	66.250
1.600	66.609
1.610	66.968
1.620	67.327
1.630	67.685
1.640	68.044
1.650	68.403
1.660	68.763
1.670	69.122
1.680	69.481
1.690	69.840
1.700	70.199
1.710	70.559
1.720	70.918
1.730	71.278
1.740	71.637
1.750	71.997
1.760	72.357
1.770	72.716
1.780	73.076
1.790	73.436
1.800	73.796
1.810	74.156
1.820	74.516
1.830	74.876
1.840	75.236
1.850	75.596
1.860	75.956
1.870	76.317
1.880	76.677
1.890	77.037
1.900	77.398
1.910	77.758
1.920	78.119
1.930	78.480
1.940	78.840
1.950	79.201
1.960	79.562
1.970	79.923
1.980	80.284
1.990	80.644
2.000	81.005
2.010	81.367
2.020	81.728
2.030	82.089
2.040	82.450
2.050	82.811
2.060	83.173
2.070	83.534
2.080	83.896
2.090	84.257
2.100	84.619
2.110	84.980
2.120	85.342
2.130	85.704
2.140	86.065
2.150	86.427
2.160	86.789
2.170	87.151
2.180	87.513
2.190	87.875
2.200	88.237
2.210	88.599
2.220	88.962
2.230	89.324
2.240	89.686
2.250	90.049
2.260	90.411
2.270	90.774
2.280	91.136
2.290	91.499
2.300	91.861
2.310	92.224
2.320	92.587
2.330	92.950
2.340	93.312
2.350	93.675
2.360	94.038
2.370	94.401
2.380	94.764
2.390	95.128
2.400	95.491
2.410	95.854
2.420	96.217
2.430	96.581
2.440	96.944
2.450	97.307
2.460	97.671
2.470	98.034
2.480	98.398
2.490	98.762
2.500	99.125
2.510	99.489
2.520	99.853
2.530	100.217
2.540	100.581
2.550	100.945
2.560	101.309
2.570	101.673
2.580	102.037
2.590	102.401
2.600	102.765
2.610	103.129
2.620	103.494
2.630	103.858
2.640	104.223
2.650	104.587
2.660	104.952
2.670	105.316
2.680	105.681
2.690	106.045
2.700	106.410
2.710	106.775
2.720	107.140
2.730	107.505
2.740	107.869
2.750	108.234
2.760	108.599
2.770	108.965
2.780	109.330
2.790	109.695
2.800	110.060
2.810	110.425
2.820	110.791
2.830	111.156
2.840	111.521
2.850	111.887
2.860	112.252
2.870	112.618
2.880	112.984
2.890	113.349
2.900	113.715
2.910	114.081
2.920	114.447
2.930	114.812
2.940	115.178
2.950	115.544
2.960	115.910
2.970	116.276
2.980	116.642
2.990	117.009
3.000	117.375
3.010	117.741
3.020	118.107
3.030	118.474
3.040	118.840
3.050	119.207
3.060	119.573
3.070	119.940
3.080	120.306
3.090	120.673
3.100	121.039
3.110	121.406
3.120	121.773
3.130	122.140
3.140	122.507
3.150	122.874
3.160	123.241
3.170	123.608
3.180	123.975
3.190	124.342
3.200	124.709
3.210	125.076
3.220	125.443
3.230	125.811
3.240	126.178
3.250	126.545
3.260	126.913
3.270	127.280
3.280	127.648
3.290	128.015
3.300	128.383
3.310	128.751
3.320	129.118
3.330	129.486
3.340	129.854
3.350	130.222
3.360	130.590
3.370	130.957
3.380	131.325
3.390	131.693
3.400	132.062
3.410	132.430
3.420	132.798
3.430	133.166
3.440	133.534
3.450	133.903
3.460	134.271
3.470	134.639
3.480	135.008
3.490	135.376
3.500	135.745
3.510	136.113
3.520	136.482
3.530	136.851
3.540	137.219
3.550	137.588
3.560	137.957
3.570	138.326
3.580	138.695
3.590	139.063
3.600	139.432
3.610	139.801
3.620	140.170
3.630	140.540
3.640	140.909
3.650	141.278
3.660	141.647
3.670	142.016
3.680	142.386
3.690	142.755
3.700	143.124
3.710	143.494
3.720	143.863
3.730	144.233
3.740	144.602
3.750	144.972
3.760	145.342
3.770	145.711
3.780	146.081
3.790	146.451
3.800	146.821
3.810	147.191
3.820	147.561
3.830	147.930
3.840	148.300
3.850	148.671
3.860	149.041
3.870	149.411
3.880	149.781
3.890	150.151
3.900	150.521
3.910	150.892
3.920	151.262
3.930	151.632
3.940	152.003
3.950	152.373
3.960	152.744
3.970	153.114
3.980	153.485
3.990	153.855
4.000	154.226
4.010	154.597
4.020	154.968
4.030	155.338
4.040	155.709
4.050	156.080
4.060	156.451
4.070	156.822
4.080	157.193
4.090	157.564
4.100	157.935
4.110	158.306
4.120	158.677
4.130	159.048
4.140	159.420
4.150	159.791
4.160	160.162
4.170	160.533
4.180	160.905
4.190	161.276
4.200	161.648
4.210	162.019
4.220	162.391
4.230	162.762
4.240	163.134
4.250	163.506
4.260	163.877
4.270	164.249
4.280	164.621
4.290	164.993
4.300	165.365
4.310	165.736
4.320	166.108
4.330	166.480
4.340	166.852
4.350	167.224
4.360	167.597
4.370	167.969
4.380	168.341
4.390	168.713
4.400	169.085
4.410	169.458
4.420	169.830
4.430	170.202
4.440	170.575
4.450	170.947
4.460	171.319
4.470	171.692
4.480	172.065
4.490	172.437
4.500	172.810
4.510	173.182
4.520	173.555
4.530	173.928
4.540	174.301
4.550	174.673
4.560	175.046
4.570	175.419
4.580	175.792
4.590	176.165
4.600	176.538
4.610	176.911
4.620	177.284
4.630	177.657
4.640	178.030
4.650	178.403
4.660	178.777
4.670	179.150
4.680	179.523
4.690	179.897
4.700	180.270
4.710	180.643
4.720	181.017
4.730	181.390
4.740	181.764
4.750	182.137
4.760	182.511
4.770	182.884
4.780	183.258
4.790	183.632
4.800	184.005
4.810	184.379
4.820	184.753
4.830	185.127
4.840	185.501
4.850	185.874
4.860	186.248
4.870	186.622
4.880	186.996
4.890	187.370
4.900	187.744
4.910	188.118
4.920	188.492
4.930	188.866
4.940	189.239
4.950	189.613
4.960	189.987
4.970	190.361
4.980	190.735
4.990	191.108
5.000	191.482
5.010	191.856
5.020	192.230
5.030	192.603
5.040	192.977
5.050	193.351
5.060	193.724
5.070	194.098
5.080	194.471
5.090	194.845
5.100	195.219
5.110	195.592
5.120	195.966
5.130	196.339
5.140	196.713
5.150	197.086
5.160	197.460
5.170	197.833
5.180	198.206
5.190	198.580
5.200	198.953
5.210	199.326
5.220	199.700
5.230	200.073
5.240	200.446
5.250	200.819
5.260	201.193
5.270	201.566
5.280	201.939
5.290	202.312
5.300	202.685
5.310	203.058
5.320	203.431
5.330	203.804
5.340	204.177
5.350	204.550
5.360	204.923
5.370	205.295
5.380	205.668
5.390	206.041
5.400	206.414
5.410	206.786
5.420	207.159
5.430	207.532
5.440	207.904
5.450	208.277
5.460	208.649
5.470	209.022
5.480	209.394
5.490	209.767
5.500	210.139
5.510	210.512
5.520	210.884
5.530	211.256
5.540	211.628
5.550	212.000
5.560	212.373
5.570	212.745
5.580	213.117
5.590	213.489
5.600	213.861
5.610	214.233
5.620	214.604
5.630	214.976
5.640	215.348
5.650	215.720
5.660	216.091
5.670	216.463
5.680	216.835
5.690	217.206
5.700	217.578
5.710	217.949
5.720	218.321
5.730	218.692
5.740	219.063
5.750	219.434
5.760	219.806
5.770	220.177
5.780	220.548
5.790	220.919
5.800	221.290
5.810	221.661
5.820	222.032
5.830	222.403
5.840	222.773
5.850	223.144
5.860	223.515
5.870	223.885
5.880	224.256
5.890	224.626
5.900	224.997
5.910	225.367
5.920	225.737
5.930	226.108
5.940	226.478
5.950	226.848
5.960	227.218
5.970	227.588
5.980	227.958
5.990	228.328
6.000	228.698
6.010	229.067
6.020	229.437
6.030	229.807
6.040	230.176
6.050	230.546
6.060	230.915
6.070	231.284
6.080	231.654
6.090	232.023
6.100	232.392
6.110	232.761
6.120	233.130
6.130	233.499
6.140	233.868
6.150	234.237
6.160	234.605
6.170	234.974
6.180	235.343
6.190	235.711
6.200	236.080
6.210	236.448
6.220	236.816
6.230	237.185
6.240	237.553
6.250	237.921
6.260	238.289
6.270	238.657
6.280	239.024
6.290	239.392
6.300	239.760
6.310	240.128
6.320	240.495
6.330	240.862
6.340	241.230
6.350	241.597
6.360	241.964
6.370	242.331
6.380	242.698
6.390	243.065
6.400	243.432
6.410	243.799
6.420	244.166
6.430	244.532
6.440	244.899
6.450	245.265
6.460	245.632
6.470	245.998
6.480	246.364
6.490	246.730
6.500	247.096
6.510	247.462
6.520	247.828
6.530	248.194
6.540	248.559
6.550	248.925
6.560	249.290
6.570	249.656
6.580	250.021
6.590	250.386
6.600	250.751
6.610	251.116
6.620	251.481
6.630	251.846
6.640	252.211
6.650	252.575
6.660	252.940
6.670	253.304
6.680	253.668
6.690	254.033
6.700	254.397
6.710	254.761
6.720	255.125
6.730	255.489
6.740	255.852
6.750	256.216
6.760	256.579
6.770	256.943
6.780	257.306
6.790	257.669
6.800	258.032
6.810	258.395
6.820	258.758
6.830	259.121
6.840	259.484
6.850	259.846
6.860	260.209
6.870	260.571
6.880	260.933
6.890	261.296
6.900	261.658
6.910	262.020
6.920	262.381
6.930	262.743
6.940	263.105
6.950	263.466
6.960	263.828
6.970	264.189
6.980	264.550
6.990	264.911
7.000	265.272
7.010	265.633
7.020	265.993
7.030	266.354
7.040	266.714
7.050	267.075
7.060	267.435
7.070	267.795
7.080	268.155
7.090	268.515
7.100	268.875
7.110	269.234
7.120	269.594
7.130	269.953
7.140	270.312
7.150	270.671
7.160	271.030
7.170	271.389
7.180	271.747
7.190	272.105
7.200	272.463
7.210	272.821
7.220	273.179
7.230	273.537
7.240	273.894
7.250	274.251
7.260	274.608
7.270	274.965
7.280	275.322
7.290	275.679
7.300	276.035
7.310	276.391
7.320	276.747
7.330	277.103
7.340	277.459
7.350	277.814
7.360	278.169
7.370	278.524
7.380	278.879
7.390	279.234
7.400	279.589
7.410	279.943
7.420	280.297
7.430	280.651
7.440	281.005
7.450	281.359
7.460	281.712
7.470	282.065
7.480	282.418
7.490	282.771
7.500	283.124
7.510	283.476
7.520	283.828
7.530	284.180
7.540	284.532
7.550	284.884
7.560	285.235
7.570	285.587
7.580	285.938
7.590	286.289
7.600	286.639
7.610	286.990
7.620	287.340
7.630	287.690
7.640	288.040
7.650	288.390
7.660	288.739
7.670	289.089
7.680	289.438
7.690	289.787
7.700	290.135
7.710	290.484
7.720	290.832
7.730	291.180
7.740	291.528
7.750	291.875
7.760	292.223
7.770	292.570
7.780	292.917
7.790	293.264
7.800	293.610
7.810	293.957
7.820	294.303
7.830	294.649
7.840	294.994
7.850	295.340
7.860	295.685
7.870	296.030
7.880	296.375
7.890	296.720
7.900	297.064
7.910	297.408
7.920	297.752
7.930	298.096
7.940	298.440
7.950	298.783
7.960	299.126
7.970	299.469
7.980	299.812
7.990	300.154
8.000	300.496
8.010	300.838
8.020	301.180
8.030	301.522
8.040	301.863
8.050	302.204
8.060	302.545
8.070	302.885
8.080	303.226
8.090	303.566
8.100	303.906
8.110	304.246
8.120	304.585
8.130	304.925
8.140	305.264
8.150	305.603
8.160	305.941
8.170	306.280
8.180	306.618
8.190	306.956
8.200	307.294
8.210	307.631
8.220	307.968
8.230	308.306
8.240	308.642
8.250	308.979
8.260	309.315
8.270	309.652
8.280	309.988
8.290	310.323
8.300	310.659
8.310	310.994
8.320	311.329
8.330	311.664
8.340	311.998
8.350	312.333
8.360	312.667
8.370	313.001
8.380	313.334
8.390	313.668
8.400	314.001
8.410	314.334
8.420	314.666
8.430	314.999
8.440	315.331
8.450	315.663
8.460	315.995
8.470	316.326
8.480	316.657
8.490	316.988
8.500	317.319
8.510	317.650
8.520	317.980
8.530	318.310
8.540	318.640
8.550	318.969
8.560	319.299
8.570	319.628
8.580	319.957
8.590	320.285
8.600	320.614
8.610	320.942
8.620	321.270
8.630	321.597
8.640	321.924
8.650	322.252
8.660	322.578
8.670	322.905
8.680	323.231
8.690	323.558
8.700	323.883
8.710	324.209
8.720	324.534
8.730	324.859
8.740	325.184
8.750	325.509
8.760	325.833
8.770	326.157
8.780	326.481
8.790	326.805
8.800	327.128
8.810	327.451
8.820	327.774
8.830	328.097
8.840	328.419
8.850	328.741
8.860	329.063
8.870	329.384
8.880	329.706
8.890	330.027
8.900	330.347
8.910	330.668
8.920	330.988
8.930	331.308
8.940	331.628
8.950	331.947
8.960	332.267
8.970	332.586
8.980	332.904
8.990	333.223
9.000	333.541
9.010	333.859
9.020	334.176
9.030	334.494
9.040	334.811
9.050	335.128
9.060	335.445
9.070	335.762
9.080	336.079
9.090	336.395
9.100	336.712
9.110	337.028
9.120	337.344
9.130	337.660
9.140	337.976
9.150	338.292
9.160	338.608
9.170	338.923
9.180	339.239
9.190	339.554
9.200	339.869
9.210	340.184
9.220	340.499
9.230	340.814
9.240	341.129
9.250	341.443
9.260	341.757
9.270	342.072
9.280	342.386
9.290	342.700
9.300	343.013
9.310	343.327
9.320	343.641
9.330	343.954
9.340	344.267
9.350	344.581
9.360	344.894
9.370	345.206
9.380	345.519
9.390	345.832
9.400	346.144
9.410	346.457
9.420	346.769
9.430	347.081
9.440	347.393
9.450	347.705
9.460	348.016
9.470	348.328
9.480	348.639
9.490	348.950
9.500	349.262
9.510	349.573
9.520	349.883
9.530	350.194
9.540	350.505
9.550	350.815
9.560	351.125
9.570	351.436
9.580	351.746
9.590	352.055
9.600	352.365
9.610	352.675
9.620	352.984
9.630	353.294
9.640	353.603
9.650	353.912
9.660	354.221
9.670	354.530
9.680	354.838
9.690	355.147
9.700	355.455
9.710	355.764
9.720	356.072
9.730	356.380
9.740	356.688
9.750	356.996
9.760	357.304
9.770	357.611
9.780	357.919
9.790	358.226
9.800	358.533
9.810	358.840
9.820	359.147
9.830	359.454
9.840	359.761
9.850	360.067
9.860	360.374
9.870	360.680
9.880	360.986
9.890	361.292
9.900	361.598
9.910	361.904
9.920	362.209
9.930	362.515
9.940	362.820
9.950	363.126
9.960	363.431
9.970	363.736
9.980	364.041
9.990	364.346
10.000	364.650
10.010	364.955
10.020	365.259
10.030	365.563
10.040	365.868
10.050	366.172
10.060	366.476
10.070	366.779
10.080	367.083
10.090	367.387
10.100	367.691
10.110	367.995
10.120	368.298
10.130	368.602
10.140	368.906
10.150	369.209
10.160	369.513
10.170	369.817
10.180	370.120
10.190	370.424
10.200	370.727
10.210	371.030
10.220	371.334
10.230	371.637
10.240	371.941
10.250	372.244
10.260	372.547
10.270	372.850
10.280	373.154
10.290	373.457
10.300	373.760
10.310	374.063
10.320	374.366
10.330	374.669
10.340	374.972
10.350	375.275
10.360	375.578
10.370	375.881
10.380	376.184
10.390	376.487
10.400	376.790
10.410	377.093
10.420	377.396
10.430	377.698
10.440	378.001
10.450	378.304
10.460	378.606
10.470	378.909
10.480	379.212
10.490	379.514
10.500	379.817
10.510	380.120
10.520	380.422
10.530	380.725
10.540	381.027
10.550	381.329
10.560	381.632
10.570	381.934
10.580	382.237
10.590	382.539
10.600	382.841
10.610	383.144
10.620	383.446
10.630	383.748
10.640	384.050
10.650	384.353
10.660	384.655
10.670	384.957
10.680	385.259
10.690	385.561
10.700	385.863
10.710	386.165
10.720	386.467
10.730	386.769
10.740	387.071
10.750	387.373
10.760	387.675
10.770	387.977
10.780	388.279
10.790	388.581
10.800	388.883
10.810	389.185
10.820	389.486
10.830	389.788
10.840	390.090
10.850	390.392
10.860	390.694
10.870	390.995
10.880	391.297
10.890	391.599
10.900	391.900
10.910	392.202
10.920	392.503
10.930	392.805
10.940	393.107
10.950	393.408
10.960	393.710
10.970	394.011
10.980	394.313
10.990	394.614
11.000	394.916
11.010	395.217
11.020	395.519
11.030	395.820
11.040	396.121
11.050	396.423
11.060	396.724
11.070	397.026
11.080	397.327
11.090	397.628
11.100	397.929
11.110	398.231
11.120	398.532
11.130	398.833
11.140	399.134
11.150	399.435
11.160	399.737
11.170	400.038
11.180	400.339
11.190	400.640
11.200	400.941
11.210	401.242
11.220	401.543
11.230	401.843
11.240	402.144
11.250	402.445
11.260	402.746
11.270	403.047
11.280	403.347
11.290	403.648
11.300	403.949
11.310	404.249
11.320	404.550
11.330	404.851
11.340	405.151
11.350	405.452
11.360	405.752
11.370	406.053
11.380	406.353
11.390	406.654
11.400	406.954
11.410	407.254
11.420	407.555
11.430	407.855
11.440	408.155
11.450	408.456
11.460	408.756
11.470	409.056
11.480	409.356
11.490	409.656
11.500	409.956
11.510	410.257
11.520	410.557
11.530	410.857
11.540	411.157
11.550	411.457
11.560	411.757
11.570	412.057
11.580	412.357
11.590	412.656
11.600	412.956
11.610	413.256
11.620	413.556
11.630	413.856
11.640	414.156
11.650	414.455
11.660	414.755
11.670	415.055
11.680	415.355
11.690	415.654
11.700	415.954
11.710	416.253
11.720	416.553
11.730	416.853
11.740	417.152
11.750	417.452
11.760	417.751
11.770	418.051
11.780	418.350
11.790	418.650
11.800	418.949
11.810	419.249
11.820	419.548
11.830	419.847
11.840	420.147
11.850	420.446
11.860	420.745
11.870	421.045
11.880	421.344
11.890	421.643
11.900	421.942
11.910	422.242
11.920	422.541
11.930	422.840
11.940	423.139
11.950	423.438
11.960	423.737
11.970	424.037
11.980	424.336
11.990	424.635
12.000	424.934
12.010	425.233
12.020	425.532
12.030	425.831
12.040	426.130
12.050	426.429
12.060	426.728
12.070	427.027
12.080	427.326
12.090	427.625
12.100	427.923
12.110	428.222
12.120	428.521
12.130	428.820
12.140	429.119
12.150	429.418
12.160	429.716
12.170	430.015
12.180	430.313
12.190	430.612
12.200	430.910
12.210	431.209
12.220	431.507
12.230	431.805
12.240	432.104
12.250	432.402
12.260	432.700
12.270	432.998
12.280	433.296
12.290	433.594
12.300	433.892
12.310	434.190
12.320	434.488
12.330	434.786
12.340	435.084
12.350	435.381
12.360	435.679
12.370	435.977
12.380	436.274
12.390	436.572
12.400	436.869
12.410	437.166
12.420	437.464
12.430	437.761
12.440	438.058
12.450	438.356
12.460	438.653
12.470	438.950
12.480	439.247
12.490	439.544
12.500	439.841
12.510	440.138
12.520	440.435
12.530	440.732
12.540	441.028
12.550	441.325
12.560	441.622
12.570	441.918
12.580	442.215
12.590	442.511
12.600	442.808
12.610	443.104
12.620	443.401
12.630	443.697
12.640	443.993
12.650	444.290
12.660	444.586
12.670	444.882
12.680	445.178
12.690	445.474
12.700	445.770
12.710	446.066
12.720	446.362
12.730	446.658
12.740	446.954
12.750	447.250
12.760	447.546
12.770	447.841
12.780	448.137
12.790	448.433
12.800	448.728
12.810	449.024
12.820	449.319
12.830	449.615
12.840	449.910
12.850	450.205
12.860	450.501
12.870	450.796
12.880	451.091
12.890	451.386
12.900	451.681
12.910	451.977
12.920	452.272
12.930	452.567
12.940	452.862
12.950	453.156
12.960	453.451
12.970	453.746
12.980	454.041
12.990	454.336
13.000	454.630
13.010	454.925
13.020	455.220
13.030	455.514
13.040	455.809
13.050	456.103
13.060	456.398
13.070	456.692
13.080	456.987
13.090	457.281
13.100	457.575
13.110	457.870
13.120	458.164
13.130	458.458
13.140	458.752
13.150	459.046
13.160	459.340
13.170	459.634
13.180	459.928
13.190	460.223
13.200	460.517
13.210	460.811
13.220	461.105
13.230	461.399
13.240	461.693
13.250	461.987
13.260	462.281
13.270	462.575
13.280	462.869
13.290	463.163
13.300	463.456
13.310	463.750
13.320	464.044
13.330	464.338
13.340	464.632
13.350	464.926
13.360	465.220
13.370	465.514
13.380	465.808
13.390	466.102
13.400	466.395
13.410	466.689
13.420	466.983
13.430	467.277
13.440	467.571
13.450	467.865
13.460	468.159
13.470	468.452
13.480	468.746
13.490	469.040
13.500	469.334
13.510	469.628
13.520	469.921
13.530	470.215
13.540	470.509
13.550	470.803
13.560	471.097
13.570	471.390
13.580	471.684
13.590	471.978
13.600	472.272
13.610	472.566
13.620	472.859
13.630	473.153
13.640	473.447
13.650	473.741
13.660	474.034
13.670	474.328
13.680	474.622
13.690	474.916
13.700	475.209
13.710	475.503
13.720	475.797
13.730	476.091
13.740	476.384
13.750	476.678
13.760	476.972
13.770	477.266
13.780	477.559
13.790	477.853
13.800	478.147
13.810	478.441
13.820	478.734
13.830	479.028
13.840	479.322
13.850	479.616
13.860	479.909
13.870	480.203
13.880	480.497
13.890	480.791
13.900	481.085
13.910	481.378
13.920	481.672
13.930	481.966
13.940	482.260
13.950	482.553
13.960	482.847
13.970	483.141
13.980	483.435
13.990	483.729
14.000	484.022
14.010	484.316
14.020	484.610
14.030	484.904
14.040	485.198
14.050	485.492
14.060	485.785
14.070	486.079
14.080	486.373
14.090	486.667
14.100	486.961
14.110	487.255
14.120	487.549
14.130	487.842
14.140	488.136
14.150	488.430
14.160	488.724
14.170	489.018
14.180	489.312
14.190	489.606
14.200	489.900
14.210	490.194
14.220	490.488
14.230	490.782
14.240	491.076
14.250	491.370
14.260	491.664
14.270	491.958
14.280	492.252
14.290	492.546
14.300	492.840
14.310	493.134
14.320	493.428
14.330	493.722
14.340	494.016
14.350	494.310
14.360	494.604
14.370	494.898
14.380	495.193
14.390	495.487
14.400	495.781
14.410	496.075
14.420	496.369
14.430	496.663
14.440	496.958
14.450	497.252
14.460	497.546
14.470	497.840
14.480	498.135
14.490	498.429
14.500	498.723
14.510	499.018
14.520	499.312
14.530	499.606
14.540	499.901
14.550	500.195
14.560	500.489
14.570	500.784
14.580	501.078
14.590	501.373
14.600	501.667
14.610	501.961
14.620	502.256
14.630	502.550
14.640	502.845
14.650	503.140
14.660	503.434
14.670	503.729
14.680	504.023
14.690	504.318
14.700	504.613
14.710	504.907
14.720	505.202
14.730	505.497
14.740	505.791
14.750	506.086
14.760	506.381
14.770	506.675
14.780	506.970
14.790	507.265
14.800	507.560
14.810	507.855
14.820	508.150
14.830	508.445
14.840	508.739
14.850	509.034
14.860	509.329
14.870	509.624
14.880	509.919
14.890	510.214
14.900	510.509
14.910	510.804
14.920	511.100
14.930	511.395
14.940	511.690
14.950	511.985
14.960	512.280
14.970	512.575
14.980	512.871
14.990	513.166
15.000	513.461
15.010	513.756
15.020	514.052
15.030	514.347
15.040	514.643
15.050	514.938
15.060	515.233
15.070	515.529
15.080	515.824
15.090	516.120
15.100	516.415
15.110	516.711
15.120	517.007
15.130	517.302
15.140	517.598
15.150	517.894
15.160	518.189
15.170	518.485
15.180	518.781
15.190	519.077
15.200	519.373
15.210	519.668
15.220	519.964
15.230	520.260
15.240	520.556
15.250	520.852
15.260	521.148
15.270	521.444
15.280	521.740
15.290	522.036
15.300	522.333
15.310	522.629
15.320	522.925
15.330	523.221
15.340	523.517
15.350	523.814
15.360	524.110
15.370	524.406
15.380	524.703
15.390	524.999
15.400	525.296
15.410	525.592
15.420	525.889
15.430	526.185
15.440	526.482
15.450	526.778
15.460	527.075
15.470	527.372
15.480	527.669
15.490	527.965
15.500	528.262
15.510	528.559
15.520	528.856
15.530	529.153
15.540	529.450
15.550	529.747
15.560	530.044
15.570	530.341
15.580	530.638
15.590	530.935
15.600	531.232
15.610	531.530
15.620	531.827
15.630	532.124
15.640	532.421
15.650	532.719
15.660	533.016
15.670	533.314
15.680	533.611
15.690	533.909
15.700	534.206
15.710	534.504
15.720	534.802
15.730	535.099
15.740	535.397
15.750	535.695
15.760	535.993
15.770	536.290
15.780	536.588
15.790	536.886
15.800	537.184
15.810	537.482
15.820	537.780
15.830	538.078
15.840	538.377
15.850	538.675
15.860	538.973
15.870	539.271
15.880	539.570
15.890	539.868
15.900	540.166
15.910	540.465
15.920	540.763
15.930	541.062
15.940	541.361
15.950	541.659
15.960	541.958
15.970	542.257
15.980	542.556
15.990	542.854
16.000	543.153
16.010	543.452
16.020	543.751
16.030	544.050
16.040	544.349
16.050	544.648
16.060	544.948
16.070	545.247
16.080	545.546
16.090	545.845
16.100	546.145
16.110	546.444
16.120	546.744
16.130	547.043
16.140	547.343
16.150	547.642
16.160	547.942
16.170	548.242
16.180	548.541
16.190	548.841
16.200	549.141
16.210	549.441
16.220	549.741
16.230	550.041
16.240	550.341
16.250	550.641
16.260	550.941
16.270	551.242
16.280	551.542
16.290	551.842
16.300	552.143
16.310	552.443
16.320	552.744
16.330	553.044
16.340	553.345
16.350	553.645
16.360	553.946
16.370	554.247
16.380	554.548
16.390	554.849
16.400	555.150
16.410	555.451
16.420	555.752
16.430	556.053
16.440	556.354
16.450	556.655
16.460	556.956
16.470	557.258
16.480	557.559
16.490	557.861
16.500	558.162
16.510	558.464
16.520	558.765
16.530	559.067
16.540	559.369
16.550	559.671
16.560	559.973
16.570	560.274
16.580	560.576
16.590	560.879
16.600	561.181
16.610	561.483
16.620	561.785
16.630	562.087
16.640	562.390
16.650	562.692
16.660	562.995
16.670	563.297
16.680	563.600
16.690	563.902
16.700	564.205
16.710	564.508
16.720	564.811
16.730	565.114
16.740	565.417
16.750	565.720
16.760	566.023
16.770	566.326
16.780	566.629
16.790	566.933
16.800	567.236
16.810	567.540
16.820	567.843
16.830	568.147
16.840	568.450
16.850	568.754
16.860	569.058
16.870	569.362
16.880	569.666
16.890	569.970
16.900	570.274
16.910	570.578
16.920	570.882
16.930	571.186
16.940	571.490
16.950	571.795
16.960	572.099
16.970	572.404
16.980	572.708
16.990	573.013
17.000	573.318
17.010	573.623
17.020	573.928
17.030	574.233
17.040	574.538
17.050	574.843
17.060	575.148
17.070	575.453
17.080	575.758
17.090	576.064
17.100	576.369
17.110	576.675
17.120	576.980
17.130	577.286
17.140	577.592
17.150	577.898
17.160	578.204
17.170	578.510
17.180	578.816
17.190	579.122
17.200	579.428
17.210	579.734
17.220	580.041
17.230	580.347
17.240	580.654
17.250	580.960
17.260	581.267
17.270	581.574
17.280	581.880
17.290	582.187
17.300	582.494
17.310	582.801
17.320	583.108
17.330	583.416
17.340	583.723
17.350	584.030
17.360	584.338
17.370	584.645
17.380	584.953
17.390	585.261
17.400	585.568
17.410	585.876
17.420	586.184
17.430	586.492
17.440	586.800
17.450	587.108
17.460	587.417
17.470	587.725
17.480	588.033
17.490	588.342
17.500	588.650
17.510	588.959
17.520	589.268
17.530	589.577
17.540	589.886
17.550	590.195
17.560	590.504
17.570	590.813
17.580	591.122
17.590	591.431
17.600	591.741
17.610	592.050
17.620	592.360
17.630	592.670
17.640	592.979
17.650	593.289
17.660	593.599
17.670	593.909
17.680	594.219
17.690	594.529
17.700	594.840
17.710	595.150
17.720	595.461
17.730	595.771
17.740	596.082
17.750	596.392
17.760	596.703
17.770	597.014
17.780	597.325
17.790	597.636
17.800	597.948
17.810	598.259
17.820	598.570
17.830	598.882
17.840	599.193
17.850	599.505
17.860	599.817
17.870	600.128
17.880	600.440
17.890	600.752
17.900	601.064
17.910	601.377
17.920	601.689
17.930	602.001
17.940	602.314
17.950	602.626
17.960	602.939
17.970	603.252
17.980	603.565
17.990	603.877
18.000	604.191
18.010	604.504
18.020	604.817
18.030	605.130
18.040	605.444
18.050	605.757
18.060	606.071
18.070	606.385
18.080	606.698
18.090	607.012
18.100	607.326
18.110	607.640
18.120	607.955
18.130	608.269
18.140	608.583
18.150	608.898
18.160	609.212
18.170	609.527
18.180	609.842
18.190	610.157
18.200	610.472
18.210	610.787
18.220	611.102
18.230	611.417
18.240	611.733
18.250	612.048
18.260	612.364
18.270	612.680
18.280	612.996
18.290	613.312
18.300	613.628
18.310	613.944
18.320	614.260
18.330	614.576
18.340	614.893
18.350	615.209
18.360	615.526
18.370	615.843
18.380	616.160
18.390	616.477
18.400	616.794
18.410	617.111
18.420	617.428
18.430	617.746
18.440	618.063
18.450	618.381
18.460	618.698
18.470	619.016
18.480	619.334
18.490	619.652
18.500	619.970
18.510	620.289
18.520	620.607
18.530	620.926
18.540	621.244
18.550	621.563
18.560	621.882
18.570	622.201
18.580	622.520
18.590	622.839
18.600	623.158
18.610	623.477
18.620	623.797
18.630	624.117
18.640	624.436
18.650	624.756
18.660	625.076
18.670	625.396
18.680	625.716
18.690	626.037
18.700	626.357
18.710	626.677
18.720	626.998
18.730	627.319
18.740	627.640
18.750	627.961
18.760	628.282
18.770	628.603
18.780	628.924
18.790	629.246
18.800	629.567
18.810	629.889
18.820	630.211
18.830	630.533
18.840	630.855
18.850	631.177
18.860	631.499
18.870	631.821
18.880	632.144
18.890	632.466
18.900	632.789
18.910	633.111
18.920	633.434
18.930	633.757
18.940	634.080
18.950	634.403
18.960	634.726
18.970	635.049
18.980	635.373
18.990	635.696
19.000	636.020
19.010	636.343
19.020	636.667
19.030	636.991
19.040	637.315
19.050	637.639
19.060	637.963
19.070	638.287
19.080	638.612
19.090	638.936
19.100	639.260
19.110	639.585
19.120	639.910
19.130	640.235
19.140	640.559
19.150	640.884
19.160	641.210
19.170	641.535
19.180	641.860
19.190	642.185
19.200	642.511
19.210	642.837
19.220	643.162
19.230	643.488
19.240	643.814
19.250	644.140
19.260	644.466
19.270	644.792
19.280	645.119
19.290	645.445
19.300	645.772
19.310	646.098
19.320	646.425
19.330	646.752
19.340	647.079
19.350	647.406
19.360	647.733
19.370	648.060
19.380	648.387
19.390	648.715
19.400	649.043
19.410	649.370
19.420	649.698
19.430	650.026
19.440	650.354
19.450	650.682
19.460	651.010
19.470	651.338
19.480	651.667
19.490	651.995
19.500	652.324
19.510	652.653
19.520	652.982
19.530	653.311
19.540	653.640
19.550	653.969
19.560	654.298
19.570	654.628
19.580	654.957
19.590	655.287
19.600	655.617
19.610	655.946
19.620	656.276
19.630	656.606
19.640	656.937
19.650	657.267
19.660	657.597
19.670	657.928
19.680	658.258
19.690	658.589
19.700	658.920
19.710	659.251
19.720	659.582
19.730	659.913
19.740	660.245
19.750	660.576
19.760	660.908
19.770	661.239
19.780	661.571
19.790	661.903
19.800	662.235
19.810	662.567
19.820	662.899
19.830	663.232
19.840	663.564
19.850	663.897
19.860	664.230
19.870	664.562
19.880	664.895
19.890	665.228
19.900	665.562
19.910	665.895
19.920	666.228
19.930	666.562
19.940	666.896
19.950	667.229
19.960	667.563
19.970	667.897
19.980	668.231
19.990	668.566
20.000	668.900
20.010	669.235
20.020	669.569
20.030	669.904
20.040	670.239
20.050	670.574
20.060	670.909
20.070	671.244
20.080	671.580
20.090	671.915
20.100	672.251
20.110	672.587
20.120	672.922
20.130	673.258
20.140	673.595
20.150	673.931
20.160	674.267
20.170	674.604
20.180	674.940
20.190	675.277
20.200	675.614
20.210	675.951
20.220	676.288
20.230	676.625
20.240	676.963
20.250	677.300
20.260	677.638
20.270	677.976
20.280	678.314
20.290	678.652
20.300	678.990
20.310	679.328
20.320	679.667
20.330	680.005
20.340	680.344
20.350	680.683
20.360	681.022
20.370	681.361
20.380	681.700
20.390	682.039
20.400	682.379
20.410	682.718
20.420	683.058
20.430	683.398
20.440	683.738
20.450	684.078
20.460	684.418
20.470	684.759
20.480	685.099
20.490	685.440
20.500	685.781
20.510	686.122
20.520	686.463
20.530	686.804
20.540	687.146
20.550	687.487
20.560	687.829
20.570	688.170
20.580	688.512
20.590	688.854
20.600	689.197
20.610	689.539
20.620	689.881
20.630	690.224
20.640	690.567
20.650	690.910
20.660	691.253
20.670	691.596
20.680	691.939
20.690	692.283
20.700	692.626
20.710	692.970
20.720	693.314
20.730	693.658
20.740	694.002
20.750	694.346
20.760	694.691
20.770	695.035
20.780	695.380
20.790	695.725
20.800	696.070
20.810	696.415
20.820	696.760
20.830	697.106
20.840	697.451
20.850	697.797
20.860	698.143
20.870	698.489
20.880	698.835
20.890	699.181
20.900	699.528
20.910	699.874
20.920	700.221
20.930	700.568
20.940	700.915
20.950	701.262
20.960	701.610
20.970	701.957
20.980	702.305
20.990	702.652
21.000	703.000
21.010	703.349
21.020	703.697
21.030	704.045
21.040	704.394
21.050	704.742
21.060	705.091
21.070	705.440
21.080	705.789
21.090	706.139
21.100	706.488
21.110	706.838
21.120	707.187
21.130	707.537
21.140	707.887
21.150	708.238
21.160	708.588
21.170	708.938
21.180	709.289
21.190	709.640
21.200	709.991
21.210	710.342
21.220	710.693
21.230	711.045
21.240	711.396
21.250	711.748
21.260	712.100
21.270	712.452
21.280	712.804
21.290	713.157
21.300	713.509
21.310	713.862
21.320	714.215
21.330	714.568
21.340	714.921
21.350	715.275
21.360	715.628
21.370	715.982
21.380	716.336
21.390	716.689
21.400	717.044
21.410	717.398
21.420	717.752
21.430	718.107
21.440	718.462
21.450	718.817
21.460	719.172
21.470	719.527
21.480	719.883
21.490	720.238
21.500	720.594
21.510	720.950
21.520	721.306
21.530	721.662
21.540	722.019
21.550	722.375
21.560	722.732
21.570	723.089
21.580	723.446
21.590	723.803
21.600	724.161
21.610	724.518
21.620	724.876
21.630	725.234
21.640	725.592
21.650	725.950
21.660	726.309
21.670	726.668
21.680	727.026
21.690	727.385
21.700	727.744
21.710	728.104
21.720	728.463
21.730	728.823
21.740	729.183
21.750	729.542
21.760	729.903
21.770	730.263
21.780	730.623
21.790	730.984
21.800	731.345
21.810	731.706
21.820	732.067
21.830	732.428
21.840	732.790
21.850	733.152
21.860	733.514
21.870	733.876
21.880	734.238
21.890	734.600
21.900	734.963
21.910	735.326
21.920	735.688
21.930	736.052
21.940	736.415
21.950	736.778
21.960	737.142
21.970	737.506
21.980	737.870
21.990	738.234
22.000	738.598
22.010	738.963
22.020	739.328
22.030	739.692
22.040	740.057
22.050	740.423
22.060	740.788
22.070	741.154
22.080	741.520
22.090	741.886
22.100	742.252
22.110	742.618
22.120	742.985
22.130	743.351
22.140	743.718
22.150	744.085
22.160	744.453
22.170	744.820
22.180	745.188
22.190	745.555
22.200	745.923
22.210	746.292
22.220	746.660
22.230	747.029
22.240	747.397
22.250	747.766
22.260	748.135
22.270	748.505
22.280	748.874
22.290	749.244
22.300	749.614
22.310	749.984
22.320	750.354
22.330	750.724
22.340	751.095
22.350	751.466
22.360	751.837
22.370	752.208
22.380	752.579
22.390	752.951
22.400	753.323
22.410	753.695
22.420	754.067
22.430	754.439
22.440	754.812
22.450	755.185
22.460	755.557
22.470	755.931
22.480	756.304
22.490	756.677
22.500	757.051
22.510	757.425
22.520	757.799
22.530	758.173
22.540	758.548
22.550	758.923
22.560	759.297
22.570	759.673
22.580	760.048
22.590	760.423
22.600	760.799
22.610	761.175
22.620	761.551
22.630	761.927
22.640	762.304
22.650	762.680
22.660	763.057
22.670	763.434
22.680	763.812
22.690	764.189
22.700	764.567
22.710	764.945
22.720	765.323
22.730	765.701
22.740	766.079
22.750	766.458
22.760	766.837
22.770	767.216
22.780	767.595
22.790	767.975
22.800	768.355
22.810	768.734
22.820	769.115
22.830	769.495
22.840	769.875
22.850	770.256
22.860	770.637
22.870	771.018
22.880	771.400
22.890	771.781
22.900	772.163
22.910	772.545
22.920	772.927
22.930	773.309
22.940	773.692
22.950	774.075
22.960	774.458
22.970	774.841
22.980	775.225
22.990	775.608
23.000	775.992
23.010	776.376
23.020	776.760
23.030	777.145
23.040	777.530
23.050	777.915
23.060	778.300
23.070	778.685
23.080	779.071
23.090	779.456
23.100	779.842
23.110	780.229
23.120	780.615
23.130	781.002
23.140	781.388
23.150	781.776
23.160	782.163
23.170	782.550
23.180	782.938
23.190	783.326
23.200	783.714
23.210	784.103
23.220	784.491
23.230	784.880
23.240	785.269
23.250	785.658
23.260	786.048
23.270	786.437
23.280	786.827
23.290	787.217
23.300	787.607
23.310	787.997
23.320	788.388
23.330	788.778
23.340	789.169
23.350	789.560
23.360	789.951
23.370	790.342
23.380	790.734
23.390	791.125
23.400	791.517
23.410	791.909
23.420	792.301
23.430	792.693
23.440	793.085
23.450	793.478
23.460	793.870
23.470	794.263
23.480	794.656
23.490	795.049
23.500	795.442
23.510	795.836
23.520	796.229
23.530	796.623
23.540	797.017
23.550	797.411
23.560	797.805
23.570	798.200
23.580	798.594
23.590	798.989
23.600	799.384
23.610	799.779
23.620	800.174
23.630	800.569
23.640	800.965
23.650	801.361
23.660	801.756
23.670	802.152
23.680	802.549
23.690	802.945
23.700	803.342
23.710	803.738
23.720	804.135
23.730	804.532
23.740	804.929
23.750	805.327
23.760	805.724
23.770	806.122
23.780	806.520
23.790	806.918
23.800	807.316
23.810	807.714
23.820	808.113
23.830	808.512
23.840	808.910
23.850	809.310
23.860	809.709
23.870	810.108
23.880	810.508
23.890	810.907
23.900	811.307
23.910	811.707
23.920	812.108
23.930	812.508
23.940	812.909
23.950	813.310
23.960	813.710
23.970	814.112
23.980	814.513
23.990	814.914
24.000	815.316
24.010	815.718
24.020	816.120
24.030	816.522
24.040	816.924
24.050	817.327
24.060	817.730
24.070	818.132
24.080	818.535
24.090	818.939
24.100	819.342
24.110	819.746
24.120	820.149
24.130	820.553
24.140	820.958
24.150	821.362
24.160	821.766
24.170	822.171
24.180	822.576
24.190	822.981
24.200	823.386
24.210	823.791
24.220	824.197
24.230	824.603
24.240	825.009
24.250	825.415
24.260	825.821
24.270	826.228
24.280	826.634
24.290	827.041
24.300	827.448
24.310	827.855
24.320	828.263
24.330	828.670
24.340	829.078
24.350	829.486
24.360	829.894
24.370	830.302
24.380	830.711
24.390	831.120
24.400	831.529
24.410	831.938
24.420	832.347
24.430	832.756
24.440	833.166
24.450	833.576
24.460	833.986
24.470	834.396
24.480	834.806
24.490	835.217
24.500	835.628
24.510	836.039
24.520	836.450
24.530	836.861
24.540	837.273
24.550	837.684
24.560	838.096
24.570	838.508
24.580	838.921
24.590	839.333
24.600	839.746
24.610	840.159
24.620	840.572
24.630	840.985
24.640	841.398
24.650	841.812
24.660	842.226
24.670	842.640
24.680	843.054
24.690	843.469
24.700	843.883
24.710	844.298
24.720	844.713
24.730	845.128
24.740	845.544
24.750	845.959
24.760	846.375
24.770	846.791
24.780	847.207
24.790	847.624
24.800	848.040
24.810	848.457
24.820	848.874
24.830	849.291
24.840	849.709
24.850	850.126
24.860	850.544
24.870	850.962
24.880	851.380
24.890	851.799
24.900	852.217
24.910	852.636
24.920	853.055
24.930	853.474
24.940	853.894
24.950	854.313
24.960	854.733
24.970	855.153
24.980	855.573
24.990	855.994
25.000	856.415
25.010	856.835
25.020	857.256
25.030	857.678
25.040	858.099
25.050	858.521
25.060	858.943
25.070	859.365
25.080	859.787
25.090	860.210
25.100	860.632
25.110	861.055
25.120	861.478
25.130	861.902
25.140	862.325
25.150	862.749
25.160	863.173
25.170	863.597
25.180	864.022
25.190	864.446
25.200	864.871
25.210	865.296
25.220	865.721
25.230	866.147
25.240	866.572
25.250	866.998
25.260	867.425
25.270	867.851
25.280	868.279
25.290	868.706
25.300	869.134
25.310	869.562
25.320	869.990
25.330	870.419
25.340	870.847
25.350	871.276
25.360	871.706
25.370	872.135
25.380	872.565
25.390	872.995
25.400	873.425
25.410	873.856
25.420	874.287
25.430	874.718
25.440	875.149
25.450	875.581
25.460	876.013
25.470	876.445
25.480	876.878
25.490	877.310
25.500	877.743
25.510	878.177
25.520	878.610
25.530	879.044
25.540	879.478
25.550	879.912
25.560	880.347
25.570	880.782
25.580	881.217
25.590	881.652
25.600	882.088
25.610	882.524
25.620	882.960
25.630	883.397
25.640	883.833
25.650	884.270
25.660	884.708
25.670	885.145
25.680	885.583
25.690	886.021
25.700	886.460
25.710	886.898
25.720	887.337
25.730	887.776
25.740	888.216
25.750	888.655
25.760	889.095
25.770	889.536
25.780	889.976
25.790	890.417
25.800	890.858
25.810	891.299
25.820	891.741
25.830	892.183
25.840	892.625
25.850	893.068
25.860	893.510
25.870	893.953
25.880	894.397
25.890	894.840
25.900	895.284
25.910	895.728
25.920	896.173
25.930	896.617
25.940	897.062
25.950	897.507
25.960	897.953
25.970	898.399
25.980	898.845
25.990	899.291
26.000	899.738
26.010	900.184
26.020	900.632
26.030	901.079
26.040	901.527
26.050	901.975
26.060	902.423
26.070	902.871
26.080	903.320
26.090	903.769
26.100	904.219
26.110	904.668
26.120	905.118
26.130	905.569
26.140	906.019
26.150	906.470
26.160	906.921
26.170	907.372
26.180	907.824
26.190	908.276
26.200	908.728
26.210	909.181
26.220	909.633
26.230	910.086
26.240	910.540
26.250	910.993
26.260	911.447
26.270	911.901
26.280	912.356
26.290	912.811
26.300	913.266
26.310	913.721
26.320	914.176
26.330	914.632
26.340	915.088
26.350	915.545
26.360	916.002
26.370	916.459
26.380	916.916
26.390	917.374
26.400	917.832
26.410	918.290
26.420	918.748
26.430	919.207
26.440	919.666
26.450	920.125
26.460	920.585
26.470	921.045
26.480	921.505
26.490	921.965
26.500	922.426
26.510	922.887
26.520	923.349
26.530	923.810
26.540	924.272
26.550	924.734
26.560	925.197
26.570	925.660
26.580	926.123
26.590	926.586
26.600	927.050
26.610	927.514
26.620	927.978
26.630	928.443
26.640	928.907
26.650	929.373
26.660	929.838
26.670	930.304
26.680	930.770
26.690	931.236
26.700	931.703
26.710	932.170
26.720	932.637
26.730	933.104
26.740	933.572
26.750	934.040
26.760	934.508
26.770	934.977
26.780	935.446
26.790	935.915
26.800	936.385
26.810	936.855
26.820	937.325
26.830	937.795
26.840	938.266
26.850	938.737
26.860	939.208
26.870	939.680
26.880	940.152
26.890	940.624
26.900	941.097
26.910	941.570
26.920	942.043
26.930	942.516
26.940	942.990
26.950	943.464
26.960	943.938
26.970	944.413
26.980	944.888
26.990	945.363
27.000	945.838
27.010	946.314
27.020	946.790
27.030	947.267
27.040	947.744
27.050	948.221
27.060	948.698
27.070	949.176
27.080	949.654
27.090	950.132
27.100	950.610
27.110	951.089
27.120	951.568
27.130	952.048
27.140	952.528
27.150	953.008
27.160	953.488
27.170	953.969
27.180	954.450
27.190	954.931
27.200	955.413
27.210	955.894
27.220	956.377
27.230	956.859
27.240	957.342
27.250	957.825
27.260	958.309
27.270	958.792
27.280	959.276
27.290	959.761
27.300	960.245
27.310	960.730
27.320	961.216
27.330	961.701
27.340	962.187
27.350	962.673
27.360	963.160
27.370	963.647
27.380	964.134
27.390	964.621
27.400	965.109
27.410	965.597
27.420	966.085
27.430	966.574
27.440	967.063
27.450	967.552
27.460	968.042
27.470	968.532
27.480	969.022
27.490	969.513
27.500	970.004
27.510	970.495
27.520	970.986
27.530	971.478
27.540	971.970
27.550	972.463
27.560	972.955
27.570	973.449
27.580	973.942
27.590	974.436
27.600	974.930
27.610	975.424
27.620	975.919
27.630	976.414
27.640	976.909
27.650	977.404
27.660	977.900
27.670	978.397
27.680	978.893
27.690	979.390
27.700	979.887
27.710	980.385
27.720	980.883
27.730	981.381
27.740	981.879
27.750	982.378
27.760	982.877
27.770	983.376
27.780	983.876
27.790	984.376
27.800	984.877
27.810	985.377
27.820	985.878
27.830	986.380
27.840	986.881
27.850	987.383
27.860	987.886
27.870	988.388
27.880	988.891
27.890	989.394
27.900	989.898
27.910	990.402
27.920	990.906
27.930	991.411
27.940	991.916
27.950	992.421
27.960	992.926
27.970	993.432
27.980	993.938
27.990	994.445
28.000	994.952
28.010	995.459
28.020	995.966
28.030	996.474
28.040	996.982
28.050	997.491
28.060	997.999
28.070	998.508
28.080	999.018
28.090	999.528
28.100	1000.038
28.110	1000.548
28.120	1001.059
28.130	1001.570
28.140	1002.081
28.150	1002.593
28.160	1003.105
28.170	1003.618
28.180	1004.130
28.190	1004.643
28.200	1005.156
28.210	1005.670
28.220	1006.184
28.230	1006.698
28.240	1007.213
28.250	1007.727
28.260	1008.242
28.270	1008.758
28.280	1009.273
28.290	1009.789
28.300	1010.306
28.310	1010.822
28.320	1011.339
28.330	1011.856
28.340	1012.374
28.350	1012.892
28.360	1013.410
28.370	1013.928
28.380	1014.447
28.390	1014.966
28.400	1015.485
28.410	1016.005
28.420	1016.525
28.430	1017.045
28.440	1017.566
28.450	1018.086
28.460	1018.608
28.470	1019.129
28.480	1019.651
28.490	1020.173
28.500	1020.695
28.510	1021.218
28.520	1021.741
28.530	1022.264
28.540	1022.788
28.550	1023.312
28.560	1023.836
28.570	1024.361
28.580	1024.885
28.590	1025.411
28.600	1025.936
28.610	1026.462
28.620	1026.988
28.630	1027.514
28.640	1028.041
28.650	1028.568
28.660	1029.095
28.670	1029.623
28.680	1030.151
28.690	1030.679
28.700	1031.208
28.710	1031.737
28.720	1032.266
28.730	1032.796
28.740	1033.325
28.750	1033.855
28.760	1034.386
28.770	1034.917
28.780	1035.448
28.790	1035.979
28.800	1036.511
28.810	1037.043
28.820	1037.575
28.830	1038.108
28.840	1038.641
28.850	1039.174
28.860	1039.708
28.870	1040.242
28.880	1040.776
28.890	1041.311
28.900	1041.846
28.910	1042.381
28.920	1042.916
28.930	1043.452
28.940	1043.988
28.950	1044.525
28.960	1045.061
28.970	1045.599
28.980	1046.136
28.990	1046.674
29.000	1047.212
29.010	1047.750
29.020	1048.289
29.030	1048.828
29.040	1049.367
29.050	1049.907
29.060	1050.447
29.070	1050.987
29.080	1051.528
29.090	1052.069
29.100	1052.610
29.110	1053.152
29.120	1053.694
29.130	1054.236
29.140	1054.779
29.150	1055.321
29.160	1055.865
29.170	1056.408
29.180	1056.952
29.190	1057.496
29.200	1058.041
29.210	1058.586
29.220	1059.131
29.230	1059.676
29.240	1060.222
29.250	1060.768
29.260	1061.315
29.270	1061.862
29.280	1062.409
29.290	1062.956
29.300	1063.504
29.310	1064.052
29.320	1064.601
29.330	1065.149
29.340	1065.698
29.350	1066.248
29.360	1066.798
29.370	1067.348
29.380	1067.898
29.390	1068.449
29.400	1069.000
29.410	1069.551
29.420	1070.103
29.430	1070.655
29.440	1071.208
29.450	1071.760
29.460	1072.313
29.470	1072.867
29.480	1073.421
29.490	1073.975
29.500	1074.529
29.510	1075.084
29.520	1075.639
29.530	1076.194
29.540	1076.750
29.550	1077.306
29.560	1077.862
29.570	1078.419
29.580	1078.976
29.590	1079.534
29.600	1080.091
29.610	1080.649
29.620	1081.208
29.630	1081.767
29.640	1082.326
29.650	1082.885
29.660	1083.445
29.670	1084.005
29.680	1084.565
29.690	1085.126
29.700	1085.687
29.710	1086.249
29.720	1086.811
29.730	1087.373
29.740	1087.935
29.750	1088.498
29.760	1089.061
29.770	1089.625
29.780	1090.188
29.790	1090.753
29.800	1091.317
29.810	1091.882
29.820	1092.447
29.830	1093.013
29.840	1093.578
29.850	1094.145
29.860	1094.711
29.870	1095.278
29.880	1095.845
29.890	1096.413
29.900	1096.981
29.910	1097.549
29.920	1098.118
29.930	1098.687
29.940	1099.256
29.950	1099.826
29.960	1100.396
29.970	1100.966
29.980	1101.537
29.990	1102.108
30.000	1102.679
