t(c)	x(m)
0.000	0.00
0.010	0.01
0.020	0.02
0.030	0.03
0.040	0.04
0.050	0.05
0.060	0.06
0.070	0.07
0.080	0.08
0.090	0.09
0.100	0.11
0.110	0.12
0.120	0.13
0.130	0.15
0.140	0.16
0.150	0.18
0.160	0.19
0.170	0.21
0.180	0.22
0.190	0.24
0.200	0.26
0.210	0.27
0.220	0.29
0.230	0.31
0.240	0.33
0.250	0.35
0.260	0.37
0.270	0.39
0.280	0.41
0.290	0.43
0.300	0.45
0.310	0.47
0.320	0.50
0.330	0.52
0.340	0.54
0.350	0.57
0.360	0.59
0.370	0.62
0.380	0.64
0.390	0.67
0.400	0.69
0.410	0.72
0.420	0.75
0.430	0.78
0.440	0.80
0.450	0.83
0.460	0.86
0.470	0.89
0.480	0.92
0.490	0.95
0.500	0.99
0.510	1.02
0.520	1.05
0.530	1.08
0.540	1.12
0.550	1.15
0.560	1.19
0.570	1.22
0.580	1.26
0.590	1.29
0.600	1.33
0.610	1.37
0.620	1.41
0.630	1.44
0.640	1.48
0.650	1.52
0.660	1.56
0.670	1.60
0.680	1.64
0.690	1.69
0.700	1.73
0.710	1.77
0.720	1.81
0.730	1.86
0.740	1.90
0.750	1.95
0.760	1.99
0.770	2.04
0.780	2.09
0.790	2.13
0.800	2.18
0.810	2.23
0.820	2.28
0.830	2.33
0.840	2.38
0.850	2.43
0.860	2.48
0.870	2.53
0.880	2.59
0.890	2.64
0.900	2.69
0.910	2.75
0.920	2.80
0.930	2.86
0.940	2.91
0.950	2.97
0.960	3.03
0.970	3.08
0.980	3.14
0.990	3.20
1.000	3.26
1.010	3.32
1.020	3.38
1.030	3.44
1.040	3.51
1.050	3.57
1.060	3.63
1.070	3.70
1.080	3.76
1.090	3.83
1.100	3.89
1.110	3.96
1.120	4.02
1.130	4.09
1.140	4.16
1.150	4.23
1.160	4.30
1.170	4.37
1.180	4.44
1.190	4.51
1.200	4.58
1.210	4.65
1.220	4.73
1.230	4.80
1.240	4.88
1.250	4.95
1.260	5.03
1.270	5.10
1.280	5.18
1.290	5.26
1.300	5.33
1.310	5.41
1.320	5.49
1.330	5.57
1.340	5.65
1.350	5.74
1.360	5.82
1.370	5.90
1.380	5.98
1.390	6.07
1.400	6.15
1.410	6.24
1.420	6.32
1.430	6.41
1.440	6.50
1.450	6.58
1.460	6.67
1.470	6.76
1.480	6.85
1.490	6.94
1.500	7.03
1.510	7.13
1.520	7.22
1.530	7.31
1.540	7.40
1.550	7.50
1.560	7.59
1.570	7.69
1.580	7.79
1.590	7.88
1.600	7.98
1.610	8.08
1.620	8.18
1.630	8.28
1.640	8.38
1.650	8.48
1.660	8.58
1.670	8.68
1.680	8.79
1.690	8.89
1.700	9.00
1.710	9.10
1.720	9.21
1.730	9.31
1.740	9.42
1.750	9.53
1.760	9.64
1.770	9.75
1.780	9.86
1.790	9.97
1.800	10.08
1.810	10.19
1.820	10.30
1.830	10.42
1.840	10.53
1.850	10.65
1.860	10.76
1.870	10.88
1.880	11.00
1.890	11.11
1.900	11.23
1.910	11.35
1.920	11.47
1.930	11.59
1.940	11.71
1.950	11.84
1.960	11.96
1.970	12.08
1.980	12.21
1.990	12.33
2.000	12.46
2.010	12.58
2.020	12.71
2.030	12.84
2.040	12.96
2.050	13.09
2.060	13.22
2.070	13.35
2.080	13.48
2.090	13.62
2.100	13.75
2.110	13.88
2.120	14.02
2.130	14.15
2.140	14.29
2.150	14.42
2.160	14.56
2.170	14.70
2.180	14.84
2.190	14.98
2.200	15.12
2.210	15.26
2.220	15.40
2.230	15.54
2.240	15.68
2.250	15.83
2.260	15.97
2.270	16.11
2.280	16.26
2.290	16.41
2.300	16.55
2.310	16.70
2.320	16.85
2.330	17.00
2.340	17.15
2.350	17.30
2.360	17.45
2.370	17.61
2.380	17.76
2.390	17.91
2.400	18.07
2.410	18.22
2.420	18.38
2.430	18.54
2.440	18.69
2.450	18.85
2.460	19.01
2.470	19.17
2.480	19.33
2.490	19.49
2.500	19.66
2.510	19.82
2.520	19.98
2.530	20.15
2.540	20.31
2.550	20.48
2.560	20.64
2.570	20.81
2.580	20.98
2.590	21.15
2.600	21.32
2.610	21.49
2.620	21.66
2.630	21.83
2.640	22.00
2.650	22.18
2.660	22.35
2.670	22.53
2.680	22.70
2.690	22.88
2.700	23.06
2.710	23.24
2.720	23.41
2.730	23.59
2.740	23.78
2.750	23.96
2.760	24.14
2.770	24.32
2.780	24.50
2.790	24.69
2.800	24.87
2.810	25.06
2.820	25.25
2.830	25.43
2.840	25.62
2.850	25.81
2.860	26.00
2.870	26.19
2.880	26.38
2.890	26.58
2.900	26.77
2.910	26.96
2.920	27.16
2.930	27.35
2.940	27.55
2.950	27.75
2.960	27.94
2.970	28.14
2.980	28.34
2.990	28.54
3.000	28.74
3.010	28.94
3.020	29.15
3.030	29.35
3.040	29.55
3.050	29.76
3.060	29.96
3.070	30.17
3.080	30.38
3.090	30.59
3.100	30.80
3.110	31.00
3.120	31.22
3.130	31.43
3.140	31.64
3.150	31.85
3.160	32.07
3.170	32.28
3.180	32.50
3.190	32.71
3.200	32.93
3.210	33.15
3.220	33.36
3.230	33.58
3.240	33.80
3.250	34.02
3.260	34.25
3.270	34.47
3.280	34.69
3.290	34.92
3.300	35.14
3.310	35.37
3.320	35.59
3.330	35.82
3.340	36.05
3.350	36.28
3.360	36.51
3.370	36.74
3.380	36.97
3.390	37.20
3.400	37.44
3.410	37.67
3.420	37.91
3.430	38.14
3.440	38.38
3.450	38.62
3.460	38.85
3.470	39.09
3.480	39.33
3.490	39.57
3.500	39.82
3.510	40.06
3.520	40.30
3.530	40.54
3.540	40.79
3.550	41.03
3.560	41.28
3.570	41.53
3.580	41.78
3.590	42.03
3.600	42.28
3.610	42.53
3.620	42.78
3.630	43.03
3.640	43.28
3.650	43.54
3.660	43.79
3.670	44.05
3.680	44.30
3.690	44.56
3.700	44.82
3.710	45.08
3.720	45.34
3.730	45.60
3.740	45.86
3.750	46.12
3.760	46.39
3.770	46.65
3.780	46.92
3.790	47.18
3.800	47.45
3.810	47.72
3.820	47.98
3.830	48.25
3.840	48.52
3.850	48.79
3.860	49.07
3.870	49.34
3.880	49.61
3.890	49.89
3.900	50.16
3.910	50.44
3.920	50.71
3.930	50.99
3.940	51.27
3.950	51.55
3.960	51.83
3.970	52.11
3.980	52.39
3.990	52.68
4.000	52.96
4.010	53.24
4.020	53.53
4.030	53.82
4.040	54.10
4.050	54.39
4.060	54.68
4.070	54.97
4.080	55.26
4.090	55.55
4.100	55.85
4.110	56.14
4.120	56.43
4.130	56.73
4.140	57.02
4.150	57.32
4.160	57.62
4.170	57.92
4.180	58.22
4.190	58.52
4.200	58.82
4.210	59.12
4.220	59.42
4.230	59.73
4.240	60.03
4.250	60.34
4.260	60.64
4.270	60.95
4.280	61.26
4.290	61.57
4.300	61.88
4.310	62.19
4.320	62.50
4.330	62.81
4.340	63.12
4.350	63.44
4.360	63.75
4.370	64.07
4.380	64.39
4.390	64.70
4.400	65.02
4.410	65.34
4.420	65.66
4.430	65.98
4.440	66.31
4.450	66.63
4.460	66.95
4.470	67.28
4.480	67.60
4.490	67.93
4.500	68.26
4.510	68.59
4.520	68.92
4.530	69.25
4.540	69.58
4.550	69.91
4.560	70.24
4.570	70.58
4.580	70.91
4.590	71.25
4.600	71.58
4.610	71.92
4.620	72.26
4.630	72.60
4.640	72.94
4.650	73.28
4.660	73.62
4.670	73.96
4.680	74.31
4.690	74.65
4.700	75.00
4.710	75.34
4.720	75.69
4.730	76.04
4.740	76.39
4.750	76.74
4.760	77.09
4.770	77.44
4.780	77.79
4.790	78.15
4.800	78.50
4.810	78.86
4.820	79.21
4.830	79.57
4.840	79.93
4.850	80.29
4.860	80.65
4.870	81.01
4.880	81.37
4.890	81.73
4.900	82.10
4.910	82.46
4.920	82.83
4.930	83.19
4.940	83.56
4.950	83.93
4.960	84.30
4.970	84.67
4.980	85.04
4.990	85.41
5.000	85.78
5.010	86.16
5.020	86.53
5.030	86.91
5.040	87.28
5.050	87.66
5.060	88.04
5.070	88.42
5.080	88.80
5.090	89.18
5.100	89.56
5.110	89.94
5.120	90.33
5.130	90.71
5.140	91.10
5.150	91.48
5.160	91.87
5.170	92.26
5.180	92.65
5.190	93.04
5.200	93.43
5.210	93.82
5.220	94.22
5.230	94.61
5.240	95.00
5.250	95.40
5.260	95.80
5.270	96.19
5.280	96.59
5.290	96.99
5.300	97.39
5.310	97.79
5.320	98.20
5.330	98.60
5.340	99.00
5.350	99.41
5.360	99.81
5.370	100.22
5.380	100.63
5.390	101.04
5.400	101.45
5.410	101.86
5.420	102.27
5.430	102.68
5.440	103.10
5.450	103.51
5.460	103.93
5.470	104.34
5.480	104.76
5.490	105.18
5.500	105.60
5.510	106.02
5.520	106.44
5.530	106.86
5.540	107.28
5.550	107.71
5.560	108.13
5.570	108.56
5.580	108.98
5.590	109.41
5.600	109.84
5.610	110.27
5.620	110.70
5.630	111.13
5.640	111.56
5.650	111.99
5.660	112.43
5.670	112.86
5.680	113.30
5.690	113.74
5.700	114.17
5.710	114.61
5.720	115.05
5.730	115.49
5.740	115.94
5.750	116.38
5.760	116.82
5.770	117.27
5.780	117.71
5.790	118.16
5.800	118.60
5.810	119.05
5.820	119.50
5.830	119.95
5.840	120.40
5.850	120.86
5.860	121.31
5.870	121.76
5.880	122.22
5.890	122.67
5.900	123.13
5.910	123.59
5.920	124.05
5.930	124.51
5.940	124.97
5.950	125.43
5.960	125.89
5.970	126.35
5.980	126.82
5.990	127.28
6.000	127.75
6.010	128.22
6.020	128.68
6.030	129.15
6.040	129.62
6.050	130.09
6.060	130.57
6.070	131.04
6.080	131.51
6.090	131.99
6.100	132.46
6.110	132.94
6.120	133.42
6.130	133.90
6.140	134.38
6.150	134.86
6.160	135.34
6.170	135.82
6.180	136.30
6.190	136.79
6.200	137.27
6.210	137.76
6.220	138.25
6.230	138.74
6.240	139.22
6.250	139.71
6.260	140.21
6.270	140.70
6.280	141.19
6.290	141.68
6.300	142.18
6.310	142.68
6.320	143.17
6.330	143.67
6.340	144.17
6.350	144.67
6.360	145.17
6.370	145.67
6.380	146.17
6.390	146.68
6.400	147.18
6.410	147.69
6.420	148.19
6.430	148.70
6.440	149.21
6.450	149.72
6.460	150.23
6.470	150.74
6.480	151.25
6.490	151.76
6.500	152.28
6.510	152.79
6.520	153.31
6.530	153.83
6.540	154.34
6.550	154.86
6.560	155.38
6.570	155.90
6.580	156.43
6.590	156.95
6.600	157.47
6.610	158.00
6.620	158.52
6.630	159.05
6.640	159.58
6.650	160.11
6.660	160.63
6.670	161.17
6.680	161.70
6.690	162.23
6.700	162.76
6.710	163.30
6.720	163.83
6.730	164.37
6.740	164.91
6.750	165.44
6.760	165.98
6.770	166.52
6.780	167.06
6.790	167.61
6.800	168.15
6.810	168.69
6.820	169.24
6.830	169.78
6.840	170.33
6.850	170.88
6.860	171.43
6.870	171.98
6.880	172.53
6.890	173.08
6.900	173.63
6.910	174.19
6.920	174.74
6.930	175.30
6.940	175.85
6.950	176.41
6.960	176.97
6.970	177.53
6.980	178.09
6.990	178.65
7.000	179.21
7.010	179.78
7.020	180.34
7.030	180.91
7.040	181.47
7.050	182.04
7.060	182.61
7.070	183.18
7.080	183.75
7.090	184.32
7.100	184.89
7.110	185.46
7.120	186.04
7.130	186.61
7.140	187.19
7.150	187.77
7.160	188.34
7.170	188.92
7.180	189.50
7.190	190.08
7.200	190.66
7.210	191.25
7.220	191.83
7.230	192.42
7.240	193.00
7.250	193.59
7.260	194.18
7.270	194.76
7.280	195.35
7.290	195.94
7.300	196.54
7.310	197.13
7.320	197.72
7.330	198.32
7.340	198.91
7.350	199.51
7.360	200.11
7.370	200.70
7.380	201.30
7.390	201.90
7.400	202.50
7.410	203.11
7.420	203.71
7.430	204.31
7.440	204.92
7.450	205.52
7.460	206.13
7.470	206.74
7.480	207.35
7.490	207.96
7.500	208.57
7.510	209.18
7.520	209.79
7.530	210.41
7.540	211.02
7.550	211.64
7.560	212.25
7.570	212.87
7.580	213.49
7.590	214.11
7.600	214.73
7.610	215.35
7.620	215.98
7.630	216.60
7.640	217.22
7.650	217.85
7.660	218.47
7.670	219.10
7.680	219.73
7.690	220.36
7.700	220.99
7.710	221.62
7.720	222.25
7.730	222.89
7.740	223.52
7.750	224.16
7.760	224.79
7.770	225.43
7.780	226.07
7.790	226.71
7.800	227.35
7.810	227.99
7.820	228.63
7.830	229.27
7.840	229.91
7.850	230.56
7.860	231.20
7.870	231.85
7.880	232.50
7.890	233.15
7.900	233.80
7.910	234.45
7.920	235.10
7.930	235.75
7.940	236.40
7.950	237.06
7.960	237.71
7.970	238.37
7.980	239.03
7.990	239.69
8.000	240.34
8.010	241.00
8.020	241.67
8.030	242.33
8.040	242.99
8.050	243.65
8.060	244.32
8.070	244.99
8.080	245.65
8.090	246.32
8.100	246.99
8.110	247.66
8.120	248.33
8.130	249.00
8.140	249.67
8.150	250.35
8.160	251.02
8.170	251.70
8.180	252.37
8.190	253.05
8.200	253.73
8.210	254.41
8.220	255.09
8.230	255.77
8.240	256.45
8.250	257.13
8.260	257.82
8.270	258.50
8.280	259.19
8.290	259.88
8.300	260.56
8.310	261.25
8.320	261.94
8.330	262.63
8.340	263.33
8.350	264.02
8.360	264.71
8.370	265.41
8.380	266.10
8.390	266.80
8.400	267.50
8.410	268.19
8.420	268.89
8.430	269.59
8.440	270.29
8.450	271.00
8.460	271.70
8.470	272.40
8.480	273.11
8.490	273.81
8.500	274.52
8.510	275.23
8.520	275.94
8.530	276.65
8.540	277.36
8.550	278.07
8.560	278.78
8.570	279.50
8.580	280.21
8.590	280.93
8.600	281.64
8.610	282.36
8.620	283.08
8.630	283.80
8.640	284.52
8.650	285.24
8.660	285.96
8.670	286.68
8.680	287.41
8.690	288.13
8.700	288.86
8.710	289.59
8.720	290.31
8.730	291.04
8.740	291.77
8.750	292.50
8.760	293.23
8.770	293.97
8.780	294.70
8.790	295.43
8.800	296.17
8.810	296.91
8.820	297.64
8.830	298.38
8.840	299.12
8.850	299.86
8.860	300.60
8.870	301.34
8.880	302.09
8.890	302.83
8.900	303.57
8.910	304.32
8.920	305.07
8.930	305.81
8.940	306.56
8.950	307.31
8.960	308.06
8.970	308.81
8.980	309.56
8.990	310.32
9.000	311.07
9.010	311.83
9.020	312.58
9.030	313.34
9.040	314.10
9.050	314.86
9.060	315.62
9.070	316.38
9.080	317.14
9.090	317.90
9.100	318.66
9.110	319.43
9.120	320.19
9.130	320.96
9.140	321.73
9.150	322.50
9.160	323.26
9.170	324.03
9.180	324.80
9.190	325.58
9.200	326.35
9.210	327.12
9.220	327.90
9.230	328.67
9.240	329.45
9.250	330.23
9.260	331.01
9.270	331.78
9.280	332.57
9.290	333.35
9.300	334.13
9.310	334.91
9.320	335.70
9.330	336.48
9.340	337.27
9.350	338.05
9.360	338.84
9.370	339.63
9.380	340.42
9.390	341.21
9.400	342.00
9.410	342.79
9.420	343.59
9.430	344.38
9.440	345.18
9.450	345.97
9.460	346.77
9.470	347.57
9.480	348.37
9.490	349.17
9.500	349.97
9.510	350.77
9.520	351.57
9.530	352.37
9.540	353.18
9.550	353.98
9.560	354.79
9.570	355.60
9.580	356.41
9.590	357.21
9.600	358.02
9.610	358.84
9.620	359.65
9.630	360.46
9.640	361.27
9.650	362.09
9.660	362.90
9.670	363.72
9.680	364.54
9.690	365.36
9.700	366.18
9.710	367.00
9.720	367.82
9.730	368.64
9.740	369.46
9.750	370.29
9.760	371.11
9.770	371.94
9.780	372.77
9.790	373.59
9.800	374.42
9.810	375.25
9.820	376.08
9.830	376.91
9.840	377.75
9.850	378.58
9.860	379.41
9.870	380.25
9.880	381.08
9.890	381.92
9.900	382.76
9.910	383.60
9.920	384.44
9.930	385.28
9.940	386.12
9.950	386.96
9.960	387.81
9.970	388.65
9.980	389.50
9.990	390.34
10.000	391.19
10.010	392.04
10.020	392.89
10.030	393.74
10.040	394.59
10.050	395.44
10.060	396.29
10.070	397.15
10.080	398.00
10.090	398.86
10.100	399.72
10.110	400.57
10.120	401.43
10.130	402.29
10.140	403.15
10.150	404.01
10.160	404.87
10.170	405.74
10.180	406.60
10.190	407.47
10.200	408.33
10.210	409.20
10.220	410.07
10.230	410.94
10.240	411.81
10.250	412.68
10.260	413.55
10.270	414.42
10.280	415.29
10.290	416.17
10.300	417.04
10.310	417.92
10.320	418.80
10.330	419.67
10.340	420.55
10.350	421.43
10.360	422.31
10.370	423.20
10.380	424.08
10.390	424.96
10.400	425.85
10.410	426.73
10.420	427.62
10.430	428.51
10.440	429.39
10.450	430.28
10.460	431.17
10.470	432.07
10.480	432.96
10.490	433.85
10.500	434.74
10.510	435.64
10.520	436.54
10.530	437.43
10.540	438.33
10.550	439.23
10.560	440.13
10.570	441.03
10.580	441.93
10.590	442.83
10.600	443.74
10.610	444.64
10.620	445.55
10.630	446.45
10.640	447.36
10.650	448.27
10.660	449.18
10.670	450.09
10.680	451.00
10.690	451.91
10.700	452.82
10.710	453.73
10.720	454.65
10.730	455.56
10.740	456.48
10.750	457.40
10.760	458.32
10.770	459.24
10.780	460.16
10.790	461.08
10.800	462.00
10.810	462.92
10.820	463.85
10.830	464.77
10.840	465.70
10.850	466.62
10.860	467.55
10.870	468.48
10.880	469.41
10.890	470.34
10.900	471.27
10.910	472.21
10.920	473.14
10.930	474.07
10.940	475.01
10.950	475.95
10.960	476.88
10.970	477.82
10.980	478.76
10.990	479.70
11.000	480.64
11.010	481.58
11.020	482.53
11.030	483.47
11.040	484.41
11.050	485.36
11.060	486.31
11.070	487.25
11.080	488.20
11.090	489.15
11.100	490.10
11.110	491.05
11.120	492.01
11.130	492.96
11.140	493.92
11.150	494.87
11.160	495.83
11.170	496.78
11.180	497.74
11.190	498.70
11.200	499.66
11.210	500.62
11.220	501.58
11.230	502.55
11.240	503.51
11.250	504.47
11.260	505.44
11.270	506.41
11.280	507.37
11.290	508.34
11.300	509.31
11.310	510.28
11.320	511.25
11.330	512.23
11.340	513.20
11.350	514.17
11.360	515.15
11.370	516.13
11.380	517.10
11.390	518.08
11.400	519.06
11.410	520.04
11.420	521.02
11.430	522.00
11.440	522.99
11.450	523.97
11.460	524.95
11.470	525.94
11.480	526.93
11.490	527.91
11.500	528.90
11.510	529.89
11.520	530.88
11.530	531.87
11.540	532.87
11.550	533.86
11.560	534.85
11.570	535.85
11.580	536.84
11.590	537.84
11.600	538.84
11.610	539.84
11.620	540.84
11.630	541.84
11.640	542.84
11.650	543.84
11.660	544.85
11.670	545.85
11.680	546.86
11.690	547.87
11.700	548.87
11.710	549.88
11.720	550.89
11.730	551.90
11.740	552.91
11.750	553.93
11.760	554.94
11.770	555.95
11.780	556.97
11.790	557.98
11.800	559.00
11.810	560.02
11.820	561.04
11.830	562.06
11.840	563.08
11.850	564.10
11.860	565.13
11.870	566.15
11.880	567.17
11.890	568.20
11.900	569.23
11.910	570.25
11.920	571.28
11.930	572.31
11.940	573.34
11.950	574.38
11.960	575.41
11.970	576.44
11.980	577.48
11.990	578.51
12.000	579.55
12.010	580.58
12.020	581.62
12.030	582.66
12.040	583.70
12.050	584.74
12.060	585.79
12.070	586.83
12.080	587.87
12.090	588.92
12.100	589.96
12.110	591.01
12.120	592.06
12.130	593.11
12.140	594.16
12.150	595.21
12.160	596.26
12.170	597.31
12.180	598.37
12.190	599.42
12.200	600.48
12.210	601.53
12.220	602.59
12.230	603.65
12.240	604.71
12.250	605.77
12.260	606.83
12.270	607.89
12.280	608.96
12.290	610.02
12.300	611.09
12.310	612.15
12.320	613.22
12.330	614.29
12.340	615.36
12.350	616.43
12.360	617.50
12.370	618.57
12.380	619.64
12.390	620.72
12.400	621.79
12.410	622.87
12.420	623.95
12.430	625.02
12.440	626.10
12.450	627.18
12.460	628.26
12.470	629.34
12.480	630.43
12.490	631.51
12.500	632.60
12.510	633.68
12.520	634.77
12.530	635.85
12.540	636.94
12.550	638.03
12.560	639.12
12.570	640.21
12.580	641.31
12.590	642.40
12.600	643.49
12.610	644.59
12.620	645.69
12.630	646.78
12.640	647.88
12.650	648.98
12.660	650.08
12.670	651.18
12.680	652.28
12.690	653.39
12.700	654.49
12.710	655.60
12.720	656.70
12.730	657.81
12.740	658.92
12.750	660.02
12.760	661.13
12.770	662.24
12.780	663.36
12.790	664.47
12.800	665.58
12.810	666.70
12.820	667.81
12.830	668.93
12.840	670.05
12.850	671.17
12.860	672.29
12.870	673.41
12.880	674.53
12.890	675.65
12.900	676.77
12.910	677.90
12.920	679.02
12.930	680.15
12.940	681.28
12.950	682.40
12.960	683.53
12.970	684.66
12.980	685.79
12.990	686.93
13.000	688.06
13.010	689.19
13.020	690.33
13.030	691.46
13.040	692.60
13.050	693.74
13.060	694.88
13.070	696.02
13.080	697.16
13.090	698.30
13.100	699.44
13.110	700.59
13.120	701.73
13.130	702.88
13.140	704.02
13.150	705.17
13.160	706.32
13.170	707.47
13.180	708.62
13.190	709.77
13.200	710.92
13.210	712.08
13.220	713.23
13.230	714.39
13.240	715.54
13.250	716.70
13.260	717.86
13.270	719.02
13.280	720.18
13.290	721.34
13.300	722.50
13.310	723.66
13.320	724.83
13.330	725.99
13.340	727.16
13.350	728.33
13.360	729.49
13.370	730.66
13.380	731.83
13.390	733.00
13.400	734.18
13.410	735.35
13.420	736.52
13.430	737.70
13.440	738.87
13.450	740.05
13.460	741.23
13.470	742.41
13.480	743.59
13.490	744.77
13.500	745.95
13.510	747.13
13.520	748.32
13.530	749.50
13.540	750.69
13.550	751.87
13.560	753.06
13.570	754.25
13.580	755.44
13.590	756.63
13.600	757.82
13.610	759.01
13.620	760.21
13.630	761.40
13.640	762.60
13.650	763.79
13.660	764.99
13.670	766.19
13.680	767.39
13.690	768.59
13.700	769.79
13.710	770.99
13.720	772.19
13.730	773.40
13.740	774.60
13.750	775.81
13.760	777.02
13.770	778.23
13.780	779.43
13.790	780.64
13.800	781.86
13.810	783.07
13.820	784.28
13.830	785.50
13.840	786.71
13.850	787.93
13.860	789.14
13.870	790.36
13.880	791.58
13.890	792.80
13.900	794.02
13.910	795.24
13.920	796.47
13.930	797.69
13.940	798.91
13.950	800.14
13.960	801.37
13.970	802.60
13.980	803.82
13.990	805.05
14.000	806.28
14.010	807.52
14.020	808.75
14.030	809.98
14.040	811.22
14.050	812.45
14.060	813.69
14.070	814.93
14.080	816.17
14.090	817.41
14.100	818.65
14.110	819.89
14.120	821.13
14.130	822.38
14.140	823.62
14.150	824.87
14.160	826.11
14.170	827.36
14.180	828.61
14.190	829.86
14.200	831.11
14.210	832.36
14.220	833.61
14.230	834.87
14.240	836.12
14.250	837.38
14.260	838.63
14.270	839.89
14.280	841.15
14.290	842.41
14.300	843.67
14.310	844.93
14.320	846.19
14.330	847.46
14.340	848.72
14.350	849.99
14.360	851.25
14.370	852.52
14.380	853.79
14.390	855.06
14.400	856.33
14.410	857.60
14.420	858.87
14.430	860.15
14.440	861.42
14.450	862.70
14.460	863.97
14.470	865.25
14.480	866.53
14.490	867.81
14.500	869.09
14.510	870.37
14.520	871.65
14.530	872.94
14.540	874.22
14.550	875.51
14.560	876.79
14.570	878.08
14.580	879.37
14.590	880.66
14.600	881.95
14.610	883.24
14.620	884.53
14.630	885.83
14.640	887.12
14.650	888.42
14.660	889.71
14.670	891.01
14.680	892.31
14.690	893.61
14.700	894.91
14.710	896.21
14.720	897.51
14.730	898.81
14.740	900.12
14.750	901.42
14.760	902.73
14.770	904.04
14.780	905.35
14.790	906.66
14.800	907.97
14.810	909.28
14.820	910.59
14.830	911.90
14.840	913.22
14.850	914.53
14.860	915.85
14.870	917.17
14.880	918.49
14.890	919.81
14.900	921.13
14.910	922.45
14.920	923.77
14.930	925.09
14.940	926.42
14.950	927.74
14.960	929.07
14.970	930.40
14.980	931.73
14.990	933.06
15.000	934.39
15.010	935.72
15.020	937.05
15.030	938.39
15.040	939.72
15.050	941.06
15.060	942.39
15.070	943.73
15.080	945.07
15.090	946.41
15.100	947.75
15.110	949.09
15.120	950.43
15.130	951.78
15.140	953.12
15.150	954.47
15.160	955.81
15.170	957.16
15.180	958.51
15.190	959.86
15.200	961.21
15.210	962.56
15.220	963.92
15.230	965.27
15.240	966.62
15.250	967.98
15.260	969.34
15.270	970.70
15.280	972.05
15.290	973.41
15.300	974.78
15.310	976.14
15.320	977.50
15.330	978.86
15.340	980.23
15.350	981.60
15.360	982.96
15.370	984.33
15.380	985.70
15.390	987.07
15.400	988.44
15.410	989.81
15.420	991.19
15.430	992.56
15.440	993.94
15.450	995.31
15.460	996.69
15.470	998.07
15.480	999.45
15.490	1000.83
15.500	1002.21
15.510	1003.59
15.520	1004.97
15.530	1006.36
15.540	1007.74
15.550	1009.13
15.560	1010.52
15.570	1011.91
15.580	1013.30
15.590	1014.69
15.600	1016.08
15.610	1017.47
15.620	1018.86
15.630	1020.26
15.640	1021.65
15.650	1023.05
15.660	1024.45
15.670	1025.85
15.680	1027.25
15.690	1028.65
15.700	1030.05
15.710	1031.45
15.720	1032.86
15.730	1034.26
15.740	1035.67
15.750	1037.07
15.760	1038.48
15.770	1039.89
15.780	1041.30
15.790	1042.71
15.800	1044.13
15.810	1045.54
15.820	1046.95
15.830	1048.37
15.840	1049.78
15.850	1051.20
15.860	1052.62
15.870	1054.04
15.880	1055.46
15.890	1056.88
15.900	1058.30
15.910	1059.73
15.920	1061.15
15.930	1062.58
15.940	1064.00
15.950	1065.43
15.960	1066.86
15.970	1068.29
15.980	1069.72
15.990	1071.15
16.000	1072.58
16.010	1074.02
16.020	1075.45
16.030	1076.89
16.040	1078.33
16.050	1079.76
16.060	1081.20
16.070	1082.64
16.080	1084.08
16.090	1085.53
16.100	1086.97
16.110	1088.41
16.120	1089.86
16.130	1091.30
16.140	1092.75
16.150	1094.20
16.160	1095.65
16.170	1097.10
16.180	1098.55
16.190	1100.00
16.200	1101.46
16.210	1102.91
16.220	1104.37
16.230	1105.82
16.240	1107.28
16.250	1108.74
16.260	1110.20
16.270	1111.66
16.280	1113.12
16.290	1114.59
16.300	1116.05
16.310	1117.51
16.320	1118.98
16.330	1120.45
16.340	1121.92
16.350	1123.39
16.360	1124.86
16.370	1126.33
16.380	1127.80
16.390	1129.27
16.400	1130.75
16.410	1132.22
16.420	1133.70
16.430	1135.18
16.440	1136.66
16.450	1138.13
16.460	1139.62
16.470	1141.10
16.480	1142.58
16.490	1144.06
16.500	1145.55
16.510	1147.03
16.520	1148.52
16.530	1150.01
16.540	1151.50
16.550	1152.99
16.560	1154.48
16.570	1155.97
16.580	1157.47
16.590	1158.96
16.600	1160.46
16.610	1161.95
16.620	1163.45
16.630	1164.95
16.640	1166.45
16.650	1167.95
16.660	1169.45
16.670	1170.95
16.680	1172.46
16.690	1173.96
16.700	1175.47
16.710	1176.98
16.720	1178.48
16.730	1179.99
16.740	1181.50
16.750	1183.01
16.760	1184.53
16.770	1186.04
16.780	1187.55
16.790	1189.07
16.800	1190.59
16.810	1192.10
16.820	1193.62
16.830	1195.14
16.840	1196.66
16.850	1198.19
16.860	1199.71
16.870	1201.23
16.880	1202.76
16.890	1204.28
16.900	1205.81
16.910	1207.34
16.920	1208.87
16.930	1210.40
16.940	1211.93
16.950	1213.46
16.960	1215.00
16.970	1216.53
16.980	1218.07
16.990	1219.60
17.000	1221.14
17.010	1222.68
17.020	1224.22
17.030	1225.76
17.040	1227.30
17.050	1228.85
17.060	1230.39
17.070	1231.94
17.080	1233.48
17.090	1235.03
17.100	1236.58
17.110	1238.13
17.120	1239.68
17.130	1241.23
17.140	1242.78
17.150	1244.34
17.160	1245.89
17.170	1247.45
17.180	1249.01
17.190	1250.56
17.200	1252.12
17.210	1253.68
17.220	1255.24
17.230	1256.81
17.240	1258.37
17.250	1259.94
17.260	1261.50
17.270	1263.07
17.280	1264.64
17.290	1266.21
17.300	1267.78
17.310	1269.35
17.320	1270.92
17.330	1272.49
17.340	1274.07
17.350	1275.64
17.360	1277.22
17.370	1278.80
17.380	1280.37
17.390	1281.95
17.400	1283.53
17.410	1285.12
17.420	1286.70
17.430	1288.28
17.440	1289.87
17.450	1291.46
17.460	1293.04
17.470	1294.63
17.480	1296.22
17.490	1297.81
17.500	1299.40
17.510	1301.00
17.520	1302.59
17.530	1304.18
17.540	1305.78
17.550	1307.38
17.560	1308.98
17.570	1310.58
17.580	1312.18
17.590	1313.78
17.600	1315.38
17.610	1316.98
17.620	1318.59
17.630	1320.19
17.640	1321.80
17.650	1323.41
17.660	1325.02
17.670	1326.63
17.680	1328.24
17.690	1329.85
17.700	1331.47
17.710	1333.08
17.720	1334.70
17.730	1336.31
17.740	1337.93
17.750	1339.55
17.760	1341.17
17.770	1342.79
17.780	1344.41
17.790	1346.04
17.800	1347.66
17.810	1349.29
17.820	1350.91
17.830	1352.54
17.840	1354.17
17.850	1355.80
17.860	1357.43
17.870	1359.06
17.880	1360.70
17.890	1362.33
17.900	1363.97
17.910	1365.60
17.920	1367.24
17.930	1368.88
17.940	1370.52
17.950	1372.16
17.960	1373.80
17.970	1375.44
17.980	1377.09
17.990	1378.73
18.000	1380.38
18.010	1382.03
18.020	1383.68
18.030	1385.33
18.040	1386.98
18.050	1388.63
18.060	1390.28
18.070	1391.94
18.080	1393.59
18.090	1395.25
18.100	1396.91
18.110	1398.56
18.120	1400.22
18.130	1401.89
18.140	1403.55
18.150	1405.21
18.160	1406.87
18.170	1408.54
18.180	1410.21
18.190	1411.87
18.200	1413.54
18.210	1415.21
18.220	1416.88
18.230	1418.56
18.240	1420.23
18.250	1421.90
18.260	1423.58
18.270	1425.25
18.280	1426.93
18.290	1428.61
18.300	1430.29
18.310	1431.97
18.320	1433.65
18.330	1435.34
18.340	1437.02
18.350	1438.71
18.360	1440.39
18.370	1442.08
18.380	1443.77
18.390	1445.46
18.400	1447.15
18.410	1448.84
18.420	1450.54
18.430	1452.23
18.440	1453.93
18.450	1455.62
18.460	1457.32
18.470	1459.02
18.480	1460.72
18.490	1462.42
18.500	1464.12
18.510	1465.83
18.520	1467.53
18.530	1469.24
18.540	1470.94
18.550	1472.65
18.560	1474.36
18.570	1476.07
18.580	1477.78
18.590	1479.49
18.600	1481.21
18.610	1482.92
18.620	1484.64
18.630	1486.36
18.640	1488.07
18.650	1489.79
18.660	1491.51
18.670	1493.24
18.680	1494.96
18.690	1496.68
18.700	1498.41
18.710	1500.13
18.720	1501.86
18.730	1503.59
18.740	1505.32
18.750	1507.05
18.760	1508.78
18.770	1510.51
18.780	1512.25
18.790	1513.98
18.800	1515.72
18.810	1517.46
18.820	1519.20
18.830	1520.93
18.840	1522.68
18.850	1524.42
18.860	1526.16
18.870	1527.91
18.880	1529.65
18.890	1531.40
18.900	1533.15
18.910	1534.89
18.920	1536.64
18.930	1538.40
18.940	1540.15
18.950	1541.90
18.960	1543.66
18.970	1545.41
18.980	1547.17
18.990	1548.93
19.000	1550.69
19.010	1552.45
19.020	1554.21
19.030	1555.97
19.040	1557.73
19.050	1559.50
19.060	1561.27
19.070	1563.03
19.080	1564.80
19.090	1566.57
19.100	1568.34
19.110	1570.11
19.120	1571.89
19.130	1573.66
19.140	1575.44
19.150	1577.21
19.160	1578.99
19.170	1580.77
19.180	1582.55
19.190	1584.33
19.200	1586.11
19.210	1587.90
19.220	1589.68
19.230	1591.47
19.240	1593.25
19.250	1595.04
19.260	1596.83
19.270	1598.62
19.280	1600.41
19.290	1602.21
19.300	1604.00
19.310	1605.80
19.320	1607.59
19.330	1609.39
19.340	1611.19
19.350	1612.99
19.360	1614.79
19.370	1616.59
19.380	1618.39
19.390	1620.20
19.400	1622.00
19.410	1623.81
19.420	1625.62
19.430	1627.43
19.440	1629.24
19.450	1631.05
19.460	1632.86
19.470	1634.68
19.480	1636.49
19.490	1638.31
19.500	1640.12
19.510	1641.94
19.520	1643.76
19.530	1645.58
19.540	1647.41
19.550	1649.23
19.560	1651.05
19.570	1652.88
19.580	1654.71
19.590	1656.53
19.600	1658.36
19.610	1660.19
19.620	1662.02
19.630	1663.86
19.640	1665.69
19.650	1667.53
19.660	1669.36
19.670	1671.20
19.680	1673.04
19.690	1674.88
19.700	1676.72
19.710	1678.56
19.720	1680.40
19.730	1682.25
19.740	1684.09
19.750	1685.94
19.760	1687.79
19.770	1689.64
19.780	1691.49
19.790	1693.34
19.800	1695.19
19.810	1697.04
19.820	1698.90
19.830	1700.76
19.840	1702.61
19.850	1704.47
19.860	1706.33
19.870	1708.19
19.880	1710.06
19.890	1711.92
19.900	1713.78
19.910	1715.65
19.920	1717.52
19.930	1719.38
19.940	1721.25
19.950	1723.12
19.960	1725.00
19.970	1726.87
19.980	1728.74
19.990	1730.62
20.000	1732.49
20.010	1734.37
20.020	1736.25
20.030	1738.13
20.040	1740.01
20.050	1741.89
20.060	1743.78
20.070	1745.66
20.080	1747.55
20.090	1749.44
20.100	1751.32
20.110	1753.21
20.120	1755.11
20.130	1757.00
20.140	1758.89
20.150	1760.79
20.160	1762.68
20.170	1764.58
20.180	1766.48
20.190	1768.37
20.200	1770.28
20.210	1772.18
20.220	1774.08
20.230	1775.98
20.240	1777.89
20.250	1779.80
20.260	1781.70
20.270	1783.61
20.280	1785.52
20.290	1787.43
20.300	1789.35
20.310	1791.26
20.320	1793.18
20.330	1795.09
20.340	1797.01
20.350	1798.93
20.360	1800.85
20.370	1802.77
20.380	1804.69
20.390	1806.61
20.400	1808.54
20.410	1810.46
20.420	1812.39
20.430	1814.32
20.440	1816.25
20.450	1818.18
20.460	1820.11
20.470	1822.05
20.480	1823.98
20.490	1825.92
20.500	1827.85
20.510	1829.79
20.520	1831.73
20.530	1833.67
20.540	1835.61
20.550	1837.56
20.560	1839.50
20.570	1841.45
20.580	1843.39
20.590	1845.34
20.600	1847.29
20.610	1849.24
20.620	1851.19
20.630	1853.14
20.640	1855.10
20.650	1857.05
20.660	1859.01
20.670	1860.97
20.680	1862.93
20.690	1864.89
20.700	1866.85
20.710	1868.81
20.720	1870.77
20.730	1872.74
20.740	1874.71
20.750	1876.67
20.760	1878.64
20.770	1880.61
20.780	1882.58
20.790	1884.56
20.800	1886.53
20.810	1888.50
20.820	1890.48
20.830	1892.46
20.840	1894.44
20.850	1896.42
20.860	1898.40
20.870	1900.38
20.880	1902.36
20.890	1904.35
20.900	1906.33
20.910	1908.32
20.920	1910.31
20.930	1912.30
20.940	1914.29
20.950	1916.28
20.960	1918.28
20.970	1920.27
20.980	1922.27
20.990	1924.27
21.000	1926.26
21.010	1928.26
21.020	1930.27
21.030	1932.27
21.040	1934.27
21.050	1936.28
21.060	1938.28
21.070	1940.29
21.080	1942.30
21.090	1944.31
21.100	1946.32
21.110	1948.33
21.120	1950.35
21.130	1952.36
21.140	1954.38
21.150	1956.39
21.160	1958.41
21.170	1960.43
21.180	1962.45
21.190	1964.48
21.200	1966.50
21.210	1968.52
21.220	1970.55
21.230	1972.58
21.240	1974.61
21.250	1976.64
21.260	1978.67
21.270	1980.70
21.280	1982.73
21.290	1984.77
21.300	1986.81
21.310	1988.84
21.320	1990.88
21.330	1992.92
21.340	1994.96
21.350	1997.01
21.360	1999.05
21.370	2001.10
21.380	2003.14
21.390	2005.19
21.400	2007.24
21.410	2009.29
21.420	2011.34
21.430	2013.39
21.440	2015.45
21.450	2017.50
21.460	2019.56
21.470	2021.62
21.480	2023.68
21.490	2025.74
21.500	2027.80
21.510	2029.86
21.520	2031.93
21.530	2033.99
21.540	2036.06
21.550	2038.13
21.560	2040.20
21.570	2042.27
21.580	2044.34
21.590	2046.41
21.600	2048.49
21.610	2050.56
21.620	2052.64
21.630	2054.72
21.640	2056.80
21.650	2058.88
21.660	2060.96
21.670	2063.04
21.680	2065.13
21.690	2067.22
21.700	2069.30
21.710	2071.39
21.720	2073.48
21.730	2075.57
21.740	2077.67
21.750	2079.76
21.760	2081.85
21.770	2083.95
21.780	2086.05
21.790	2088.15
21.800	2090.25
21.810	2092.35
21.820	2094.45
21.830	2096.56
21.840	2098.66
21.850	2100.77
21.860	2102.88
21.870	2104.99
21.880	2107.10
21.890	2109.21
21.900	2111.32
21.910	2113.44
21.920	2115.55
21.930	2117.67
21.940	2119.79
21.950	2121.91
21.960	2124.03
21.970	2126.15
21.980	2128.28
21.990	2130.40
22.000	2132.53
22.010	2134.66
22.020	2136.79
22.030	2138.92
22.040	2141.05
22.050	2143.18
22.060	2145.31
22.070	2147.45
22.080	2149.59
22.090	2151.73
22.100	2153.87
22.110	2156.01
22.120	2158.15
22.130	2160.29
22.140	2162.44
22.150	2164.58
22.160	2166.73
22.170	2168.88
22.180	2171.03
22.190	2173.18
22.200	2175.33
22.210	2177.49
22.220	2179.64
22.230	2181.80
22.240	2183.96
22.250	2186.12
22.260	2188.28
22.270	2190.44
22.280	2192.60
22.290	2194.77
22.300	2196.93
22.310	2199.10
22.320	2201.27
22.330	2203.44
22.340	2205.61
22.350	2207.78
22.360	2209.96
22.370	2212.13
22.380	2214.31
22.390	2216.49
22.400	2218.67
22.410	2220.85
22.420	2223.03
22.430	2225.21
22.440	2227.40
22.450	2229.58
22.460	2231.77
22.470	2233.96
22.480	2236.15
22.490	2238.34
22.500	2240.53
22.510	2242.73
22.520	2244.92
22.530	2247.12
22.540	2249.32
22.550	2251.52
22.560	2253.72
22.570	2255.92
22.580	2258.12
22.590	2260.33
22.600	2262.54
22.610	2264.74
22.620	2266.95
22.630	2269.16
22.640	2271.37
22.650	2273.59
22.660	2275.80
22.670	2278.02
22.680	2280.23
22.690	2282.45
22.700	2284.67
22.710	2286.89
22.720	2289.12
22.730	2291.34
22.740	2293.57
22.750	2295.79
22.760	2298.02
22.770	2300.25
22.780	2302.48
22.790	2304.71
22.800	2306.94
22.810	2309.18
22.820	2311.42
22.830	2313.65
22.840	2315.89
22.850	2318.13
22.860	2320.37
22.870	2322.62
22.880	2324.86
22.890	2327.11
22.900	2329.35
22.910	2331.60
22.920	2333.85
22.930	2336.10
22.940	2338.36
22.950	2340.61
22.960	2342.87
22.970	2345.12
22.980	2347.38
22.990	2349.64
23.000	2351.90
23.010	2354.16
23.020	2356.43
23.030	2358.69
23.040	2360.96
23.050	2363.23
23.060	2365.49
23.070	2367.77
23.080	2370.04
23.090	2372.31
23.100	2374.58
23.110	2376.86
23.120	2379.14
23.130	2381.42
23.140	2383.70
23.150	2385.98
23.160	2388.26
23.170	2390.55
23.180	2392.83
23.190	2395.12
23.200	2397.41
23.210	2399.70
23.220	2401.99
23.230	2404.28
23.240	2406.58
23.250	2408.87
23.260	2411.17
23.270	2413.47
23.280	2415.77
23.290	2418.07
23.300	2420.37
23.310	2422.68
23.320	2424.98
23.330	2427.29
23.340	2429.60
23.350	2431.91
23.360	2434.22
23.370	2436.53
23.380	2438.84
23.390	2441.16
23.400	2443.47
23.410	2445.79
23.420	2448.11
23.430	2450.43
23.440	2452.76
23.450	2455.08
23.460	2457.40
23.470	2459.73
23.480	2462.06
23.490	2464.39
23.500	2466.72
23.510	2469.05
23.520	2471.38
23.530	2473.72
23.540	2476.06
23.550	2478.39
23.560	2480.73
23.570	2483.07
23.580	2485.42
23.590	2487.76
23.600	2490.10
23.610	2492.45
23.620	2494.80
23.630	2497.15
23.640	2499.50
23.650	2501.85
23.660	2504.20
23.670	2506.56
23.680	2508.92
23.690	2511.27
23.700	2513.63
23.710	2515.99
23.720	2518.36
23.730	2520.72
23.740	2523.08
23.750	2525.45
23.760	2527.82
23.770	2530.19
23.780	2532.56
23.790	2534.93
23.800	2537.30
23.810	2539.68
23.820	2542.06
23.830	2544.43
23.840	2546.81
23.850	2549.19
23.860	2551.58
23.870	2553.96
23.880	2556.34
23.890	2558.73
23.900	2561.12
23.910	2563.51
23.920	2565.90
23.930	2568.29
23.940	2570.68
23.950	2573.08
23.960	2575.48
23.970	2577.87
23.980	2580.27
23.990	2582.67
24.000	2585.08
24.010	2587.48
24.020	2589.89
24.030	2592.29
24.040	2594.70
24.050	2597.11
24.060	2599.52
24.070	2601.93
24.080	2604.35
24.090	2606.76
24.100	2609.18
24.110	2611.60
24.120	2614.02
24.130	2616.44
24.140	2618.86
24.150	2621.29
24.160	2623.71
24.170	2626.14
24.180	2628.57
24.190	2631.00
24.200	2633.43
24.210	2635.86
24.220	2638.30
24.230	2640.73
24.240	2643.17
24.250	2645.61
24.260	2648.05
24.270	2650.49
24.280	2652.93
24.290	2655.38
24.300	2657.82
24.310	2660.27
24.320	2662.72
24.330	2665.17
24.340	2667.62
24.350	2670.08
24.360	2672.53
24.370	2674.99
24.380	2677.45
24.390	2679.91
24.400	2682.37
24.410	2684.83
24.420	2687.29
24.430	2689.76
24.440	2692.22
24.450	2694.69
24.460	2697.16
24.470	2699.63
24.480	2702.11
24.490	2704.58
24.500	2707.05
24.510	2709.53
24.520	2712.01
24.530	2714.49
24.540	2716.97
24.550	2719.46
24.560	2721.94
24.570	2724.43
24.580	2726.91
24.590	2729.40
24.600	2731.89
24.610	2734.38
24.620	2736.88
24.630	2739.37
24.640	2741.87
24.650	2744.37
24.660	2746.87
24.670	2749.37
24.680	2751.87
24.690	2754.37
24.700	2756.88
24.710	2759.39
24.720	2761.89
24.730	2764.40
24.740	2766.91
24.750	2769.43
24.760	2771.94
24.770	2774.46
24.780	2776.97
24.790	2779.49
24.800	2782.01
24.810	2784.54
24.820	2787.06
24.830	2789.58
24.840	2792.11
24.850	2794.64
24.860	2797.17
24.870	2799.70
24.880	2802.23
24.890	2804.76
24.900	2807.30
24.910	2809.84
24.920	2812.37
24.930	2814.91
24.940	2817.46
24.950	2820.00
24.960	2822.54
24.970	2825.09
24.980	2827.64
24.990	2830.19
25.000	2832.74
25.010	2835.29
25.020	2837.84
25.030	2840.40
25.040	2842.95
25.050	2845.51
25.060	2848.07
25.070	2850.63
25.080	2853.20
25.090	2855.76
25.100	2858.33
25.110	2860.89
25.120	2863.46
25.130	2866.03
25.140	2868.60
25.150	2871.18
25.160	2873.75
25.170	2876.33
25.180	2878.91
25.190	2881.49
25.200	2884.07
25.210	2886.65
25.220	2889.23
25.230	2891.82
25.240	2894.41
25.250	2896.99
25.260	2899.58
25.270	2902.18
25.280	2904.77
25.290	2907.36
25.300	2909.96
25.310	2912.56
25.320	2915.16
25.330	2917.76
25.340	2920.36
25.350	2922.97
25.360	2925.57
25.370	2928.18
25.380	2930.79
25.390	2933.40
25.400	2936.01
25.410	2938.62
25.420	2941.24
25.430	2943.85
25.440	2946.47
25.450	2949.09
25.460	2951.71
25.470	2954.33
25.480	2956.96
25.490	2959.58
25.500	2962.21
25.510	2964.84
25.520	2967.47
25.530	2970.10
25.540	2972.74
25.550	2975.37
25.560	2978.01
25.570	2980.65
25.580	2983.29
25.590	2985.93
25.600	2988.57
25.610	2991.22
25.620	2993.86
25.630	2996.51
25.640	2999.16
25.650	3001.81
25.660	3004.46
25.670	3007.12
25.680	3009.77
25.690	3012.43
25.700	3015.09
25.710	3017.75
25.720	3020.41
25.730	3023.07
25.740	3025.74
25.750	3028.40
25.760	3031.07
25.770	3033.74
25.780	3036.41
25.790	3039.08
25.800	3041.76
25.810	3044.43
25.820	3047.11
25.830	3049.79
25.840	3052.47
25.850	3055.15
25.860	3057.84
25.870	3060.52
25.880	3063.21
25.890	3065.90
25.900	3068.59
25.910	3071.28
25.920	3073.98
25.930	3076.67
25.940	3079.37
25.950	3082.07
25.960	3084.77
25.970	3087.47
25.980	3090.17
25.990	3092.87
26.000	3095.58
26.010	3098.29
26.020	3101.00
26.030	3103.71
26.040	3106.42
26.050	3109.14
26.060	3111.85
26.070	3114.57
26.080	3117.29
26.090	3120.01
26.100	3122.73
26.110	3125.46
26.120	3128.18
26.130	3130.91
26.140	3133.64
26.150	3136.37
26.160	3139.10
26.170	3141.83
26.180	3144.57
26.190	3147.31
26.200	3150.04
26.210	3152.78
26.220	3155.53
26.230	3158.27
26.240	3161.01
26.250	3163.76
26.260	3166.51
26.270	3169.26
26.280	3172.01
26.290	3174.76
26.300	3177.52
26.310	3180.28
26.320	3183.03
26.330	3185.79
26.340	3188.55
26.350	3191.32
26.360	3194.08
26.370	3196.85
26.380	3199.62
26.390	3202.39
26.400	3205.16
26.410	3207.93
26.420	3210.70
26.430	3213.48
26.440	3216.26
26.450	3219.04
26.460	3221.82
26.470	3224.60
26.480	3227.39
26.490	3230.17
26.500	3232.96
26.510	3235.75
26.520	3238.54
26.530	3241.33
26.540	3244.13
26.550	3246.92
26.560	3249.72
26.570	3252.52
26.580	3255.32
26.590	3258.12
26.600	3260.93
26.610	3263.73
26.620	3266.54
26.630	3269.35
26.640	3272.16
26.650	3274.97
26.660	3277.79
26.670	3280.60
26.680	3283.42
26.690	3286.24
26.700	3289.06
26.710	3291.88
26.720	3294.71
26.730	3297.53
26.740	3300.36
26.750	3303.19
26.760	3306.02
26.770	3308.86
26.780	3311.69
26.790	3314.53
26.800	3317.36
26.810	3320.20
26.820	3323.04
26.830	3325.89
26.840	3328.73
26.850	3331.58
26.860	3334.43
26.870	3337.27
26.880	3340.13
26.890	3342.98
26.900	3345.83
26.910	3348.69
26.920	3351.55
26.930	3354.41
26.940	3357.27
26.950	3360.13
26.960	3363.00
26.970	3365.86
26.980	3368.73
26.990	3371.60
27.000	3374.47
27.010	3377.35
27.020	3380.22
27.030	3383.10
27.040	3385.98
27.050	3388.86
27.060	3391.74
27.070	3394.62
27.080	3397.51
27.090	3400.40
27.100	3403.28
27.110	3406.17
27.120	3409.07
27.130	3411.96
27.140	3414.86
27.150	3417.75
27.160	3420.65
27.170	3423.55
27.180	3426.46
27.190	3429.36
27.200	3432.27
27.210	3435.17
27.220	3438.08
27.230	3440.99
27.240	3443.91
27.250	3446.82
27.260	3449.74
27.270	3452.66
27.280	3455.58
27.290	3458.50
27.300	3461.42
27.310	3464.35
27.320	3467.27
27.330	3470.20
27.340	3473.13
27.350	3476.06
27.360	3479.00
27.370	3481.93
27.380	3484.87
27.390	3487.81
27.400	3490.75
27.410	3493.69
27.420	3496.64
27.430	3499.58
27.440	3502.53
27.450	3505.48
27.460	3508.43
27.470	3511.38
27.480	3514.34
27.490	3517.29
27.500	3520.25
27.510	3523.21
27.520	3526.17
27.530	3529.14
27.540	3532.10
27.550	3535.07
27.560	3538.04
27.570	3541.01
27.580	3543.98
27.590	3546.96
27.600	3549.93
27.610	3552.91
27.620	3555.89
27.630	3558.87
27.640	3561.85
27.650	3564.84
27.660	3567.83
27.670	3570.81
27.680	3573.80
27.690	3576.80
27.700	3579.79
27.710	3582.78
27.720	3585.78
27.730	3588.78
27.740	3591.78
27.750	3594.78
27.760	3597.79
27.770	3600.80
27.780	3603.80
27.790	3606.81
27.800	3609.82
27.810	3612.84
27.820	3615.85
27.830	3618.87
27.840	3621.89
27.850	3624.91
27.860	3627.93
27.870	3630.96
27.880	3633.98
27.890	3637.01
27.900	3640.04
27.910	3643.07
27.920	3646.10
27.930	3649.14
27.940	3652.17
27.950	3655.21
27.960	3658.25
27.970	3661.30
27.980	3664.34
27.990	3667.39
28.000	3670.43
28.010	3673.48
28.020	3676.53
28.030	3679.59
28.040	3682.64
28.050	3685.70
28.060	3688.76
28.070	3691.82
28.080	3694.88
28.090	3697.94
28.100	3701.01
28.110	3704.08
28.120	3707.15
28.130	3710.22
28.140	3713.29
28.150	3716.37
28.160	3719.44
28.170	3722.52
28.180	3725.60
28.190	3728.69
28.200	3731.77
28.210	3734.86
28.220	3737.94
28.230	3741.03
28.240	3744.12
28.250	3747.22
28.260	3750.31
28.270	3753.41
28.280	3756.51
28.290	3759.61
28.300	3762.71
28.310	3765.82
28.320	3768.92
28.330	3772.03
28.340	3775.14
28.350	3778.25
28.360	3781.37
28.370	3784.48
28.380	3787.60
28.390	3790.72
28.400	3793.84
28.410	3796.96
28.420	3800.09
28.430	3803.22
28.440	3806.34
28.450	3809.47
28.460	3812.61
28.470	3815.74
28.480	3818.88
28.490	3822.02
28.500	3825.16
28.510	3828.30
28.520	3831.44
28.530	3834.59
28.540	3837.73
28.550	3840.88
28.560	3844.03
28.570	3847.19
28.580	3850.34
28.590	3853.50
28.600	3856.66
28.610	3859.82
28.620	3862.98
28.630	3866.14
28.640	3869.31
28.650	3872.48
28.660	3875.65
28.670	3878.82
28.680	3881.99
28.690	3885.17
28.700	3888.35
28.710	3891.53
28.720	3894.71
28.730	3897.89
28.740	3901.08
28.750	3904.26
28.760	3907.45
28.770	3910.64
28.780	3913.84
28.790	3917.03
28.800	3920.23
28.810	3923.42
28.820	3926.63
28.830	3929.83
28.840	3933.03
28.850	3936.24
28.860	3939.45
28.870	3942.66
28.880	3945.87
28.890	3949.08
28.900	3952.30
28.910	3955.51
28.920	3958.73
28.930	3961.95
28.940	3965.18
28.950	3968.40
28.960	3971.63
28.970	3974.86
28.980	3978.09
28.990	3981.32
29.000	3984.56
29.010	3987.79
29.020	3991.03
29.030	3994.27
29.040	3997.52
29.050	4000.76
29.060	4004.01
29.070	4007.26
29.080	4010.51
29.090	4013.76
29.100	4017.01
29.110	4020.27
29.120	4023.53
29.130	4026.79
29.140	4030.05
29.150	4033.31
29.160	4036.58
29.170	4039.85
29.180	4043.12
29.190	4046.39
29.200	4049.66
29.210	4052.94
29.220	4056.21
29.230	4059.49
29.240	4062.77
29.250	4066.06
29.260	4069.34
29.270	4072.63
29.280	4075.92
29.290	4079.21
29.300	4082.50
29.310	4085.80
29.320	4089.10
29.330	4092.39
29.340	4095.70
29.350	4099.00
29.360	4102.30
29.370	4105.61
29.380	4108.92
29.390	4112.23
29.400	4115.54
29.410	4118.86
29.420	4122.17
29.430	4125.49
29.440	4128.81
29.450	4132.14
29.460	4135.46
29.470	4138.79
29.480	4142.12
29.490	4145.45
29.500	4148.78
29.510	4152.11
29.520	4155.45
29.530	4158.79
29.540	4162.13
29.550	4165.47
29.560	4168.82
29.570	4172.16
29.580	4175.51
29.590	4178.86
29.600	4182.22
29.610	4185.57
29.620	4188.93
29.630	4192.29
29.640	4195.65
29.650	4199.01
29.660	4202.37
29.670	4205.74
29.680	4209.11
29.690	4212.48
29.700	4215.85
29.710	4219.23
29.720	4222.60
29.730	4225.98
29.740	4229.36
29.750	4232.74
29.760	4236.13
29.770	4239.52
29.780	4242.90
29.790	4246.29
29.800	4249.69
29.810	4253.08
29.820	4256.48
29.830	4259.88
29.840	4263.28
29.850	4266.68
29.860	4270.09
29.870	4273.49
29.880	4276.90
29.890	4280.31
29.900	4283.73
29.910	4287.14
29.920	4290.56
29.930	4293.98
29.940	4297.40
29.950	4300.82
29.960	4304.25
29.970	4307.67
29.980	4311.10
29.990	4314.53
30.000	4317.97
