x(m)	V(m/s)
0.00	10.000
0.01	10.349
0.02	10.697
0.03	11.046
0.04	11.395
0.05	11.743
0.06	12.092
0.07	12.441
0.08	12.790
0.09	13.139
0.11	13.489
0.12	13.838
0.13	14.187
0.15	14.537
0.16	14.886
0.17	15.236
0.19	15.585
0.20	15.935
0.22	16.285
0.24	16.634
0.25	16.984
0.27	17.334
0.29	17.684
0.30	18.034
0.32	18.385
0.34	18.735
0.36	19.085
0.38	19.435
0.40	19.786
0.42	20.136
0.44	20.487
0.46	20.838
0.48	21.188
0.50	21.539
0.52	21.890
0.54	22.241
0.57	22.592
0.59	22.943
0.61	23.294
0.64	23.645
0.66	23.996
0.68	24.348
0.71	24.699
0.74	25.050
0.76	25.402
0.79	25.754
0.81	26.105
0.84	26.457
0.87	26.809
0.90	27.160
0.92	27.512
0.95	27.864
0.98	28.216
1.01	28.568
1.04	28.921
1.07	29.273
1.10	29.625
1.13	29.978
1.16	30.330
1.19	30.682
1.23	31.035
1.26	31.388
1.29	31.740
1.32	32.093
1.36	32.446
1.39	32.799
1.42	33.152
1.46	33.505
1.49	33.858
1.53	34.211
1.57	34.564
1.60	34.918
1.64	35.271
1.68	35.624
1.71	35.978
1.75	36.331
1.79	36.685
1.83	37.039
1.87	37.392
1.91	37.746
1.95	38.100
1.99	38.454
2.03	38.808
2.07	39.162
2.11	39.516
2.15	39.870
2.19	40.224
2.24	40.579
2.28	40.933
2.32	41.287
2.37	41.642
2.41	41.996
2.46	42.351
2.50	42.706
2.55	43.060
2.59	43.415
2.64	43.770
2.68	44.125
2.73	44.480
2.78	44.835
2.83	45.190
2.87	45.545
2.92	45.901
2.97	46.256
3.02	46.611
3.07	46.967
3.12	47.322
3.17	47.678
3.22	48.033
3.27	48.389
3.32	48.745
3.38	49.101
3.43	49.456
3.48	49.812
3.53	50.168
3.59	50.524
3.64	50.881
3.70	51.237
3.75	51.593
3.81	51.949
3.86	52.306
3.92	52.662
3.97	53.018
4.03	53.375
4.09	53.732
4.15	54.088
4.20	54.445
4.26	54.802
4.32	55.159
4.38	55.515
4.44	55.872
4.50	56.229
4.56	56.587
4.62	56.944
4.68	57.301
4.74	57.658
4.81	58.015
4.87	58.373
4.93	58.730
4.99	59.088
5.06	59.445
5.12	59.803
5.19	60.161
5.25	60.518
5.31	60.876
5.38	61.234
5.45	61.592
5.51	61.950
5.58	62.308
5.65	62.666
5.71	63.024
5.78	63.382
5.85	63.741
5.92	64.099
5.99	64.457
6.06	64.816
6.13	65.174
6.20	65.533
6.27	65.892
6.34	66.250
6.41	66.609
6.48	66.968
6.55	67.327
6.63	67.685
6.70	68.044
6.77	68.403
6.85	68.763
6.92	69.122
7.00	69.481
7.07	69.840
7.15	70.199
7.22	70.559
7.30	70.918
7.37	71.278
7.45	71.637
7.53	71.997
7.61	72.357
7.69	72.716
7.76	73.076
7.84	73.436
7.92	73.796
8.00	74.156
8.08	74.516
8.16	74.876
8.24	75.236
8.33	75.596
8.41	75.956
8.49	76.317
8.57	76.677
8.65	77.037
8.74	77.398
8.82	77.758
8.91	78.119
8.99	78.480
9.08	78.840
9.16	79.201
9.25	79.562
9.33	79.923
9.42	80.284
9.51	80.644
9.59	81.005
9.68	81.367
9.77	81.728
9.86	82.089
9.95	82.450
10.04	82.811
10.13	83.173
10.22	83.534
10.31	83.896
10.40	84.257
10.49	84.619
10.58	84.980
10.67	85.342
10.77	85.704
10.86	86.065
10.95	86.427
11.05	86.789
11.14	87.151
11.23	87.513
11.33	87.875
11.42	88.237
11.52	88.599
11.62	88.962
11.71	89.324
11.81	89.686
11.91	90.049
12.00	90.411
12.10	90.774
12.20	91.136
12.30	91.499
12.40	91.861
12.50	92.224
12.60	92.587
12.70	92.950
12.80	93.312
12.90	93.675
13.00	94.038
13.11	94.401
13.21	94.764
13.31	95.128
13.42	95.491
13.52	95.854
13.62	96.217
13.73	96.581
13.83	96.944
13.94	97.307
14.04	97.671
14.15	98.034
14.26	98.398
14.36	98.762
14.47	99.125
14.58	99.489
14.69	99.853
14.80	100.217
14.90	100.581
15.01	100.945
15.12	101.309
15.23	101.673
15.34	102.037
15.45	102.401
15.57	102.765
15.68	103.129
15.79	103.494
15.90	103.858
16.02	104.223
16.13	104.587
16.24	104.952
16.36	105.316
16.47	105.681
16.59	106.045
16.70	106.410
16.82	106.775
16.93	107.140
17.05	107.505
17.17	107.869
17.28	108.234
17.40	108.599
17.52	108.965
17.64	109.330
17.76	109.695
17.88	110.060
18.00	110.425
18.12	110.791
18.24	111.156
18.36	111.521
18.48	111.887
18.60	112.252
18.72	112.618
18.85	112.984
18.97	113.349
19.09	113.715
19.22	114.081
19.34	114.447
19.47	114.812
19.59	115.178
19.72	115.544
19.84	115.910
19.97	116.276
20.09	116.642
20.22	117.009
20.35	117.375
20.48	117.741
20.61	118.107
20.73	118.474
20.86	118.840
20.99	119.207
21.12	119.573
21.25	119.940
21.38	120.306
21.51	120.673
21.65	121.039
21.78	121.406
21.91	121.773
22.04	122.140
22.18	122.507
22.31	122.874
22.44	123.241
22.58	123.608
22.71	123.975
22.85	124.342
22.98	124.709
23.12	125.076
23.25	125.443
23.39	125.811
23.53	126.178
23.67	126.545
23.80	126.913
23.94	127.280
24.08	127.648
24.22	128.015
24.36	128.383
24.50	128.751
24.64	129.118
24.78	129.486
24.92	129.854
25.06	130.222
25.20	130.590
25.35	130.957
25.49	131.325
25.63	131.693
25.78	132.062
25.92	132.430
26.06	132.798
26.21	133.166
26.35	133.534
26.50	133.903
26.65	134.271
26.79	134.639
26.94	135.008
27.09	135.376
27.23	135.745
27.38	136.113
27.53	136.482
27.68	136.851
27.83	137.219
27.98	137.588
28.13	137.957
28.28	138.326
28.43	138.695
28.58	139.063
28.73	139.432
28.88	139.801
29.04	140.170
29.19	140.540
29.34	140.909
29.50	141.278
29.65	141.647
29.80	142.016
29.96	142.386
30.11	142.755
30.27	143.124
30.43	143.494
30.58	143.863
30.74	144.233
30.90	144.602
31.05	144.972
31.21	145.342
31.37	145.711
31.53	146.081
31.69	146.451
31.85	146.821
32.01	147.191
32.17	147.561
32.33	147.930
32.49	148.300
32.65	148.671
32.82	149.041
32.98	149.411
33.14	149.781
33.30	150.151
33.47	150.521
33.63	150.892
33.80	151.262
33.96	151.632
34.13	152.003
34.29	152.373
34.46	152.744
34.63	153.114
34.79	153.485
34.96	153.855
35.13	154.226
35.30	154.597
35.46	154.968
35.63	155.338
35.80	155.709
35.97	156.080
36.14	156.451
36.31	156.822
36.48	157.193
36.66	157.564
36.83	157.935
37.00	158.306
37.17	158.677
37.35	159.048
37.52	159.420
37.69	159.791
37.87	160.162
38.04	160.533
38.22	160.905
38.39	161.276
38.57	161.648
38.74	162.019
38.92	162.391
39.10	162.762
39.28	163.134
39.45	163.506
39.63	163.877
39.81	164.249
39.99	164.621
40.17	164.993
40.35	165.365
40.53	165.736
40.71	166.108
40.89	166.480
41.07	166.852
41.26	167.224
41.44	167.597
41.62	167.969
41.80	168.341
41.99	168.713
42.17	169.085
42.36	169.458
42.54	169.830
42.73	170.202
42.91	170.575
43.10	170.947
43.28	171.319
43.47	171.692
43.66	172.065
43.85	172.437
44.03	172.810
44.22	173.182
44.41	173.555
44.60	173.928
44.79	174.301
44.98	174.673
45.17	175.046
45.36	175.419
45.55	175.792
45.74	176.165
45.94	176.538
46.13	176.911
46.32	177.284
46.51	177.657
46.71	178.030
46.90	178.403
47.10	178.777
47.29	179.150
47.49	179.523
47.68	179.897
47.88	180.270
48.08	180.643
48.27	181.017
48.47	181.390
48.67	181.764
48.87	182.137
49.07	182.511
49.26	182.884
49.46	183.258
49.66	183.632
49.86	184.005
50.06	184.379
50.27	184.753
50.47	185.127
50.67	185.501
50.87	185.874
51.07	186.248
51.28	186.622
51.48	186.996
51.68	187.370
51.89	187.744
52.09	188.118
52.30	188.492
52.50	188.866
52.71	189.239
52.92	189.613
53.12	189.987
53.33	190.361
53.54	190.735
53.74	191.108
53.95	191.482
54.16	191.856
54.37	192.230
54.58	192.603
54.79	192.977
55.00	193.351
55.21	193.724
55.42	194.098
55.63	194.471
55.85	194.845
56.06	195.219
56.27	195.592
56.48	195.966
56.70	196.339
56.91	196.713
57.13	197.086
57.34	197.460
57.56	197.833
57.77	198.206
57.99	198.580
58.21	198.953
58.42	199.326
58.64	199.700
58.86	200.073
59.07	200.446
59.29	200.819
59.51	201.193
59.73	201.566
59.95	201.939
60.17	202.312
60.39	202.685
60.61	203.058
60.83	203.431
61.06	203.804
61.28	204.177
61.50	204.550
61.72	204.923
61.95	205.295
62.17	205.668
62.39	206.041
62.62	206.414
62.84	206.786
63.07	207.159
63.29	207.532
63.52	207.904
63.75	208.277
63.97	208.649
64.20	209.022
64.43	209.394
64.66	209.767
64.89	210.139
65.12	210.512
65.34	210.884
65.57	211.256
65.80	211.628
66.03	212.000
66.27	212.373
66.50	212.745
66.73	213.117
66.96	213.489
67.19	213.861
67.43	214.233
67.66	214.604
67.89	214.976
68.13	215.348
68.36	215.720
68.60	216.091
68.83	216.463
69.07	216.835
69.31	217.206
69.54	217.578
69.78	217.949
70.02	218.321
70.25	218.692
70.49	219.063
70.73	219.434
70.97	219.806
71.21	220.177
71.45	220.548
71.69	220.919
71.93	221.290
72.17	221.661
72.41	222.032
72.65	222.403
72.90	222.773
73.14	223.144
73.38	223.515
73.62	223.885
73.87	224.256
74.11	224.626
74.36	224.997
74.60	225.367
74.85	225.737
75.09	226.108
75.34	226.478
75.59	226.848
75.83	227.218
76.08	227.588
76.33	227.958
76.58	228.328
76.83	228.698
77.07	229.067
77.32	229.437
77.57	229.807
77.82	230.176
78.07	230.546
78.33	230.915
78.58	231.284
78.83	231.654
79.08	232.023
79.33	232.392
79.59	232.761
79.84	233.130
80.09	233.499
80.35	233.868
80.60	234.237
80.86	234.605
81.11	234.974
81.37	235.343
81.62	235.711
81.88	236.080
82.14	236.448
82.39	236.816
82.65	237.185
82.91	237.553
83.17	237.921
83.43	238.289
83.69	238.657
83.95	239.024
84.21	239.392
84.47	239.760
84.73	240.128
84.99	240.495
85.25	240.862
85.51	241.230
85.78	241.597
86.04	241.964
86.30	242.331
86.57	242.698
86.83	243.065
87.09	243.432
87.36	243.799
87.62	244.166
87.89	244.532
88.16	244.899
88.42	245.265
88.69	245.632
88.96	245.998
89.22	246.364
89.49	246.730
89.76	247.096
90.03	247.462
90.30	247.828
90.57	248.194
90.84	248.559
91.11	248.925
91.38	249.290
91.65	249.656
91.92	250.021
92.19	250.386
92.47	250.751
92.74	251.116
93.01	251.481
93.28	251.846
93.56	252.211
93.83	252.575
94.11	252.940
94.38	253.304
94.66	253.668
94.93	254.033
95.21	254.397
95.49	254.761
95.76	255.125
96.04	255.489
96.32	255.852
96.60	256.216
96.88	256.579
97.15	256.943
97.43	257.306
97.71	257.669
97.99	258.032
98.27	258.395
98.56	258.758
98.84	259.121
99.12	259.484
99.40	259.846
99.68	260.209
99.97	260.571
100.25	260.933
100.53	261.296
100.82	261.658
101.10	262.020
101.39	262.381
101.67	262.743
101.96	263.105
102.24	263.466
102.53	263.828
102.81	264.189
103.10	264.550
103.39	264.911
103.68	265.272
103.97	265.633
104.25	265.993
104.54	266.354
104.83	266.714
105.12	267.075
105.41	267.435
105.70	267.795
105.99	268.155
106.29	268.515
106.58	268.875
106.87	269.234
107.16	269.594
107.45	269.953
107.75	270.312
108.04	270.671
108.34	271.030
108.63	271.389
108.92	271.747
109.22	272.105
109.51	272.463
109.81	272.821
110.11	273.179
110.40	273.537
110.70	273.894
111.00	274.251
111.30	274.608
111.59	274.965
111.89	275.322
112.19	275.679
112.49	276.035
112.79	276.391
113.09	276.747
113.39	277.103
113.69	277.459
113.99	277.814
114.30	278.169
114.60	278.524
114.90	278.879
115.20	279.234
115.51	279.589
115.81	279.943
116.11	280.297
116.42	280.651
116.72	281.005
117.03	281.359
117.33	281.712
117.64	282.065
117.94	282.418
118.25	282.771
118.56	283.124
118.86	283.476
119.17	283.828
119.48	284.180
119.79	284.532
120.10	284.884
120.41	285.235
120.72	285.587
121.03	285.938
121.34	286.289
121.65	286.639
121.96	286.990
122.27	287.340
122.58	287.690
122.89	288.040
123.21	288.390
123.52	288.739
123.83	289.089
124.15	289.438
124.46	289.787
124.77	290.135
125.09	290.484
125.40	290.832
125.72	291.180
126.04	291.528
126.35	291.875
126.67	292.223
126.99	292.570
127.30	292.917
127.62	293.264
127.94	293.610
128.26	293.957
128.58	294.303
128.89	294.649
129.21	294.994
129.53	295.340
129.85	295.685
130.18	296.030
130.50	296.375
130.82	296.720
131.14	297.064
131.46	297.408
131.78	297.752
132.11	298.096
132.43	298.440
132.75	298.783
133.08	299.126
133.40	299.469
133.73	299.812
134.05	300.154
134.38	300.496
134.70	300.838
135.03	301.180
135.36	301.522
135.68	301.863
136.01	302.204
136.34	302.545
136.67	302.885
136.99	303.226
137.32	303.566
137.65	303.906
137.98	304.246
138.31	304.585
138.64	304.925
138.97	305.264
139.30	305.603
139.63	305.941
139.96	306.280
140.30	306.618
140.63	306.956
140.96	307.294
141.29	307.631
141.63	307.968
141.96	308.306
142.30	308.642
142.63	308.979
142.96	309.315
143.30	309.652
143.63	309.988
143.97	310.323
144.31	310.659
144.64	310.994
144.98	311.329
145.32	311.664
145.66	311.998
145.99	312.333
146.33	312.667
146.67	313.001
147.01	313.334
147.35	313.668
147.69	314.001
148.03	314.334
148.37	314.666
148.71	314.999
149.05	315.331
149.39	315.663
149.73	315.995
150.08	316.326
150.42	316.657
150.76	316.988
151.10	317.319
151.45	317.650
151.79	317.980
152.14	318.310
152.48	318.640
152.83	318.969
153.17	319.299
153.52	319.628
153.86	319.957
154.21	320.285
154.56	320.614
154.90	320.942
155.25	321.270
155.60	321.597
155.95	321.924
156.29	322.252
156.64	322.578
156.99	322.905
157.34	323.231
157.69	323.558
158.04	323.883
158.39	324.209
158.74	324.534
159.09	324.859
159.45	325.184
159.80	325.509
160.15	325.833
160.50	326.157
160.86	326.481
161.21	326.805
161.56	327.128
161.92	327.451
162.27	327.774
162.62	328.097
162.98	328.419
163.33	328.741
163.69	329.063
164.05	329.384
164.40	329.706
164.76	330.027
165.12	330.347
165.47	330.668
165.83	330.988
166.19	331.308
166.55	331.628
166.91	331.947
167.26	332.267
167.62	332.586
167.98	332.904
168.34	333.223
168.70	333.541
169.06	333.859
169.43	334.176
169.79	334.494
170.15	334.811
170.51	335.128
170.87	335.445
171.24	335.762
171.60	336.079
171.96	336.395
172.32	336.712
172.69	337.028
173.05	337.344
173.42	337.660
173.78	337.976
174.15	338.292
174.51	338.608
174.88	338.923
175.25	339.239
175.61	339.554
175.98	339.869
176.35	340.184
176.71	340.499
177.08	340.814
177.45	341.129
177.82	341.443
178.19	341.757
178.56	342.072
178.93	342.386
179.30	342.700
179.67	343.013
180.04	343.327
180.41	343.641
180.78	343.954
181.15	344.267
181.52	344.581
181.89	344.894
182.27	345.206
182.64	345.519
183.01	345.832
183.38	346.144
183.76	346.457
184.13	346.769
184.51	347.081
184.88	347.393
185.26	347.705
185.63	348.016
186.01	348.328
186.38	348.639
186.76	348.950
187.14	349.262
187.51	349.573
187.89	349.883
188.27	350.194
188.65	350.505
189.02	350.815
189.40	351.125
189.78	351.436
190.16	351.746
190.54	352.055
190.92	352.365
191.30	352.675
191.68	352.984
192.06	353.294
192.44	353.603
192.83	353.912
193.21	354.221
193.59	354.530
193.97	354.838
194.35	355.147
194.74	355.455
195.12	355.764
195.50	356.072
195.89	356.380
196.27	356.688
196.66	356.996
197.04	357.304
197.43	357.611
197.81	357.919
198.20	358.226
198.59	358.533
198.97	358.840
199.36	359.147
199.75	359.454
200.13	359.761
200.52	360.067
200.91	360.374
201.30	360.680
201.69	360.986
202.08	361.292
202.47	361.598
202.86	361.904
203.25	362.209
203.64	362.515
204.03	362.820
204.42	363.126
204.81	363.431
205.20	363.736
205.59	364.041
205.99	364.346
206.38	364.650
206.77	364.955
207.16	365.259
207.56	365.563
207.95	365.868
208.35	366.172
208.74	366.476
209.13	366.779
209.53	367.083
209.93	367.387
210.32	367.691
210.72	367.995
211.11	368.298
211.51	368.602
211.91	368.906
212.30	369.209
212.70	369.513
213.10	369.817
213.50	370.120
213.90	370.424
214.30	370.727
214.70	371.030
215.10	371.334
215.50	371.637
215.90	371.941
216.30	372.244
216.70	372.547
217.10	372.850
217.50	373.154
217.90	373.457
218.30	373.760
218.71	374.063
219.11	374.366
219.51	374.669
219.91	374.972
220.32	375.275
220.72	375.578
221.13	375.881
221.53	376.184
221.94	376.487
222.34	376.790
222.75	377.093
223.15	377.396
223.56	377.698
223.96	378.001
224.37	378.304
224.78	378.606
225.19	378.909
225.59	379.212
226.00	379.514
226.41	379.817
226.82	380.120
227.23	380.422
227.64	380.725
228.05	381.027
228.46	381.329
228.87	381.632
229.28	381.934
229.69	382.237
230.10	382.539
230.51	382.841
230.92	383.144
231.33	383.446
231.75	383.748
232.16	384.050
232.57	384.353
232.99	384.655
233.40	384.957
233.81	385.259
234.23	385.561
234.64	385.863
235.06	386.165
235.47	386.467
235.89	386.769
236.30	387.071
236.72	387.373
237.14	387.675
237.55	387.977
237.97	388.279
238.39	388.581
238.81	388.883
239.22	389.185
239.64	389.486
240.06	389.788
240.48	390.090
240.90	390.392
241.32	390.694
241.74	390.995
242.16	391.297
242.58	391.599
243.00	391.900
243.42	392.202
243.84	392.503
244.26	392.805
244.69	393.107
245.11	393.408
245.53	393.710
245.95	394.011
246.38	394.313
246.80	394.614
247.23	394.916
247.65	395.217
248.07	395.519
248.50	395.820
248.92	396.121
249.35	396.423
249.78	396.724
250.20	397.026
250.63	397.327
251.05	397.628
251.48	397.929
251.91	398.231
252.34	398.532
252.76	398.833
253.19	399.134
253.62	399.435
254.05	399.737
254.48	400.038
254.91	400.339
255.34	400.640
255.77	400.941
256.20	401.242
256.63	401.543
257.06	401.843
257.49	402.144
257.92	402.445
258.36	402.746
258.79	403.047
259.22	403.347
259.65	403.648
260.09	403.949
260.52	404.249
260.95	404.550
261.39	404.851
261.82	405.151
262.26	405.452
262.69	405.752
263.13	406.053
263.56	406.353
264.00	406.654
264.44	406.954
264.87	407.254
265.31	407.555
265.75	407.855
266.18	408.155
266.62	408.456
267.06	408.756
267.50	409.056
267.94	409.356
268.38	409.656
268.82	409.956
269.26	410.257
269.70	410.557
270.14	410.857
270.58	411.157
271.02	411.457
271.46	411.757
271.90	412.057
272.34	412.357
272.78	412.656
273.23	412.956
273.67	413.256
274.11	413.556
274.56	413.856
275.00	414.156
275.44	414.455
275.89	414.755
276.33	415.055
276.78	415.355
277.22	415.654
277.67	415.954
278.11	416.253
278.56	416.553
279.01	416.853
279.45	417.152
279.90	417.452
280.35	417.751
280.80	418.051
281.24	418.350
281.69	418.650
282.14	418.949
282.59	419.249
283.04	419.548
283.49	419.847
283.94	420.147
284.39	420.446
284.84	420.745
285.29	421.045
285.74	421.344
286.19	421.643
286.64	421.942
287.09	422.242
287.55	422.541
288.00	422.840
288.45	423.139
288.91	423.438
289.36	423.737
289.81	424.037
290.27	424.336
290.72	424.635
291.18	424.934
291.63	425.233
292.09	425.532
292.54	425.831
293.00	426.130
293.45	426.429
293.91	426.728
294.37	427.027
294.82	427.326
295.28	427.625
295.74	427.923
296.20	428.222
296.66	428.521
297.11	428.820
297.57	429.119
298.03	429.418
298.49	429.716
298.95	430.015
299.41	430.313
299.87	430.612
300.33	430.910
300.80	431.209
301.26	431.507
301.72	431.805
302.18	432.104
302.64	432.402
303.11	432.700
303.57	432.998
304.03	433.296
304.49	433.594
304.96	433.892
305.42	434.190
305.89	434.488
306.35	434.786
306.82	435.084
307.28	435.381
307.75	435.679
308.21	435.977
308.68	436.274
309.15	436.572
309.61	436.869
310.08	437.166
310.55	437.464
311.02	437.761
311.48	438.058
311.95	438.356
312.42	438.653
312.89	438.950
313.36	439.247
313.83	439.544
314.30	439.841
314.77	440.138
315.24	440.435
315.71	440.732
316.18	441.028
316.65	441.325
317.12	441.622
317.60	441.918
318.07	442.215
318.54	442.511
319.01	442.808
319.49	443.104
319.96	443.401
320.43	443.697
320.91	443.993
321.38	444.290
321.86	444.586
322.33	444.882
322.81	445.178
323.28	445.474
323.76	445.770
324.24	446.066
324.71	446.362
325.19	446.658
325.67	446.954
326.14	447.250
326.62	447.546
327.10	447.841
327.58	448.137
328.06	448.433
328.54	448.728
329.01	449.024
329.49	449.319
329.97	449.615
330.45	449.910
330.93	450.205
331.41	450.501
331.90	450.796
332.38	451.091
332.86	451.386
333.34	451.681
333.82	451.977
334.31	452.272
334.79	452.567
335.27	452.862
335.75	453.156
336.24	453.451
336.72	453.746
337.21	454.041
337.69	454.336
338.18	454.630
338.66	454.925
339.15	455.220
339.63	455.514
340.12	455.809
340.60	456.103
341.09	456.398
341.58	456.692
342.07	456.987
342.55	457.281
343.04	457.575
343.53	457.870
344.02	458.164
344.51	458.458
345.00	458.752
345.48	459.046
345.97	459.340
346.46	459.634
346.95	459.928
347.44	460.223
347.94	460.517
348.43	460.811
348.92	461.105
349.41	461.399
349.90	461.693
350.39	461.987
350.89	462.281
351.38	462.575
351.87	462.869
352.37	463.163
352.86	463.456
353.35	463.750
353.85	464.044
354.34	464.338
354.84	464.632
355.33	464.926
355.83	465.220
356.33	465.514
356.82	465.808
357.32	466.102
357.81	466.395
358.31	466.689
358.81	466.983
359.31	467.277
359.80	467.571
360.30	467.865
360.80	468.159
361.30	468.452
361.80	468.746
362.30	469.040
362.80	469.334
363.30	469.628
363.80	469.921
364.30	470.215
364.80	470.509
365.30	470.803
365.80	471.097
366.30	471.390
366.81	471.684
367.31	471.978
367.81	472.272
368.31	472.566
368.82	472.859
369.32	473.153
369.83	473.447
370.33	473.741
370.83	474.034
371.34	474.328
371.84	474.622
372.35	474.916
372.85	475.209
373.36	475.503
373.87	475.797
374.37	476.091
374.88	476.384
375.39	476.678
375.89	476.972
376.40	477.266
376.91	477.559
377.42	477.853
377.93	478.147
378.44	478.441
378.94	478.734
379.45	479.028
379.96	479.322
380.47	479.616
380.98	479.909
381.50	480.203
382.01	480.497
382.52	480.791
383.03	481.085
383.54	481.378
384.05	481.672
384.57	481.966
385.08	482.260
385.59	482.553
386.10	482.847
386.62	483.141
387.13	483.435
387.65	483.729
388.16	484.022
388.67	484.316
389.19	484.610
389.71	484.904
390.22	485.198
390.74	485.492
391.25	485.785
391.77	486.079
392.29	486.373
392.80	486.667
393.32	486.961
393.84	487.255
394.36	487.549
394.88	487.842
395.39	488.136
395.91	488.430
396.43	488.724
396.95	489.018
397.47	489.312
397.99	489.606
398.51	489.900
399.03	490.194
399.55	490.488
400.07	490.782
400.60	491.076
401.12	491.370
401.64	491.664
402.16	491.958
402.68	492.252
403.21	492.546
403.73	492.840
404.25	493.134
404.78	493.428
405.30	493.722
405.83	494.016
406.35	494.310
406.88	494.604
407.40	494.898
407.93	495.193
408.45	495.487
408.98	495.781
409.51	496.075
410.03	496.369
410.56	496.663
411.09	496.958
411.62	497.252
412.14	497.546
412.67	497.840
413.20	498.135
413.73	498.429
414.26	498.723
414.79	499.018
415.32	499.312
415.85	499.606
416.38	499.901
416.91	500.195
417.44	500.489
417.97	500.784
418.50	501.078
419.03	501.373
419.57	501.667
420.10	501.961
420.63	502.256
421.16	502.550
421.70	502.845
422.23	503.140
422.77	503.434
423.30	503.729
423.83	504.023
424.37	504.318
424.90	504.613
425.44	504.907
425.98	505.202
426.51	505.497
427.05	505.791
427.58	506.086
428.12	506.381
428.66	506.675
429.20	506.970
429.73	507.265
430.27	507.560
430.81	507.855
431.35	508.150
431.89	508.445
432.43	508.739
432.97	509.034
433.50	509.329
434.04	509.624
434.59	509.919
435.13	510.214
435.67	510.509
436.21	510.804
436.75	511.100
437.29	511.395
437.83	511.690
438.38	511.985
438.92	512.280
439.46	512.575
440.00	512.871
440.55	513.166
441.09	513.461
441.64	513.756
442.18	514.052
442.73	514.347
443.27	514.643
443.82	514.938
444.36	515.233
444.91	515.529
445.45	515.824
446.00	516.120
446.55	516.415
447.09	516.711
447.64	517.007
448.19	517.302
448.74	517.598
449.29	517.894
449.83	518.189
450.38	518.485
450.93	518.781
451.48	519.077
452.03	519.373
452.58	519.668
453.13	519.964
453.68	520.260
454.23	520.556
454.78	520.852
455.34	521.148
455.89	521.444
456.44	521.740
456.99	522.036
457.55	522.333
458.10	522.629
458.65	522.925
459.20	523.221
459.76	523.517
460.31	523.814
460.87	524.110
461.42	524.406
461.98	524.703
462.53	524.999
463.09	525.296
463.64	525.592
464.20	525.889
464.76	526.185
465.31	526.482
465.87	526.778
466.43	527.075
466.99	527.372
467.54	527.669
468.10	527.965
468.66	528.262
469.22	528.559
469.78	528.856
470.34	529.153
470.90	529.450
471.46	529.747
472.02	530.044
472.58	530.341
473.14	530.638
473.70	530.935
474.26	531.232
474.82	531.530
475.39	531.827
475.95	532.124
476.51	532.421
477.07	532.719
477.64	533.016
478.20	533.314
478.77	533.611
479.33	533.909
479.89	534.206
480.46	534.504
481.02	534.802
481.59	535.099
482.15	535.397
482.72	535.695
483.29	535.993
483.85	536.290
484.42	536.588
484.99	536.886
485.55	537.184
486.12	537.482
486.69	537.780
487.26	538.078
487.83	538.377
488.40	538.675
488.97	538.973
489.53	539.271
490.10	539.570
490.67	539.868
491.24	540.166
491.82	540.465
492.39	540.763
492.96	541.062
493.53	541.361
494.10	541.659
494.67	541.958
495.25	542.257
495.82	542.556
496.39	542.854
496.96	543.153
497.54	543.452
498.11	543.751
498.69	544.050
499.26	544.349
499.84	544.648
500.41	544.948
500.99	545.247
501.56	545.546
502.14	545.845
502.71	546.145
503.29	546.444
503.87	546.744
504.44	547.043
505.02	547.343
505.60	547.642
506.18	547.942
506.76	548.242
507.33	548.541
507.91	548.841
508.49	549.141
509.07	549.441
509.65	549.741
510.23	550.041
510.81	550.341
511.39	550.641
511.97	550.941
512.56	551.242
513.14	551.542
513.72	551.842
514.30	552.143
514.88	552.443
515.47	552.744
516.05	553.044
516.63	553.345
517.22	553.645
517.80	553.946
518.38	554.247
518.97	554.548
519.55	554.849
520.14	555.150
520.72	555.451
521.31	555.752
521.90	556.053
522.48	556.354
523.07	556.655
523.66	556.956
524.24	557.258
524.83	557.559
525.42	557.861
526.01	558.162
526.60	558.464
527.18	558.765
527.77	559.067
528.36	559.369
528.95	559.671
529.54	559.973
530.13	560.274
530.72	560.576
531.31	560.879
531.90	561.181
532.50	561.483
533.09	561.785
533.68	562.087
534.27	562.390
534.86	562.692
535.46	562.995
536.05	563.297
536.64	563.600
537.24	563.902
537.83	564.205
538.43	564.508
539.02	564.811
539.62	565.114
540.21	565.417
540.81	565.720
541.40	566.023
542.00	566.326
542.59	566.629
543.19	566.933
543.79	567.236
544.39	567.540
544.98	567.843
545.58	568.147
546.18	568.450
546.78	568.754
547.38	569.058
547.98	569.362
548.58	569.666
549.17	569.970
549.77	570.274
550.38	570.578
550.98	570.882
551.58	571.186
552.18	571.490
552.78	571.795
553.38	572.099
553.98	572.404
554.59	572.708
555.19	573.013
555.79	573.318
556.39	573.623
557.00	573.928
557.60	574.233
558.21	574.538
558.81	574.843
559.42	575.148
560.02	575.453
560.63	575.758
561.23	576.064
561.84	576.369
562.44	576.675
563.05	576.980
563.66	577.286
564.26	577.592
564.87	577.898
565.48	578.204
566.09	578.510
566.70	578.816
567.31	579.122
567.91	579.428
568.52	579.734
569.13	580.041
569.74	580.347
570.35	580.654
570.96	580.960
571.57	581.267
572.19	581.574
572.80	581.880
573.41	582.187
574.02	582.494
574.63	582.801
575.25	583.108
575.86	583.416
576.47	583.723
577.09	584.030
577.70	584.338
578.31	584.645
578.93	584.953
579.54	585.261
580.16	585.568
580.77	585.876
581.39	586.184
582.00	586.492
582.62	586.800
583.24	587.108
583.85	587.417
584.47	587.725
585.09	588.033
585.71	588.342
586.32	588.650
586.94	588.959
587.56	589.268
588.18	589.577
588.80	589.886
589.42	590.195
590.04	590.504
590.66	590.813
591.28	591.122
591.90	591.431
592.52	591.741
593.14	592.050
593.76	592.360
594.39	592.670
595.01	592.979
595.63	593.289
596.25	593.599
596.88	593.909
597.50	594.219
598.12	594.529
598.75	594.840
599.37	595.150
600.00	595.461
600.62	595.771
601.25	596.082
601.87	596.392
602.50	596.703
603.13	597.014
603.75	597.325
604.38	597.636
605.01	597.948
605.63	598.259
606.26	598.570
606.89	598.882
607.52	599.193
608.15	599.505
608.77	599.817
609.40	600.128
610.03	600.440
610.66	600.752
611.29	601.064
611.92	601.377
612.55	601.689
613.19	602.001
613.82	602.314
614.45	602.626
615.08	602.939
615.71	603.252
616.35	603.565
616.98	603.877
617.61	604.191
618.25	604.504
618.88	604.817
619.51	605.130
620.15	605.444
620.78	605.757
621.42	606.071
622.05	606.385
622.69	606.698
623.32	607.012
623.96	607.326
624.60	607.640
625.23	607.955
625.87	608.269
626.51	608.583
627.15	608.898
627.79	609.212
628.42	609.527
629.06	609.842
629.70	610.157
630.34	610.472
630.98	610.787
631.62	611.102
632.26	611.417
632.90	611.733
633.54	612.048
634.18	612.364
634.82	612.680
635.47	612.996
636.11	613.312
636.75	613.628
637.39	613.944
638.04	614.260
638.68	614.576
639.32	614.893
639.97	615.209
640.61	615.526
641.26	615.843
641.90	616.160
642.55	616.477
643.19	616.794
643.84	617.111
644.48	617.428
645.13	617.746
645.78	618.063
646.42	618.381
647.07	618.698
647.72	619.016
648.37	619.334
649.02	619.652
649.66	619.970
650.31	620.289
650.96	620.607
651.61	620.926
652.26	621.244
652.91	621.563
653.56	621.882
654.21	622.201
654.86	622.520
655.52	622.839
656.17	623.158
656.82	623.477
657.47	623.797
658.12	624.117
658.78	624.436
659.43	624.756
660.08	625.076
660.74	625.396
661.39	625.716
662.05	626.037
662.70	626.357
663.36	626.677
664.01	626.998
664.67	627.319
665.32	627.640
665.98	627.961
666.64	628.282
667.29	628.603
667.95	628.924
668.61	629.246
669.27	629.567
669.93	629.889
670.58	630.211
671.24	630.533
671.90	630.855
672.56	631.177
673.22	631.499
673.88	631.821
674.54	632.144
675.20	632.466
675.86	632.789
676.53	633.111
677.19	633.434
677.85	633.757
678.51	634.080
679.17	634.403
679.84	634.726
680.50	635.049
681.16	635.373
681.83	635.696
682.49	636.020
683.16	636.343
683.82	636.667
684.49	636.991
685.15	637.315
685.82	637.639
686.48	637.963
687.15	638.287
687.82	638.612
688.48	638.936
689.15	639.260
689.82	639.585
690.49	639.910
691.16	640.235
691.82	640.559
692.49	640.884
693.16	641.210
693.83	641.535
694.50	641.860
695.17	642.185
695.84	642.511
696.51	642.837
697.18	643.162
697.86	643.488
698.53	643.814
699.20	644.140
699.87	644.466
700.54	644.792
701.22	645.119
701.89	645.445
702.56	645.772
703.24	646.098
703.91	646.425
704.59	646.752
705.26	647.079
705.94	647.406
706.61	647.733
707.29	648.060
707.97	648.387
708.64	648.715
709.32	649.043
710.00	649.370
710.67	649.698
711.35	650.026
712.03	650.354
712.71	650.682
713.39	651.010
714.07	651.338
714.75	651.667
715.43	651.995
716.11	652.324
716.79	652.653
717.47	652.982
718.15	653.311
718.83	653.640
719.51	653.969
720.19	654.298
720.87	654.628
721.56	654.957
722.24	655.287
722.92	655.617
723.61	655.946
724.29	656.276
724.97	656.606
725.66	656.937
726.34	657.267
727.03	657.597
727.71	657.928
728.40	658.258
729.09	658.589
729.77	658.920
730.46	659.251
731.15	659.582
731.83	659.913
732.52	660.245
733.21	660.576
733.90	660.908
734.59	661.239
735.28	661.571
735.97	661.903
736.65	662.235
737.34	662.567
738.03	662.899
738.73	663.232
739.42	663.564
740.11	663.897
740.80	664.230
741.49	664.562
742.18	664.895
742.88	665.228
743.57	665.562
744.26	665.895
744.96	666.228
745.65	666.562
746.34	666.896
747.04	667.229
747.73	667.563
748.43	667.897
749.12	668.231
749.82	668.566
750.52	668.900
751.21	669.235
751.91	669.569
752.61	669.904
753.30	670.239
754.00	670.574
754.70	670.909
755.40	671.244
756.10	671.580
756.79	671.915
757.49	672.251
758.19	672.587
758.89	672.922
759.59	673.258
760.29	673.595
761.00	673.931
761.70	674.267
762.40	674.604
763.10	674.940
763.80	675.277
764.50	675.614
765.21	675.951
765.91	676.288
766.61	676.625
767.32	676.963
768.02	677.300
768.73	677.638
769.43	677.976
770.14	678.314
770.84	678.652
771.55	678.990
772.25	679.328
772.96	679.667
773.67	680.005
774.38	680.344
775.08	680.683
775.79	681.022
776.50	681.361
777.21	681.700
777.92	682.039
778.62	682.379
779.33	682.718
780.04	683.058
780.75	683.398
781.46	683.738
782.18	684.078
782.89	684.418
783.60	684.759
784.31	685.099
785.02	685.440
785.73	685.781
786.45	686.122
787.16	686.463
787.87	686.804
788.59	687.146
789.30	687.487
790.02	687.829
790.73	688.170
791.45	688.512
792.16	688.854
792.88	689.197
793.59	689.539
794.31	689.881
795.03	690.224
795.74	690.567
796.46	690.910
797.18	691.253
797.90	691.596
798.61	691.939
799.33	692.283
800.05	692.626
800.77	692.970
801.49	693.314
802.21	693.658
802.93	694.002
803.65	694.346
804.37	694.691
805.09	695.035
805.82	695.380
806.54	695.725
807.26	696.070
807.98	696.415
808.71	696.760
809.43	697.106
810.15	697.451
810.88	697.797
811.60	698.143
812.33	698.489
813.05	698.835
813.78	699.181
814.50	699.528
815.23	699.874
815.95	700.221
816.68	700.568
817.41	700.915
818.13	701.262
818.86	701.610
819.59	701.957
820.32	702.305
821.05	702.652
821.78	703.000
822.51	703.349
823.24	703.697
823.97	704.045
824.70	704.394
825.43	704.742
826.16	705.091
826.89	705.440
827.62	705.789
828.35	706.139
829.08	706.488
829.82	706.838
830.55	707.187
831.28	707.537
832.02	707.887
832.75	708.238
833.49	708.588
834.22	708.938
834.96	709.289
835.69	709.640
836.43	709.991
837.16	710.342
837.90	710.693
838.64	711.045
839.37	711.396
840.11	711.748
840.85	712.100
841.59	712.452
842.33	712.804
843.06	713.157
843.80	713.509
844.54	713.862
845.28	714.215
846.02	714.568
846.76	714.921
847.50	715.275
848.25	715.628
848.99	715.982
849.73	716.336
850.47	716.689
851.21	717.044
851.96	717.398
852.70	717.752
853.44	718.107
854.19	718.462
854.93	718.817
855.68	719.172
856.42	719.527
857.17	719.883
857.91	720.238
858.66	720.594
859.40	720.950
860.15	721.306
860.90	721.662
861.64	722.019
862.39	722.375
863.14	722.732
863.89	723.089
864.64	723.446
865.39	723.803
866.14	724.161
866.89	724.518
867.64	724.876
868.39	725.234
869.14	725.592
869.89	725.950
870.64	726.309
871.39	726.668
872.14	727.026
872.90	727.385
873.65	727.744
874.40	728.104
875.16	728.463
875.91	728.823
876.66	729.183
877.42	729.542
878.17	729.903
878.93	730.263
879.68	730.623
880.44	730.984
881.20	731.345
881.95	731.706
882.71	732.067
883.47	732.428
884.22	732.790
884.98	733.152
885.74	733.514
886.50	733.876
887.26	734.238
888.02	734.600
888.78	734.963
889.54	735.326
890.30	735.688
891.06	736.052
891.82	736.415
892.58	736.778
893.34	737.142
894.11	737.506
894.87	737.870
895.63	738.234
896.39	738.598
897.16	738.963
897.92	739.328
898.69	739.692
899.45	740.057
900.22	740.423
900.98	740.788
901.75	741.154
902.51	741.520
903.28	741.886
904.05	742.252
904.81	742.618
905.58	742.985
906.35	743.351
907.12	743.718
907.89	744.085
908.65	744.453
909.42	744.820
910.19	745.188
910.96	745.555
911.73	745.923
912.50	746.292
913.28	746.660
914.05	747.029
914.82	747.397
915.59	747.766
916.36	748.135
917.14	748.505
917.91	748.874
918.68	749.244
919.46	749.614
920.23	749.984
921.00	750.354
921.78	750.724
922.56	751.095
923.33	751.466
924.11	751.837
924.88	752.208
925.66	752.579
926.44	752.951
927.21	753.323
927.99	753.695
928.77	754.067
929.55	754.439
930.33	754.812
931.11	755.185
931.89	755.557
932.67	755.931
933.45	756.304
934.23	756.677
935.01	757.051
935.79	757.425
936.57	757.799
937.35	758.173
938.14	758.548
938.92	758.923
939.70	759.297
940.48	759.673
941.27	760.048
942.05	760.423
942.84	760.799
943.62	761.175
944.41	761.551
945.19	761.927
945.98	762.304
946.77	762.680
947.55	763.057
948.34	763.434
949.13	763.812
949.91	764.189
950.70	764.567
951.49	764.945
952.28	765.323
953.07	765.701
953.86	766.079
954.65	766.458
955.44	766.837
956.23	767.216
957.02	767.595
957.81	767.975
958.61	768.355
959.40	768.734
960.19	769.115
960.98	769.495
961.78	769.875
962.57	770.256
963.36	770.637
964.16	771.018
964.95	771.400
965.75	771.781
966.54	772.163
967.34	772.545
968.14	772.927
968.93	773.309
969.73	773.692
970.53	774.075
971.32	774.458
972.12	774.841
972.92	775.225
973.72	775.608
974.52	775.992
975.32	776.376
976.12	776.760
976.92	777.145
977.72	777.530
978.52	777.915
979.32	778.300
980.12	778.685
980.92	779.071
981.73	779.456
982.53	779.842
983.33	780.229
984.14	780.615
984.94	781.002
985.75	781.388
986.55	781.776
987.36	782.163
988.16	782.550
988.97	782.938
989.77	783.326
990.58	783.714
991.39	784.103
992.19	784.491
993.00	784.880
993.81	785.269
994.62	785.658
995.43	786.048
996.24	786.437
997.05	786.827
997.85	787.217
998.67	787.607
999.48	787.997
1000.29	788.388
1001.10	788.778
1001.91	789.169
1002.72	789.560
1003.53	789.951
1004.35	790.342
1005.16	790.734
1005.97	791.125
1006.79	791.517
1007.60	791.909
1008.42	792.301
1009.23	792.693
1010.05	793.085
1010.86	793.478
1011.68	793.870
1012.50	794.263
1013.31	794.656
1014.13	795.049
1014.95	795.442
1015.77	795.836
1016.59	796.229
1017.41	796.623
1018.22	797.017
1019.04	797.411
1019.86	797.805
1020.68	798.200
1021.51	798.594
1022.33	798.989
1023.15	799.384
1023.97	799.779
1024.79	800.174
1025.62	800.569
1026.44	800.965
1027.26	801.361
1028.09	801.756
1028.91	802.152
1029.73	802.549
1030.56	802.945
1031.38	803.342
1032.21	803.738
1033.04	804.135
1033.86	804.532
1034.69	804.929
1035.52	805.327
1036.35	805.724
1037.17	806.122
1038.00	806.520
1038.83	806.918
1039.66	807.316
1040.49	807.714
1041.32	808.113
1042.15	808.512
1042.98	808.910
1043.81	809.310
1044.64	809.709
1045.47	810.108
1046.31	810.508
1047.14	810.907
1047.97	811.307
1048.81	811.707
1049.64	812.108
1050.47	812.508
1051.31	812.909
1052.14	813.310
1052.98	813.710
1053.81	814.112
1054.65	814.513
1055.49	814.914
1056.32	815.316
1057.16	815.718
1058.00	816.120
1058.84	816.522
1059.67	816.924
1060.51	817.327
1061.35	817.730
1062.19	818.132
1063.03	818.535
1063.87	818.939
1064.71	819.342
1065.55	819.746
1066.39	820.149
1067.24	820.553
1068.08	820.958
1068.92	821.362
1069.76	821.766
1070.61	822.171
1071.45	822.576
1072.30	822.981
1073.14	823.386
1073.99	823.791
1074.83	824.197
1075.68	824.603
1076.52	825.009
1077.37	825.415
1078.22	825.821
1079.06	826.228
1079.91	826.634
1080.76	827.041
1081.61	827.448
1082.46	827.855
1083.30	828.263
1084.15	828.670
1085.00	829.078
1085.85	829.486
1086.71	829.894
1087.56	830.302
1088.41	830.711
1089.26	831.120
1090.11	831.529
1090.97	831.938
1091.82	832.347
1092.67	832.756
1093.53	833.166
1094.38	833.576
1095.23	833.986
1096.09	834.396
1096.95	834.806
1097.80	835.217
1098.66	835.628
1099.51	836.039
1100.37	836.450
1101.23	836.861
1102.09	837.273
1102.94	837.684
1103.80	838.096
1104.66	838.508
1105.52	838.921
1106.38	839.333
1107.24	839.746
1108.10	840.159
1108.96	840.572
1109.82	840.985
1110.69	841.398
1111.55	841.812
1112.41	842.226
1113.27	842.640
1114.14	843.054
1115.00	843.469
1115.86	843.883
1116.73	844.298
1117.59	844.713
1118.46	845.128
1119.33	845.544
1120.19	845.959
1121.06	846.375
1121.92	846.791
1122.79	847.207
1123.66	847.624
1124.53	848.040
1125.40	848.457
1126.27	848.874
1127.13	849.291
1128.00	849.709
1128.87	850.126
1129.74	850.544
1130.62	850.962
1131.49	851.380
1132.36	851.799
1133.23	852.217
1134.10	852.636
1134.98	853.055
1135.85	853.474
1136.72	853.894
1137.60	854.313
1138.47	854.733
1139.35	855.153
1140.22	855.573
1141.10	855.994
1141.97	856.415
1142.85	856.835
1143.73	857.256
1144.60	857.678
1145.48	858.099
1146.36	858.521
1147.24	858.943
1148.12	859.365
1149.00	859.787
1149.88	860.210
1150.76	860.632
1151.64	861.055
1152.52	861.478
1153.40	861.902
1154.28	862.325
1155.16	862.749
1156.05	863.173
1156.93	863.597
1157.81	864.022
1158.70	864.446
1159.58	864.871
1160.46	865.296
1161.35	865.721
1162.23	866.147
1163.12	866.572
1164.01	866.998
1164.89	867.425
1165.78	867.851
1166.67	868.279
1167.56	868.706
1168.44	869.134
1169.33	869.562
1170.22	869.990
1171.11	870.419
1172.00	870.847
1172.89	871.276
1173.78	871.706
1174.67	872.135
1175.56	872.565
1176.46	872.995
1177.35	873.425
1178.24	873.856
1179.13	874.287
1180.03	874.718
1180.92	875.149
1181.82	875.581
1182.71	876.013
1183.61	876.445
1184.50	876.878
1185.40	877.310
1186.29	877.743
1187.19	878.177
1188.09	878.610
1188.99	879.044
1189.88	879.478
1190.78	879.912
1191.68	880.347
1192.58	880.782
1193.48	881.217
1194.38	881.652
1195.28	882.088
1196.18	882.524
1197.08	882.960
1197.99	883.397
1198.89	883.833
1199.79	884.270
1200.69	884.708
1201.60	885.145
1202.50	885.583
1203.41	886.021
1204.31	886.460
1205.21	886.898
1206.12	887.337
1207.03	887.776
1207.93	888.216
1208.84	888.655
1209.75	889.095
1210.65	889.536
1211.56	889.976
1212.47	890.417
1213.38	890.858
1214.29	891.299
1215.20	891.741
1216.11	892.183
1217.02	892.625
1217.93	893.068
1218.84	893.510
1219.75	893.953
1220.67	894.397
1221.58	894.840
1222.49	895.284
1223.41	895.728
1224.32	896.173
1225.24	896.617
1226.15	897.062
1227.07	897.507
1227.98	897.953
1228.90	898.399
1229.81	898.845
1230.73	899.291
1231.65	899.738
1232.57	900.184
1233.48	900.632
1234.40	901.079
1235.32	901.527
1236.24	901.975
1237.16	902.423
1238.08	902.871
1239.00	903.320
1239.92	903.769
1240.85	904.219
1241.77	904.668
1242.69	905.118
1243.61	905.569
1244.54	906.019
1245.46	906.470
1246.38	906.921
1247.31	907.372
1248.23	907.824
1249.16	908.276
1250.09	908.728
1251.01	909.181
1251.94	909.633
1252.87	910.086
1253.79	910.540
1254.72	910.993
1255.65	911.447
1256.58	911.901
1257.51	912.356
1258.44	912.811
1259.37	913.266
1260.30	913.721
1261.23	914.176
1262.16	914.632
1263.10	915.088
1264.03	915.545
1264.96	916.002
1265.89	916.459
1266.83	916.916
1267.76	917.374
1268.70	917.832
1269.63	918.290
1270.57	918.748
1271.50	919.207
1272.44	919.666
1273.38	920.125
1274.31	920.585
1275.25	921.045
1276.19	921.505
1277.13	921.965
1278.07	922.426
1279.01	922.887
1279.95	923.349
1280.89	923.810
1281.83	924.272
1282.77	924.734
1283.71	925.197
1284.65	925.660
1285.60	926.123
1286.54	926.586
1287.48	927.050
1288.43	927.514
1289.37	927.978
1290.32	928.443
1291.26	928.907
1292.21	929.373
1293.15	929.838
1294.10	930.304
1295.05	930.770
1295.99	931.236
1296.94	931.703
1297.89	932.170
1298.84	932.637
1299.79	933.104
1300.74	933.572
1301.69	934.040
1302.64	934.508
1303.59	934.977
1304.54	935.446
1305.49	935.915
1306.45	936.385
1307.40	936.855
1308.35	937.325
1309.31	937.795
1310.26	938.266
1311.21	938.737
1312.17	939.208
1313.13	939.680
1314.08	940.152
1315.04	940.624
1315.99	941.097
1316.95	941.570
1317.91	942.043
1318.87	942.516
1319.83	942.990
1320.79	943.464
1321.75	943.938
1322.71	944.413
1323.67	944.888
1324.63	945.363
1325.59	945.838
1326.55	946.314
1327.51	946.790
1328.48	947.267
1329.44	947.744
1330.40	948.221
1331.37	948.698
1332.33	949.176
1333.30	949.654
1334.26	950.132
1335.23	950.610
1336.19	951.089
1337.16	951.568
1338.13	952.048
1339.10	952.528
1340.06	953.008
1341.03	953.488
1342.00	953.969
1342.97	954.450
1343.94	954.931
1344.91	955.413
1345.88	955.894
1346.85	956.377
1347.83	956.859
1348.80	957.342
1349.77	957.825
1350.74	958.309
1351.72	958.792
1352.69	959.276
1353.67	959.761
1354.64	960.245
1355.62	960.730
1356.59	961.216
1357.57	961.701
1358.55	962.187
1359.53	962.673
1360.50	963.160
1361.48	963.647
1362.46	964.134
1363.44	964.621
1364.42	965.109
1365.40	965.597
1366.38	966.085
1367.36	966.574
1368.34	967.063
1369.33	967.552
1370.31	968.042
1371.29	968.532
1372.27	969.022
1373.26	969.513
1374.24	970.004
1375.23	970.495
1376.21	970.986
1377.20	971.478
1378.19	971.970
1379.17	972.463
1380.16	972.955
1381.15	973.449
1382.14	973.942
1383.12	974.436
1384.11	974.930
1385.10	975.424
1386.09	975.919
1387.08	976.414
1388.07	976.909
1389.07	977.404
1390.06	977.900
1391.05	978.397
1392.04	978.893
1393.04	979.390
1394.03	979.887
1395.03	980.385
1396.02	980.883
1397.02	981.381
1398.01	981.879
1399.01	982.378
1400.00	982.877
1401.00	983.376
1402.00	983.876
1403.00	984.376
1404.00	984.877
1404.99	985.377
1405.99	985.878
1406.99	986.380
1408.00	986.881
1409.00	987.383
1410.00	987.886
1411.00	988.388
1412.00	988.891
1413.01	989.394
1414.01	989.898
1415.01	990.402
1416.02	990.906
1417.02	991.411
1418.03	991.916
1419.03	992.421
1420.04	992.926
1421.05	993.432
1422.05	993.938
1423.06	994.445
1424.07	994.952
1425.08	995.459
1426.09	995.966
1427.10	996.474
1428.11	996.982
1429.12	997.491
1430.13	997.999
1431.14	998.508
1432.15	999.018
1433.17	999.528
1434.18	1000.038
1435.19	1000.548
1436.21	1001.059
1437.22	1001.570
1438.24	1002.081
1439.25	1002.593
1440.27	1003.105
1441.28	1003.618
1442.30	1004.130
1443.32	1004.643
1444.34	1005.156
1445.35	1005.670
1446.37	1006.184
1447.39	1006.698
1448.41	1007.213
1449.43	1007.727
1450.45	1008.242
1451.48	1008.758
1452.50	1009.273
1453.52	1009.789
1454.54	1010.306
1455.57	1010.822
1456.59	1011.339
1457.61	1011.856
1458.64	1012.374
1459.67	1012.892
1460.69	1013.410
1461.72	1013.928
1462.74	1014.447
1463.77	1014.966
1464.80	1015.485
1465.83	1016.005
1466.86	1016.525
1467.89	1017.045
1468.92	1017.566
1469.95	1018.086
1470.98	1018.608
1472.01	1019.129
1473.04	1019.651
1474.07	1020.173
1475.10	1020.695
1476.14	1021.218
1477.17	1021.741
1478.21	1022.264
1479.24	1022.788
1480.28	1023.312
1481.31	1023.836
1482.35	1024.361
1483.39	1024.885
1484.42	1025.411
1485.46	1025.936
1486.50	1026.462
1487.54	1026.988
1488.58	1027.514
1489.62	1028.041
1490.66	1028.568
1491.70	1029.095
1492.74	1029.623
1493.78	1030.151
1494.82	1030.679
1495.87	1031.208
1496.91	1031.737
1497.95	1032.266
1499.00	1032.796
1500.04	1033.325
1501.09	1033.855
1502.13	1034.386
1503.18	1034.917
1504.23	1035.448
1505.27	1035.979
1506.32	1036.511
1507.37	1037.043
1508.42	1037.575
1509.47	1038.108
1510.52	1038.641
1511.57	1039.174
1512.62	1039.708
1513.67	1040.242
1514.72	1040.776
1515.78	1041.311
1516.83	1041.846
1517.88	1042.381
1518.94	1042.916
1519.99	1043.452
1521.05	1043.988
1522.10	1044.525
1523.16	1045.061
1524.21	1045.599
1525.27	1046.136
1526.33	1046.674
1527.39	1047.212
1528.45	1047.750
1529.50	1048.289
1530.56	1048.828
1531.62	1049.367
1532.68	1049.907
1533.75	1050.447
1534.81	1050.987
1535.87	1051.528
1536.93	1052.069
1538.00	1052.610
1539.06	1053.152
1540.12	1053.694
1541.19	1054.236
1542.25	1054.779
1543.32	1055.321
1544.39	1055.865
1545.45	1056.408
1546.52	1056.952
1547.59	1057.496
1548.66	1058.041
1549.73	1058.586
1550.79	1059.131
1551.86	1059.676
1552.94	1060.222
1554.01	1060.768
1555.08	1061.315
1556.15	1061.862
1557.22	1062.409
1558.30	1062.956
1559.37	1063.504
1560.44	1064.052
1561.52	1064.601
1562.59	1065.149
1563.67	1065.698
1564.75	1066.248
1565.82	1066.798
1566.90	1067.348
1567.98	1067.898
1569.06	1068.449
1570.13	1069.000
1571.21	1069.551
1572.29	1070.103
1573.37	1070.655
1574.45	1071.208
1575.54	1071.760
1576.62	1072.313
1577.70	1072.867
1578.78	1073.421
1579.87	1073.975
1580.95	1074.529
1582.04	1075.084
1583.12	1075.639
1584.21	1076.194
1585.29	1076.750
1586.38	1077.306
1587.47	1077.862
1588.56	1078.419
1589.64	1078.976
1590.73	1079.534
1591.82	1080.091
1592.91	1080.649
1594.00	1081.208
1595.09	1081.767
1596.19	1082.326
1597.28	1082.885
1598.37	1083.445
1599.46	1084.005
1600.56	1084.565
1601.65	1085.126
1602.75	1085.687
1603.84	1086.249
1604.94	1086.811
1606.03	1087.373
1607.13	1087.935
1608.23	1088.498
1609.33	1089.061
1610.42	1089.625
1611.52	1090.188
1612.62	1090.753
1613.72	1091.317
1614.82	1091.882
1615.92	1092.447
1617.03	1093.013
1618.13	1093.578
1619.23	1094.145
1620.33	1094.711
1621.44	1095.278
1622.54	1095.845
1623.65	1096.413
1624.75	1096.981
1625.86	1097.549
1626.97	1098.118
1628.07	1098.687
1629.18	1099.256
1630.29	1099.826
1631.40	1100.396
1632.51	1100.966
1633.62	1101.537
1634.73	1102.108
1635.84	1102.679
