t(c)	y(m)
0.000	0.00
0.010	0.10
0.020	0.21
0.030	0.31
0.040	0.43
0.050	0.54
0.060	0.66
0.070	0.78
0.080	0.91
0.090	1.04
0.100	1.17
0.110	1.31
0.120	1.44
0.130	1.59
0.140	1.73
0.150	1.88
0.160	2.04
0.170	2.19
0.180	2.35
0.190	2.52
0.200	2.69
0.210	2.86
0.220	3.03
0.230	3.21
0.240	3.39
0.250	3.57
0.260	3.76
0.270	3.95
0.280	4.15
0.290	4.35
0.300	4.55
0.310	4.75
0.320	4.96
0.330	5.18
0.340	5.39
0.350	5.61
0.360	5.83
0.370	6.06
0.380	6.29
0.390	6.52
0.400	6.76
0.410	7.00
0.420	7.24
0.430	7.49
0.440	7.74
0.450	8.00
0.460	8.25
0.470	8.51
0.480	8.78
0.490	9.05
0.500	9.32
0.510	9.59
0.520	9.87
0.530	10.15
0.540	10.44
0.550	10.73
0.560	11.02
0.570	11.32
0.580	11.62
0.590	11.92
0.600	12.23
0.610	12.54
0.620	12.85
0.630	13.17
0.640	13.49
0.650	13.81
0.660	14.14
0.670	14.47
0.680	14.80
0.690	15.14
0.700	15.48
0.710	15.83
0.720	16.18
0.730	16.53
0.740	16.88
0.750	17.24
0.760	17.60
0.770	17.97
0.780	18.34
0.790	18.71
0.800	19.09
0.810	19.47
0.820	19.85
0.830	20.24
0.840	20.63
0.850	21.02
0.860	21.42
0.870	21.82
0.880	22.23
0.890	22.63
0.900	23.04
0.910	23.46
0.920	23.88
0.930	24.30
0.940	24.72
0.950	25.15
0.960	25.59
0.970	26.02
0.980	26.46
0.990	26.90
1.000	27.35
1.010	27.80
1.020	28.25
1.030	28.71
1.040	29.17
1.050	29.63
1.060	30.10
1.070	30.57
1.080	31.05
1.090	31.53
1.100	32.01
1.110	32.49
1.120	32.98
1.130	33.47
1.140	33.97
1.150	34.47
1.160	34.97
1.170	35.48
1.180	35.98
1.190	36.50
1.200	37.01
1.210	37.53
1.220	38.06
1.230	38.59
1.240	39.12
1.250	39.65
1.260	40.19
1.270	40.73
1.280	41.27
1.290	41.82
1.300	42.37
1.310	42.93
1.320	43.49
1.330	44.05
1.340	44.62
1.350	45.19
1.360	45.76
1.370	46.33
1.380	46.91
1.390	47.50
1.400	48.08
1.410	48.68
1.420	49.27
1.430	49.87
1.440	50.47
1.450	51.07
1.460	51.68
1.470	52.29
1.480	52.91
1.490	53.53
1.500	54.15
1.510	54.77
1.520	55.40
1.530	56.04
1.540	56.67
1.550	57.31
1.560	57.96
1.570	58.60
1.580	59.25
1.590	59.91
1.600	60.57
1.610	61.23
1.620	61.89
1.630	62.56
1.640	63.23
1.650	63.91
1.660	64.58
1.670	65.27
1.680	65.95
1.690	66.64
1.700	67.34
1.710	68.03
1.720	68.73
1.730	69.43
1.740	70.14
1.750	70.85
1.760	71.57
1.770	72.28
1.780	73.01
1.790	73.73
1.800	74.46
1.810	75.19
1.820	75.93
1.830	76.66
1.840	77.41
1.850	78.15
1.860	78.90
1.870	79.66
1.880	80.41
1.890	81.17
1.900	81.94
1.910	82.70
1.920	83.47
1.930	84.25
1.940	85.03
1.950	85.81
1.960	86.59
1.970	87.38
1.980	88.17
1.990	88.97
2.000	89.77
2.010	90.57
2.020	91.38
2.030	92.19
2.040	93.00
2.050	93.82
2.060	94.64
2.070	95.46
2.080	96.29
2.090	97.12
2.100	97.96
2.110	98.79
2.120	99.64
2.130	100.48
2.140	101.33
2.150	102.18
2.160	103.04
2.170	103.90
2.180	104.76
2.190	105.63
2.200	106.50
2.210	107.37
2.220	108.25
2.230	109.13
2.240	110.02
2.250	110.90
2.260	111.80
2.270	112.69
2.280	113.59
2.290	114.49
2.300	115.40
2.310	116.31
2.320	117.22
2.330	118.14
2.340	119.06
2.350	119.98
2.360	120.91
2.370	121.84
2.380	122.77
2.390	123.71
2.400	124.65
2.410	125.60
2.420	126.55
2.430	127.50
2.440	128.45
2.450	129.41
2.460	130.38
2.470	131.34
2.480	132.31
2.490	133.29
2.500	134.26
2.510	135.24
2.520	136.23
2.530	137.22
2.540	138.21
2.550	139.20
2.560	140.20
2.570	141.20
2.580	142.21
2.590	143.22
2.600	144.23
2.610	145.25
2.620	146.27
2.630	147.29
2.640	148.32
2.650	149.35
2.660	150.39
2.670	151.42
2.680	152.46
2.690	153.51
2.700	154.56
2.710	155.61
2.720	156.67
2.730	157.73
2.740	158.79
2.750	159.86
2.760	160.93
2.770	162.00
2.780	163.08
2.790	164.16
2.800	165.24
2.810	166.33
2.820	167.42
2.830	168.52
2.840	169.62
2.850	170.72
2.860	171.82
2.870	172.93
2.880	174.05
2.890	175.16
2.900	176.28
2.910	177.41
2.920	178.54
2.930	179.67
2.940	180.80
2.950	181.94
2.960	183.08
2.970	184.23
2.980	185.38
2.990	186.53
3.000	187.68
3.010	188.84
3.020	190.01
3.030	191.17
3.040	192.34
3.050	193.52
3.060	194.70
3.070	195.88
3.080	197.06
3.090	198.25
3.100	199.44
3.110	200.64
3.120	201.84
3.130	203.04
3.140	204.25
3.150	205.46
3.160	206.67
3.170	207.89
3.180	209.11
3.190	210.33
3.200	211.56
3.210	212.79
3.220	214.03
3.230	215.27
3.240	216.51
3.250	217.76
3.260	219.01
3.270	220.26
3.280	221.52
3.290	222.78
3.300	224.04
3.310	225.31
3.320	226.58
3.330	227.85
3.340	229.13
3.350	230.41
3.360	231.70
3.370	232.99
3.380	234.28
3.390	235.58
3.400	236.88
3.410	238.18
3.420	239.49
3.430	240.80
3.440	242.11
3.450	243.43
3.460	244.75
3.470	246.08
3.480	247.41
3.490	248.74
3.500	250.08
3.510	251.42
3.520	252.76
3.530	254.11
3.540	255.46
3.550	256.81
3.560	258.17
3.570	259.53
3.580	260.89
3.590	262.26
3.600	263.64
3.610	265.01
3.620	266.39
3.630	267.77
3.640	269.16
3.650	270.55
3.660	271.94
3.670	273.34
3.680	274.74
3.690	276.15
3.700	277.56
3.710	278.97
3.720	280.38
3.730	281.80
3.740	283.22
3.750	284.65
3.760	286.08
3.770	287.51
3.780	288.95
3.790	290.39
3.800	291.84
3.810	293.28
3.820	294.74
3.830	296.19
3.840	297.65
3.850	299.11
3.860	300.58
3.870	302.05
3.880	303.52
3.890	305.00
3.900	306.48
3.910	307.96
3.920	309.45
3.930	310.94
3.940	312.44
3.950	313.94
3.960	315.44
3.970	316.94
3.980	318.45
3.990	319.97
4.000	321.48
4.010	323.00
4.020	324.53
4.030	326.06
4.040	327.59
4.050	329.12
4.060	330.66
4.070	332.20
4.080	333.75
4.090	335.30
4.100	336.85
4.110	338.41
4.120	339.97
4.130	341.53
4.140	343.10
4.150	344.67
4.160	346.24
4.170	347.82
4.180	349.40
4.190	350.99
4.200	352.58
4.210	354.17
4.220	355.77
4.230	357.37
4.240	358.97
4.250	360.58
4.260	362.19
4.270	363.81
4.280	365.42
4.290	367.05
4.300	368.67
4.310	370.30
4.320	371.93
4.330	373.57
4.340	375.21
4.350	376.85
4.360	378.50
4.370	380.15
4.380	381.81
4.390	383.47
4.400	385.13
4.410	386.79
4.420	388.46
4.430	390.13
4.440	391.81
4.450	393.49
4.460	395.17
4.470	396.86
4.480	398.55
4.490	400.25
4.500	401.95
4.510	403.65
4.520	405.35
4.530	407.06
4.540	408.77
4.550	410.49
4.560	412.21
4.570	413.93
4.580	415.66
4.590	417.39
4.600	419.13
4.610	420.87
4.620	422.61
4.630	424.35
4.640	426.10
4.650	427.85
4.660	429.61
4.670	431.37
4.680	433.13
4.690	434.90
4.700	436.67
4.710	438.45
4.720	440.23
4.730	442.01
4.740	443.79
4.750	445.58
4.760	447.38
4.770	449.17
4.780	450.97
4.790	452.78
4.800	454.58
4.810	456.39
4.820	458.21
4.830	460.03
4.840	461.85
4.850	463.68
4.860	465.50
4.870	467.34
4.880	469.17
4.890	471.01
4.900	472.86
4.910	474.71
4.920	476.56
4.930	478.41
4.940	480.27
4.950	482.13
4.960	484.00
4.970	485.87
4.980	487.74
4.990	489.62
5.000	491.50
5.010	493.38
5.020	495.27
5.030	497.16
5.040	499.05
5.050	500.95
5.060	502.85
5.070	504.76
5.080	506.67
5.090	508.58
5.100	510.50
5.110	512.42
5.120	514.34
5.130	516.27
5.140	518.20
5.150	520.14
5.160	522.08
5.170	524.02
5.180	525.96
5.190	527.91
5.200	529.87
5.210	531.82
5.220	533.78
5.230	535.75
5.240	537.72
5.250	539.69
5.260	541.66
5.270	543.64
5.280	545.62
5.290	547.61
5.300	549.60
5.310	551.59
5.320	553.59
5.330	555.59
5.340	557.59
5.350	559.60
5.360	561.61
5.370	563.62
5.380	565.64
5.390	567.66
5.400	569.69
5.410	571.72
5.420	573.75
5.430	575.79
5.440	577.83
5.450	579.87
5.460	581.92
5.470	583.97
5.480	586.03
5.490	588.09
5.500	590.15
5.510	592.21
5.520	594.28
5.530	596.35
5.540	598.43
5.550	600.51
5.560	602.59
5.570	604.68
5.580	606.77
5.590	608.87
5.600	610.97
5.610	613.07
5.620	615.17
5.630	617.28
5.640	619.39
5.650	621.51
5.660	623.63
5.670	625.75
5.680	627.88
5.690	630.01
5.700	632.15
5.710	634.28
5.720	636.43
5.730	638.57
5.740	640.72
5.750	642.87
5.760	645.03
5.770	647.19
5.780	649.35
5.790	651.52
5.800	653.69
5.810	655.86
5.820	658.04
5.830	660.22
5.840	662.41
5.850	664.59
5.860	666.79
5.870	668.98
5.880	671.18
5.890	673.38
5.900	675.59
5.910	677.80
5.920	680.01
5.930	682.23
5.940	684.45
5.950	686.68
5.960	688.90
5.970	691.14
5.980	693.37
5.990	695.61
6.000	697.85
6.010	700.10
6.020	702.35
6.030	704.60
6.040	706.86
6.050	709.12
6.060	711.38
6.070	713.65
6.080	715.92
6.090	718.20
6.100	720.47
6.110	722.76
6.120	725.04
6.130	727.33
6.140	729.62
6.150	731.92
6.160	734.22
6.170	736.52
6.180	738.83
6.190	741.14
6.200	743.45
6.210	745.77
6.220	748.09
6.230	750.42
6.240	752.75
6.250	755.08
6.260	757.41
6.270	759.75
6.280	762.10
6.290	764.44
6.300	766.79
6.310	769.15
6.320	771.50
6.330	773.86
6.340	776.23
6.350	778.60
6.360	780.97
6.370	783.34
6.380	785.72
6.390	788.10
6.400	790.49
6.410	792.88
6.420	795.27
6.430	797.67
6.440	800.07
6.450	802.47
6.460	804.88
6.470	807.29
6.480	809.70
6.490	812.12
6.500	814.54
6.510	816.96
6.520	819.39
6.530	821.82
6.540	824.26
6.550	826.70
6.560	829.14
6.570	831.59
6.580	834.03
6.590	836.49
6.600	838.94
6.610	841.40
6.620	843.87
6.630	846.34
6.640	848.81
6.650	851.28
6.660	853.76
6.670	856.24
6.680	858.72
6.690	861.21
6.700	863.70
6.710	866.20
6.720	868.70
6.730	871.20
6.740	873.71
6.750	876.22
6.760	878.73
6.770	881.25
6.780	883.77
6.790	886.29
6.800	888.82
6.810	891.35
6.820	893.88
6.830	896.42
6.840	898.96
6.850	901.51
6.860	904.05
6.870	906.61
6.880	909.16
6.890	911.72
6.900	914.28
6.910	916.85
6.920	919.42
6.930	921.99
6.940	924.57
6.950	927.15
6.960	929.73
6.970	932.32
6.980	934.91
6.990	937.50
7.000	940.10
7.010	942.70
7.020	945.30
7.030	947.91
7.040	950.52
7.050	953.14
7.060	955.76
7.070	958.38
7.080	961.00
7.090	963.63
7.100	966.26
7.110	968.90
7.120	971.54
7.130	974.18
7.140	976.83
7.150	979.48
7.160	982.13
7.170	984.79
7.180	987.45
7.190	990.11
7.200	992.78
7.210	995.45
7.220	998.12
7.230	1000.80
7.240	1003.48
7.250	1006.16
7.260	1008.85
7.270	1011.54
7.280	1014.24
7.290	1016.94
7.300	1019.64
7.310	1022.34
7.320	1025.05
7.330	1027.76
7.340	1030.48
7.350	1033.20
7.360	1035.92
7.370	1038.64
7.380	1041.37
7.390	1044.11
7.400	1046.84
7.410	1049.58
7.420	1052.32
7.430	1055.07
7.440	1057.82
7.450	1060.57
7.460	1063.33
7.470	1066.09
7.480	1068.85
7.490	1071.62
7.500	1074.39
7.510	1077.16
7.520	1079.94
7.530	1082.72
7.540	1085.50
7.550	1088.29
7.560	1091.08
7.570	1093.88
7.580	1096.67
7.590	1099.47
7.600	1102.28
7.610	1105.09
7.620	1107.90
7.630	1110.71
7.640	1113.53
7.650	1116.35
7.660	1119.17
7.670	1122.00
7.680	1124.83
7.690	1127.67
7.700	1130.51
7.710	1133.35
7.720	1136.19
7.730	1139.04
7.740	1141.89
7.750	1144.75
7.760	1147.60
7.770	1150.47
7.780	1153.33
7.790	1156.20
7.800	1159.07
7.810	1161.95
7.820	1164.82
7.830	1167.71
7.840	1170.59
7.850	1173.48
7.860	1176.37
7.870	1179.26
7.880	1182.16
7.890	1185.06
7.900	1187.97
7.910	1190.88
7.920	1193.79
7.930	1196.70
7.940	1199.62
7.950	1202.54
7.960	1205.47
7.970	1208.40
7.980	1211.33
7.990	1214.26
8.000	1217.20
8.010	1220.14
8.020	1223.09
8.030	1226.03
8.040	1228.99
8.050	1231.94
8.060	1234.90
8.070	1237.86
8.080	1240.82
8.090	1243.79
8.100	1246.76
8.110	1249.74
8.120	1252.71
8.130	1255.70
8.140	1258.68
8.150	1261.67
8.160	1264.66
8.170	1267.65
8.180	1270.65
8.190	1273.65
8.200	1276.65
8.210	1279.66
8.220	1282.67
8.230	1285.68
8.240	1288.70
8.250	1291.72
8.260	1294.74
8.270	1297.77
8.280	1300.80
8.290	1303.83
8.300	1306.87
8.310	1309.91
8.320	1312.95
8.330	1315.99
8.340	1319.04
8.350	1322.10
8.360	1325.15
8.370	1328.21
8.380	1331.27
8.390	1334.34
8.400	1337.41
8.410	1340.48
8.420	1343.55
8.430	1346.63
8.440	1349.71
8.450	1352.80
8.460	1355.88
8.470	1358.97
8.480	1362.07
8.490	1365.16
8.500	1368.26
8.510	1371.37
8.520	1374.48
8.530	1377.58
8.540	1380.70
8.550	1383.81
8.560	1386.93
8.570	1390.06
8.580	1393.18
8.590	1396.31
8.600	1399.44
8.610	1402.58
8.620	1405.72
8.630	1408.86
8.640	1412.00
8.650	1415.15
8.660	1418.30
8.670	1421.46
8.680	1424.61
8.690	1427.77
8.700	1430.94
8.710	1434.10
8.720	1437.27
8.730	1440.45
8.740	1443.62
8.750	1446.80
8.760	1449.98
8.770	1453.17
8.780	1456.36
8.790	1459.55
8.800	1462.74
8.810	1465.94
8.820	1469.14
8.830	1472.35
8.840	1475.55
8.850	1478.76
8.860	1481.98
8.870	1485.19
8.880	1488.41
8.890	1491.64
8.900	1494.86
8.910	1498.09
8.920	1501.32
8.930	1504.56
8.940	1507.80
8.950	1511.04
8.960	1514.28
8.970	1517.53
8.980	1520.78
8.990	1524.03
9.000	1527.29
9.010	1530.55
9.020	1533.81
9.030	1537.08
9.040	1540.35
9.050	1543.62
9.060	1546.89
9.070	1550.17
9.080	1553.45
9.090	1556.73
9.100	1560.02
9.110	1563.31
9.120	1566.61
9.130	1569.90
9.140	1573.20
9.150	1576.50
9.160	1579.81
9.170	1583.12
9.180	1586.43
9.190	1589.74
9.200	1593.06
9.210	1596.38
9.220	1599.70
9.230	1603.03
9.240	1606.36
9.250	1609.69
9.260	1613.03
9.270	1616.37
9.280	1619.71
9.290	1623.05
9.300	1626.40
9.310	1629.75
9.320	1633.10
9.330	1636.46
9.340	1639.82
9.350	1643.18
9.360	1646.55
9.370	1649.92
9.380	1653.29
9.390	1656.66
9.400	1660.04
9.410	1663.42
9.420	1666.80
9.430	1670.19
9.440	1673.58
9.450	1676.97
9.460	1680.37
9.470	1683.77
9.480	1687.17
9.490	1690.57
9.500	1693.98
9.510	1697.39
9.520	1700.81
9.530	1704.22
9.540	1707.64
9.550	1711.07
9.560	1714.49
9.570	1717.92
9.580	1721.35
9.590	1724.79
9.600	1728.22
9.610	1731.66
9.620	1735.11
9.630	1738.55
9.640	1742.00
9.650	1745.45
9.660	1748.91
9.670	1752.37
9.680	1755.83
9.690	1759.29
9.700	1762.76
9.710	1766.23
9.720	1769.70
9.730	1773.18
9.740	1776.66
9.750	1780.14
9.760	1783.63
9.770	1787.11
9.780	1790.60
9.790	1794.10
9.800	1797.59
9.810	1801.09
9.820	1804.60
9.830	1808.10
9.840	1811.61
9.850	1815.12
9.860	1818.64
9.870	1822.15
9.880	1825.67
9.890	1829.20
9.900	1832.72
9.910	1836.25
9.920	1839.78
9.930	1843.32
9.940	1846.86
9.950	1850.40
9.960	1853.94
9.970	1857.49
9.980	1861.04
9.990	1864.59
10.000	1868.14
10.010	1871.70
10.020	1875.26
10.030	1878.83
10.040	1882.40
10.050	1885.97
10.060	1889.54
10.070	1893.11
10.080	1896.69
10.090	1900.27
10.100	1903.86
10.110	1907.45
10.120	1911.04
10.130	1914.63
10.140	1918.23
10.150	1921.83
10.160	1925.43
10.170	1929.03
10.180	1932.64
10.190	1936.25
10.200	1939.86
10.210	1943.48
10.220	1947.10
10.230	1950.72
10.240	1954.35
10.250	1957.98
10.260	1961.61
10.270	1965.24
10.280	1968.88
10.290	1972.52
10.300	1976.16
10.310	1979.81
10.320	1983.46
10.330	1987.11
10.340	1990.76
10.350	1994.42
10.360	1998.08
10.370	2001.74
10.380	2005.41
10.390	2009.08
10.400	2012.75
10.410	2016.42
10.420	2020.10
10.430	2023.78
10.440	2027.46
10.450	2031.15
10.460	2034.84
10.470	2038.53
10.480	2042.23
10.490	2045.93
10.500	2049.63
10.510	2053.33
10.520	2057.04
10.530	2060.75
10.540	2064.46
10.550	2068.17
10.560	2071.89
10.570	2075.61
10.580	2079.34
10.590	2083.06
10.600	2086.79
10.610	2090.53
10.620	2094.26
10.630	2098.00
10.640	2101.74
10.650	2105.49
10.660	2109.23
10.670	2112.98
10.680	2116.74
10.690	2120.49
10.700	2124.25
10.710	2128.01
10.720	2131.78
10.730	2135.54
10.740	2139.31
10.750	2143.09
10.760	2146.86
10.770	2150.64
10.780	2154.42
10.790	2158.21
10.800	2162.00
10.810	2165.79
10.820	2169.58
10.830	2173.38
10.840	2177.18
10.850	2180.98
10.860	2184.78
10.870	2188.59
10.880	2192.40
10.890	2196.22
10.900	2200.03
10.910	2203.85
10.920	2207.67
10.930	2211.50
10.940	2215.33
10.950	2219.16
10.960	2222.99
10.970	2226.83
10.980	2230.67
10.990	2234.51
11.000	2238.36
11.010	2242.21
11.020	2246.06
11.030	2249.91
11.040	2253.77
11.050	2257.63
11.060	2261.49
11.070	2265.36
11.080	2269.22
11.090	2273.10
11.100	2276.97
11.110	2280.85
11.120	2284.73
11.130	2288.61
11.140	2292.50
11.150	2296.38
11.160	2300.28
11.170	2304.17
11.180	2308.07
11.190	2311.97
11.200	2315.87
11.210	2319.78
11.220	2323.69
11.230	2327.60
11.240	2331.51
11.250	2335.43
11.260	2339.35
11.270	2343.27
11.280	2347.20
11.290	2351.13
11.300	2355.06
11.310	2358.99
11.320	2362.93
11.330	2366.87
11.340	2370.82
11.350	2374.76
11.360	2378.71
11.370	2382.66
11.380	2386.62
11.390	2390.58
11.400	2394.54
11.410	2398.50
11.420	2402.47
11.430	2406.44
11.440	2410.41
11.450	2414.38
11.460	2418.36
11.470	2422.34
11.480	2426.32
11.490	2430.31
11.500	2434.30
11.510	2438.29
11.520	2442.29
11.530	2446.28
11.540	2450.29
11.550	2454.29
11.560	2458.30
11.570	2462.30
11.580	2466.32
11.590	2470.33
11.600	2474.35
11.610	2478.37
11.620	2482.39
11.630	2486.42
11.640	2490.45
11.650	2494.48
11.660	2498.52
11.670	2502.56
11.680	2506.60
11.690	2510.64
11.700	2514.69
11.710	2518.74
11.720	2522.79
11.730	2526.84
11.740	2530.90
11.750	2534.96
11.760	2539.03
11.770	2543.09
11.780	2547.16
11.790	2551.23
11.800	2555.31
11.810	2559.39
11.820	2563.47
11.830	2567.55
11.840	2571.64
11.850	2575.73
11.860	2579.82
11.870	2583.92
11.880	2588.01
11.890	2592.11
11.900	2596.22
11.910	2600.32
11.920	2604.43
11.930	2608.55
11.940	2612.66
11.950	2616.78
11.960	2620.90
11.970	2625.02
11.980	2629.15
11.990	2633.28
12.000	2637.41
12.010	2641.55
12.020	2645.69
12.030	2649.83
12.040	2653.97
12.050	2658.12
12.060	2662.27
12.070	2666.42
12.080	2670.57
12.090	2674.73
12.100	2678.89
12.110	2683.06
12.120	2687.22
12.130	2691.39
12.140	2695.56
12.150	2699.74
12.160	2703.92
12.170	2708.10
12.180	2712.28
12.190	2716.47
12.200	2720.66
12.210	2724.85
12.220	2729.04
12.230	2733.24
12.240	2737.44
12.250	2741.65
12.260	2745.85
12.270	2750.06
12.280	2754.27
12.290	2758.49
12.300	2762.71
12.310	2766.93
12.320	2771.15
12.330	2775.38
12.340	2779.60
12.350	2783.84
12.360	2788.07
12.370	2792.31
12.380	2796.55
12.390	2800.79
12.400	2805.04
12.410	2809.29
12.420	2813.54
12.430	2817.79
12.440	2822.05
12.450	2826.31
12.460	2830.57
12.470	2834.84
12.480	2839.11
12.490	2843.38
12.500	2847.65
12.510	2851.93
12.520	2856.21
12.530	2860.49
12.540	2864.78
12.550	2869.07
12.560	2873.36
12.570	2877.65
12.580	2881.95
12.590	2886.25
12.600	2890.55
12.610	2894.86
12.620	2899.17
12.630	2903.48
12.640	2907.79
12.650	2912.11
12.660	2916.43
12.670	2920.75
12.680	2925.08
12.690	2929.40
12.700	2933.74
12.710	2938.07
12.720	2942.41
12.730	2946.74
12.740	2951.09
12.750	2955.43
12.760	2959.78
12.770	2964.13
12.780	2968.48
12.790	2972.84
12.800	2977.20
12.810	2981.56
12.820	2985.92
12.830	2990.29
12.840	2994.66
12.850	2999.03
12.860	3003.41
12.870	3007.79
12.880	3012.17
12.890	3016.55
12.900	3020.94
12.910	3025.33
12.920	3029.72
12.930	3034.12
12.940	3038.52
12.950	3042.92
12.960	3047.32
12.970	3051.73
12.980	3056.14
12.990	3060.55
13.000	3064.97
13.010	3069.38
13.020	3073.81
13.030	3078.23
13.040	3082.66
13.050	3087.08
13.060	3091.52
13.070	3095.95
13.080	3100.39
13.090	3104.83
13.100	3109.27
13.110	3113.72
13.120	3118.17
13.130	3122.62
13.140	3127.07
13.150	3131.53
13.160	3135.99
13.170	3140.45
13.180	3144.92
13.190	3149.38
13.200	3153.86
13.210	3158.33
13.220	3162.81
13.230	3167.29
13.240	3171.77
13.250	3176.25
13.260	3180.74
13.270	3185.23
13.280	3189.72
13.290	3194.22
13.300	3198.72
13.310	3203.22
13.320	3207.73
13.330	3212.23
13.340	3216.74
13.350	3221.26
13.360	3225.77
13.370	3230.29
13.380	3234.81
13.390	3239.34
13.400	3243.86
13.410	3248.39
13.420	3252.93
13.430	3257.46
13.440	3262.00
13.450	3266.54
13.460	3271.08
13.470	3275.63
13.480	3280.18
13.490	3284.73
13.500	3289.29
13.510	3293.84
13.520	3298.40
13.530	3302.97
13.540	3307.53
13.550	3312.10
13.560	3316.67
13.570	3321.25
13.580	3325.82
13.590	3330.40
13.600	3334.99
13.610	3339.57
13.620	3344.16
13.630	3348.75
13.640	3353.35
13.650	3357.94
13.660	3362.54
13.670	3367.14
13.680	3371.75
13.690	3376.36
13.700	3380.97
13.710	3385.58
13.720	3390.20
13.730	3394.82
13.740	3399.44
13.750	3404.06
13.760	3408.69
13.770	3413.32
13.780	3417.95
13.790	3422.59
13.800	3427.23
13.810	3431.87
13.820	3436.51
13.830	3441.16
13.840	3445.81
13.850	3450.46
13.860	3455.11
13.870	3459.77
13.880	3464.43
13.890	3469.10
13.900	3473.76
13.910	3478.43
13.920	3483.10
13.930	3487.78
13.940	3492.46
13.950	3497.14
13.960	3501.82
13.970	3506.51
13.980	3511.19
13.990	3515.89
14.000	3520.58
14.010	3525.28
14.020	3529.98
14.030	3534.68
14.040	3539.38
14.050	3544.09
14.060	3548.80
14.070	3553.52
14.080	3558.23
14.090	3562.95
14.100	3567.67
14.110	3572.40
14.120	3577.13
14.130	3581.86
14.140	3586.59
14.150	3591.33
14.160	3596.06
14.170	3600.81
14.180	3605.55
14.190	3610.30
14.200	3615.05
14.210	3619.80
14.220	3624.56
14.230	3629.31
14.240	3634.07
14.250	3638.84
14.260	3643.60
14.270	3648.37
14.280	3653.15
14.290	3657.92
14.300	3662.70
14.310	3667.48
14.320	3672.26
14.330	3677.05
14.340	3681.84
14.350	3686.63
14.360	3691.42
14.370	3696.22
14.380	3701.02
14.390	3705.82
14.400	3710.63
14.410	3715.44
14.420	3720.25
14.430	3725.06
14.440	3729.88
14.450	3734.70
14.460	3739.52
14.470	3744.35
14.480	3749.17
14.490	3754.00
14.500	3758.84
14.510	3763.67
14.520	3768.51
14.530	3773.35
14.540	3778.20
14.550	3783.05
14.560	3787.90
14.570	3792.75
14.580	3797.61
14.590	3802.46
14.600	3807.33
14.610	3812.19
14.620	3817.06
14.630	3821.93
14.640	3826.80
14.650	3831.67
14.660	3836.55
14.670	3841.43
14.680	3846.32
14.690	3851.20
14.700	3856.09
14.710	3860.98
14.720	3865.88
14.730	3870.78
14.740	3875.68
14.750	3880.58
14.760	3885.48
14.770	3890.39
14.780	3895.30
14.790	3900.22
14.800	3905.14
14.810	3910.06
14.820	3914.98
14.830	3919.90
14.840	3924.83
14.850	3929.76
14.860	3934.70
14.870	3939.63
14.880	3944.57
14.890	3949.51
14.900	3954.46
14.910	3959.41
14.920	3964.36
14.930	3969.31
14.940	3974.27
14.950	3979.23
14.960	3984.19
14.970	3989.15
14.980	3994.12
14.990	3999.09
15.000	4004.06
15.010	4009.04
15.020	4014.02
15.030	4019.00
15.040	4023.98
15.050	4028.97
15.060	4033.96
15.070	4038.95
15.080	4043.94
15.090	4048.94
15.100	4053.94
15.110	4058.95
15.120	4063.95
15.130	4068.96
15.140	4073.97
15.150	4078.99
15.160	4084.01
15.170	4089.03
15.180	4094.05
15.190	4099.08
15.200	4104.10
15.210	4109.14
15.220	4114.17
15.230	4119.21
15.240	4124.25
15.250	4129.29
15.260	4134.34
15.270	4139.38
15.280	4144.43
15.290	4149.49
15.300	4154.55
15.310	4159.60
15.320	4164.67
15.330	4169.73
15.340	4174.80
15.350	4179.87
15.360	4184.94
15.370	4190.02
15.380	4195.10
15.390	4200.18
15.400	4205.27
15.410	4210.35
15.420	4215.44
15.430	4220.54
15.440	4225.63
15.450	4230.73
15.460	4235.83
15.470	4240.94
15.480	4246.04
15.490	4251.15
15.500	4256.27
15.510	4261.38
15.520	4266.50
15.530	4271.62
15.540	4276.74
15.550	4281.87
15.560	4287.00
15.570	4292.13
15.580	4297.27
15.590	4302.40
15.600	4307.55
15.610	4312.69
15.620	4317.84
15.630	4322.98
15.640	4328.14
15.650	4333.29
15.660	4338.45
15.670	4343.61
15.680	4348.77
15.690	4353.94
15.700	4359.11
15.710	4364.28
15.720	4369.45
15.730	4374.63
15.740	4379.81
15.750	4384.99
15.760	4390.18
15.770	4395.37
15.780	4400.56
15.790	4405.75
15.800	4410.95
15.810	4416.15
15.820	4421.35
15.830	4426.55
15.840	4431.76
15.850	4436.97
15.860	4442.19
15.870	4447.40
15.880	4452.62
15.890	4457.85
15.900	4463.07
15.910	4468.30
15.920	4473.53
15.930	4478.76
15.940	4484.00
15.950	4489.24
15.960	4494.48
15.970	4499.72
15.980	4504.97
15.990	4510.22
16.000	4515.47
16.010	4520.73
16.020	4525.99
16.030	4531.25
16.040	4536.51
16.050	4541.78
16.060	4547.05
16.070	4552.32
16.080	4557.60
16.090	4562.88
16.100	4568.16
16.110	4573.44
16.120	4578.73
16.130	4584.02
16.140	4589.31
16.150	4594.61
16.160	4599.91
16.170	4605.21
16.180	4610.51
16.190	4615.82
16.200	4621.13
16.210	4626.44
16.220	4631.75
16.230	4637.07
16.240	4642.39
16.250	4647.72
16.260	4653.04
16.270	4658.37
16.280	4663.70
16.290	4669.04
16.300	4674.38
16.310	4679.72
16.320	4685.06
16.330	4690.41
16.340	4695.76
16.350	4701.11
16.360	4706.46
16.370	4711.82
16.380	4717.18
16.390	4722.54
16.400	4727.91
16.410	4733.28
16.420	4738.65
16.430	4744.03
16.440	4749.40
16.450	4754.78
16.460	4760.17
16.470	4765.55
16.480	4770.94
16.490	4776.33
16.500	4781.73
16.510	4787.12
16.520	4792.52
16.530	4797.93
16.540	4803.33
16.550	4808.74
16.560	4814.15
16.570	4819.57
16.580	4824.98
16.590	4830.40
16.600	4835.83
16.610	4841.25
16.620	4846.68
16.630	4852.11
16.640	4857.55
16.650	4862.98
16.660	4868.42
16.670	4873.87
16.680	4879.31
16.690	4884.76
16.700	4890.21
16.710	4895.67
16.720	4901.12
16.730	4906.58
16.740	4912.04
16.750	4917.51
16.760	4922.98
16.770	4928.45
16.780	4933.92
16.790	4939.40
16.800	4944.88
16.810	4950.36
16.820	4955.85
16.830	4961.34
16.840	4966.83
16.850	4972.32
16.860	4977.82
16.870	4983.32
16.880	4988.82
16.890	4994.33
16.900	4999.83
16.910	5005.35
16.920	5010.86
16.930	5016.38
16.940	5021.90
16.950	5027.42
16.960	5032.94
16.970	5038.47
16.980	5044.00
16.990	5049.54
17.000	5055.08
17.010	5060.62
17.020	5066.16
17.030	5071.70
17.040	5077.25
17.050	5082.80
17.060	5088.36
17.070	5093.91
17.080	5099.47
17.090	5105.04
17.100	5110.60
17.110	5116.17
17.120	5121.74
17.130	5127.32
17.140	5132.89
17.150	5138.47
17.160	5144.06
17.170	5149.64
17.180	5155.23
17.190	5160.82
17.200	5166.42
17.210	5172.01
17.220	5177.61
17.230	5183.22
17.240	5188.82
17.250	5194.43
17.260	5200.04
17.270	5205.66
17.280	5211.27
17.290	5216.90
17.300	5222.52
17.310	5228.14
17.320	5233.77
17.330	5239.40
17.340	5245.04
17.350	5250.68
17.360	5256.32
17.370	5261.96
17.380	5267.61
17.390	5273.26
17.400	5278.91
17.410	5284.56
17.420	5290.22
17.430	5295.88
17.440	5301.55
17.450	5307.21
17.460	5312.88
17.470	5318.55
17.480	5324.23
17.490	5329.91
17.500	5335.59
17.510	5341.27
17.520	5346.96
17.530	5352.65
17.540	5358.34
17.550	5364.04
17.560	5369.73
17.570	5375.43
17.580	5381.14
17.590	5386.85
17.600	5392.56
17.610	5398.27
17.620	5403.98
17.630	5409.70
17.640	5415.42
17.650	5421.15
17.660	5426.88
17.670	5432.61
17.680	5438.34
17.690	5444.08
17.700	5449.82
17.710	5455.56
17.720	5461.30
17.730	5467.05
17.740	5472.80
17.750	5478.55
17.760	5484.31
17.770	5490.07
17.780	5495.83
17.790	5501.60
17.800	5507.37
17.810	5513.14
17.820	5518.91
17.830	5524.69
17.840	5530.47
17.850	5536.25
17.860	5542.04
17.870	5547.82
17.880	5553.62
17.890	5559.41
17.900	5565.21
17.910	5571.01
17.920	5576.81
17.930	5582.62
17.940	5588.43
17.950	5594.24
17.960	5600.05
17.970	5605.87
17.980	5611.69
17.990	5617.52
18.000	5623.34
18.010	5629.17
18.020	5635.00
18.030	5640.84
18.040	5646.68
18.050	5652.52
18.060	5658.36
18.070	5664.21
18.080	5670.06
18.090	5675.91
18.100	5681.77
18.110	5687.63
18.120	5693.49
18.130	5699.36
18.140	5705.22
18.150	5711.10
18.160	5716.97
18.170	5722.85
18.180	5728.73
18.190	5734.61
18.200	5740.49
18.210	5746.38
18.220	5752.27
18.230	5758.17
18.240	5764.07
18.250	5769.97
18.260	5775.87
18.270	5781.77
18.280	5787.68
18.290	5793.60
18.300	5799.51
18.310	5805.43
18.320	5811.35
18.330	5817.27
18.340	5823.20
18.350	5829.13
18.360	5835.06
18.370	5841.00
18.380	5846.94
18.390	5852.88
18.400	5858.83
18.410	5864.77
18.420	5870.72
18.430	5876.68
18.440	5882.63
18.450	5888.59
18.460	5894.56
18.470	5900.52
18.480	5906.49
18.490	5912.46
18.500	5918.44
18.510	5924.41
18.520	5930.39
18.530	5936.38
18.540	5942.36
18.550	5948.35
18.560	5954.35
18.570	5960.34
18.580	5966.34
18.590	5972.34
18.600	5978.35
18.610	5984.35
18.620	5990.36
18.630	5996.38
18.640	6002.39
18.650	6008.41
18.660	6014.43
18.670	6020.46
18.680	6026.49
18.690	6032.52
18.700	6038.55
18.710	6044.59
18.720	6050.63
18.730	6056.67
18.740	6062.72
18.750	6068.77
18.760	6074.82
18.770	6080.88
18.780	6086.94
18.790	6093.00
18.800	6099.06
18.810	6105.13
18.820	6111.20
18.830	6117.27
18.840	6123.35
18.850	6129.43
18.860	6135.51
18.870	6141.60
18.880	6147.68
18.890	6153.78
18.900	6159.87
18.910	6165.97
18.920	6172.07
18.930	6178.17
18.940	6184.28
18.950	6190.39
18.960	6196.50
18.970	6202.62
18.980	6208.73
18.990	6214.86
19.000	6220.98
19.010	6227.11
19.020	6233.24
19.030	6239.37
19.040	6245.51
19.050	6251.65
19.060	6257.79
19.070	6263.94
19.080	6270.09
19.090	6276.24
19.100	6282.39
19.110	6288.55
19.120	6294.71
19.130	6300.88
19.140	6307.04
19.150	6313.21
19.160	6319.39
19.170	6325.56
19.180	6331.74
19.190	6337.92
19.200	6344.11
19.210	6350.30
19.220	6356.49
19.230	6362.68
19.240	6368.88
19.250	6375.08
19.260	6381.28
19.270	6387.49
19.280	6393.70
19.290	6399.91
19.300	6406.13
19.310	6412.35
19.320	6418.57
19.330	6424.80
19.340	6431.02
19.350	6437.25
19.360	6443.49
19.370	6449.73
19.380	6455.97
19.390	6462.21
19.400	6468.46
19.410	6474.70
19.420	6480.96
19.430	6487.21
19.440	6493.47
19.450	6499.73
19.460	6506.00
19.470	6512.27
19.480	6518.54
19.490	6524.81
19.500	6531.09
19.510	6537.37
19.520	6543.65
19.530	6549.94
19.540	6556.23
19.550	6562.52
19.560	6568.81
19.570	6575.11
19.580	6581.41
19.590	6587.72
19.600	6594.03
19.610	6600.34
19.620	6606.65
19.630	6612.97
19.640	6619.29
19.650	6625.61
19.660	6631.94
19.670	6638.27
19.680	6644.60
19.690	6650.93
19.700	6657.27
19.710	6663.61
19.720	6669.96
19.730	6676.31
19.740	6682.66
19.750	6689.01
19.760	6695.37
19.770	6701.73
19.780	6708.09
19.790	6714.46
19.800	6720.83
19.810	6727.20
19.820	6733.58
19.830	6739.95
19.840	6746.34
19.850	6752.72
19.860	6759.11
19.870	6765.50
19.880	6771.90
19.890	6778.29
19.900	6784.69
19.910	6791.10
19.920	6797.50
19.930	6803.91
19.940	6810.33
19.950	6816.74
19.960	6823.16
19.970	6829.58
19.980	6836.01
19.990	6842.44
20.000	6848.87
20.010	6855.30
20.020	6861.74
20.030	6868.18
20.040	6874.63
20.050	6881.07
20.060	6887.52
20.070	6893.98
20.080	6900.43
20.090	6906.89
20.100	6913.36
20.110	6919.82
20.120	6926.29
20.130	6932.76
20.140	6939.24
20.150	6945.72
20.160	6952.20
20.170	6958.69
20.180	6965.17
20.190	6971.66
20.200	6978.16
20.210	6984.66
20.220	6991.16
20.230	6997.66
20.240	7004.17
20.250	7010.68
20.260	7017.19
20.270	7023.71
20.280	7030.23
20.290	7036.75
20.300	7043.27
20.310	7049.80
20.320	7056.33
20.330	7062.87
20.340	7069.41
20.350	7075.95
20.360	7082.49
20.370	7089.04
20.380	7095.59
20.390	7102.15
20.400	7108.70
20.410	7115.26
20.420	7121.83
20.430	7128.39
20.440	7134.96
20.450	7141.54
20.460	7148.11
20.470	7154.69
20.480	7161.28
20.490	7167.86
20.500	7174.45
20.510	7181.04
20.520	7187.64
20.530	7194.24
20.540	7200.84
20.550	7207.44
20.560	7214.05
20.570	7220.66
20.580	7227.28
20.590	7233.89
20.600	7240.51
20.610	7247.14
20.620	7253.77
20.630	7260.40
20.640	7267.03
20.650	7273.67
20.660	7280.31
20.670	7286.95
20.680	7293.60
20.690	7300.25
20.700	7306.90
20.710	7313.55
20.720	7320.21
20.730	7326.88
20.740	7333.54
20.750	7340.21
20.760	7346.88
20.770	7353.56
20.780	7360.23
20.790	7366.92
20.800	7373.60
20.810	7380.29
20.820	7386.98
20.830	7393.67
20.840	7400.37
20.850	7407.07
20.860	7413.78
20.870	7420.48
20.880	7427.19
20.890	7433.91
20.900	7440.62
20.910	7447.35
20.920	7454.07
20.930	7460.80
20.940	7467.52
20.950	7474.26
20.960	7480.99
20.970	7487.73
20.980	7494.48
20.990	7501.22
21.000	7507.97
21.010	7514.72
21.020	7521.48
21.030	7528.24
21.040	7535.00
21.050	7541.77
21.060	7548.53
21.070	7555.31
21.080	7562.08
21.090	7568.86
21.100	7575.64
21.110	7582.43
21.120	7589.22
21.130	7596.01
21.140	7602.80
21.150	7609.60
21.160	7616.40
21.170	7623.20
21.180	7630.01
21.190	7636.82
21.200	7643.64
21.210	7650.46
21.220	7657.28
21.230	7664.10
21.240	7670.93
21.250	7677.76
21.260	7684.59
21.270	7691.43
21.280	7698.27
21.290	7705.11
21.300	7711.96
21.310	7718.81
21.320	7725.66
21.330	7732.52
21.340	7739.38
21.350	7746.24
21.360	7753.11
21.370	7759.98
21.380	7766.85
21.390	7773.73
21.400	7780.61
21.410	7787.49
21.420	7794.38
21.430	7801.27
21.440	7808.16
21.450	7815.06
21.460	7821.96
21.470	7828.86
21.480	7835.77
21.490	7842.68
21.500	7849.59
21.510	7856.50
21.520	7863.42
21.530	7870.35
21.540	7877.27
21.550	7884.20
21.560	7891.13
21.570	7898.07
21.580	7905.01
21.590	7911.95
21.600	7918.90
21.610	7925.85
21.620	7932.80
21.630	7939.76
21.640	7946.72
21.650	7953.68
21.660	7960.64
21.670	7967.61
21.680	7974.59
21.690	7981.56
21.700	7988.54
21.710	7995.52
21.720	8002.51
21.730	8009.50
21.740	8016.49
21.750	8023.49
21.760	8030.49
21.770	8037.49
21.780	8044.49
21.790	8051.50
21.800	8058.52
21.810	8065.53
21.820	8072.55
21.830	8079.57
21.840	8086.60
21.850	8093.63
21.860	8100.66
21.870	8107.70
21.880	8114.74
21.890	8121.78
21.900	8128.83
21.910	8135.88
21.920	8142.93
21.930	8149.99
21.940	8157.05
21.950	8164.11
21.960	8171.18
21.970	8178.25
21.980	8185.32
21.990	8192.39
22.000	8199.47
22.010	8206.56
22.020	8213.64
22.030	8220.74
22.040	8227.83
22.050	8234.93
22.060	8242.03
22.070	8249.13
22.080	8256.24
22.090	8263.35
22.100	8270.46
22.110	8277.58
22.120	8284.70
22.130	8291.82
22.140	8298.95
22.150	8306.08
22.160	8313.22
22.170	8320.35
22.180	8327.49
22.190	8334.64
22.200	8341.79
22.210	8348.94
22.220	8356.09
22.230	8363.25
22.240	8370.41
22.250	8377.58
22.260	8384.75
22.270	8391.92
22.280	8399.09
22.290	8406.27
22.300	8413.45
22.310	8420.64
22.320	8427.83
22.330	8435.02
22.340	8442.22
22.350	8449.42
22.360	8456.62
22.370	8463.83
22.380	8471.04
22.390	8478.25
22.400	8485.46
22.410	8492.68
22.420	8499.91
22.430	8507.14
22.440	8514.37
22.450	8521.60
22.460	8528.84
22.470	8536.08
22.480	8543.32
22.490	8550.57
22.500	8557.82
22.510	8565.08
22.520	8572.33
22.530	8579.59
22.540	8586.86
22.550	8594.13
22.560	8601.40
22.570	8608.68
22.580	8615.95
22.590	8623.24
22.600	8630.52
22.610	8637.81
22.620	8645.11
22.630	8652.40
22.640	8659.70
22.650	8667.00
22.660	8674.31
22.670	8681.62
22.680	8688.94
22.690	8696.25
22.700	8703.57
22.710	8710.90
22.720	8718.23
22.730	8725.56
22.740	8732.89
22.750	8740.23
22.760	8747.57
22.770	8754.92
22.780	8762.27
22.790	8769.62
22.800	8776.97
22.810	8784.33
22.820	8791.70
22.830	8799.06
22.840	8806.43
22.850	8813.81
22.860	8821.18
22.870	8828.56
22.880	8835.95
22.890	8843.34
22.900	8850.73
22.910	8858.12
22.920	8865.52
22.930	8872.92
22.940	8880.33
22.950	8887.74
22.960	8895.15
22.970	8902.57
22.980	8909.98
22.990	8917.41
23.000	8924.83
23.010	8932.26
23.020	8939.70
23.030	8947.14
23.040	8954.58
23.050	8962.02
23.060	8969.47
23.070	8976.92
23.080	8984.38
23.090	8991.83
23.100	8999.30
23.110	9006.76
23.120	9014.23
23.130	9021.71
23.140	9029.18
23.150	9036.66
23.160	9044.15
23.170	9051.63
23.180	9059.12
23.190	9066.62
23.200	9074.12
23.210	9081.62
23.220	9089.12
23.230	9096.63
23.240	9104.15
23.250	9111.66
23.260	9119.18
23.270	9126.71
23.280	9134.23
23.290	9141.76
23.300	9149.30
23.310	9156.84
23.320	9164.38
23.330	9171.92
23.340	9179.47
23.350	9187.02
23.360	9194.58
23.370	9202.14
23.380	9209.70
23.390	9217.27
23.400	9224.84
23.410	9232.41
23.420	9239.99
23.430	9247.57
23.440	9255.16
23.450	9262.75
23.460	9270.34
23.470	9277.93
23.480	9285.53
23.490	9293.14
23.500	9300.74
23.510	9308.35
23.520	9315.97
23.530	9323.59
23.540	9331.21
23.550	9338.83
23.560	9346.46
23.570	9354.09
23.580	9361.73
23.590	9369.37
23.600	9377.01
23.610	9384.66
23.620	9392.31
23.630	9399.96
23.640	9407.62
23.650	9415.28
23.660	9422.95
23.670	9430.62
23.680	9438.29
23.690	9445.97
23.700	9453.65
23.710	9461.33
23.720	9469.02
23.730	9476.71
23.740	9484.40
23.750	9492.10
23.760	9499.80
23.770	9507.51
23.780	9515.22
23.790	9522.93
23.800	9530.65
23.810	9538.37
23.820	9546.09
23.830	9553.82
23.840	9561.55
23.850	9569.29
23.860	9577.03
23.870	9584.77
23.880	9592.51
23.890	9600.26
23.900	9608.02
23.910	9615.78
23.920	9623.54
23.930	9631.30
23.940	9639.07
23.950	9646.84
23.960	9654.62
23.970	9662.40
23.980	9670.18
23.990	9677.97
24.000	9685.76
24.010	9693.55
24.020	9701.35
24.030	9709.15
24.040	9716.96
24.050	9724.77
24.060	9732.58
24.070	9740.40
24.080	9748.22
24.090	9756.04
24.100	9763.87
24.110	9771.70
24.120	9779.54
24.130	9787.38
24.140	9795.22
24.150	9803.07
24.160	9810.92
24.170	9818.77
24.180	9826.63
24.190	9834.49
24.200	9842.36
24.210	9850.22
24.220	9858.10
24.230	9865.97
24.240	9873.85
24.250	9881.74
24.260	9889.63
24.270	9897.52
24.280	9905.41
24.290	9913.31
24.300	9921.22
24.310	9929.12
24.320	9937.03
24.330	9944.95
24.340	9952.86
24.350	9960.79
24.360	9968.71
24.370	9976.64
24.380	9984.57
24.390	9992.51
24.400	10000.45
24.410	10008.40
24.420	10016.34
24.430	10024.30
24.440	10032.25
24.450	10040.21
24.460	10048.18
24.470	10056.14
24.480	10064.11
24.490	10072.09
24.500	10080.07
24.510	10088.05
24.520	10096.03
24.530	10104.02
24.540	10112.02
24.550	10120.02
24.560	10128.02
24.570	10136.02
24.580	10144.03
24.590	10152.04
24.600	10160.06
24.610	10168.08
24.620	10176.10
24.630	10184.13
24.640	10192.16
24.650	10200.20
24.660	10208.24
24.670	10216.28
24.680	10224.33
24.690	10232.38
24.700	10240.44
24.710	10248.49
24.720	10256.56
24.730	10264.62
24.740	10272.69
24.750	10280.77
24.760	10288.84
24.770	10296.93
24.780	10305.01
24.790	10313.10
24.800	10321.19
24.810	10329.29
24.820	10337.39
24.830	10345.50
24.840	10353.61
24.850	10361.72
24.860	10369.83
24.870	10377.95
24.880	10386.08
24.890	10394.21
24.900	10402.34
24.910	10410.47
24.920	10418.61
24.930	10426.76
24.940	10434.90
24.950	10443.05
24.960	10451.21
24.970	10459.37
24.980	10467.53
24.990	10475.70
25.000	10483.87
25.010	10492.04
25.020	10500.22
25.030	10508.40
25.040	10516.59
25.050	10524.78
25.060	10532.97
25.070	10541.17
25.080	10549.37
25.090	10557.58
25.100	10565.78
25.110	10574.00
25.120	10582.22
25.130	10590.44
25.140	10598.66
25.150	10606.89
25.160	10615.12
25.170	10623.36
25.180	10631.60
25.190	10639.84
25.200	10648.09
25.210	10656.35
25.220	10664.60
25.230	10672.86
25.240	10681.13
25.250	10689.39
25.260	10697.67
25.270	10705.94
25.280	10714.22
25.290	10722.51
25.300	10730.79
25.310	10739.08
25.320	10747.38
25.330	10755.68
25.340	10763.98
25.350	10772.29
25.360	10780.60
25.370	10788.92
25.380	10797.24
25.390	10805.56
25.400	10813.89
25.410	10822.22
25.420	10830.55
25.430	10838.89
25.440	10847.24
25.450	10855.58
25.460	10863.93
25.470	10872.29
25.480	10880.65
25.490	10889.01
25.500	10897.38
25.510	10905.75
25.520	10914.12
25.530	10922.50
25.540	10930.88
25.550	10939.27
25.560	10947.66
25.570	10956.06
25.580	10964.46
25.590	10972.86
25.600	10981.26
25.610	10989.68
25.620	10998.09
25.630	11006.51
25.640	11014.93
25.650	11023.36
25.660	11031.79
25.670	11040.22
25.680	11048.66
25.690	11057.11
25.700	11065.55
25.710	11074.00
25.720	11082.46
25.730	11090.92
25.740	11099.38
25.750	11107.85
25.760	11116.32
25.770	11124.79
25.780	11133.27
25.790	11141.76
25.800	11150.24
25.810	11158.73
25.820	11167.23
25.830	11175.73
25.840	11184.23
25.850	11192.74
25.860	11201.25
25.870	11209.77
25.880	11218.29
25.890	11226.81
25.900	11235.34
25.910	11243.87
25.920	11252.41
25.930	11260.95
25.940	11269.49
25.950	11278.04
25.960	11286.59
25.970	11295.15
25.980	11303.71
25.990	11312.27
26.000	11320.84
26.010	11329.41
26.020	11337.99
26.030	11346.57
26.040	11355.16
26.050	11363.75
26.060	11372.34
26.070	11380.94
26.080	11389.54
26.090	11398.14
26.100	11406.75
26.110	11415.37
26.120	11423.98
26.130	11432.61
26.140	11441.23
26.150	11449.86
26.160	11458.50
26.170	11467.14
26.180	11475.78
26.190	11484.43
26.200	11493.08
26.210	11501.73
26.220	11510.39
26.230	11519.06
26.240	11527.72
26.250	11536.40
26.260	11545.07
26.270	11553.75
26.280	11562.44
26.290	11571.13
26.300	11579.82
26.310	11588.52
26.320	11597.22
26.330	11605.92
26.340	11614.63
26.350	11623.35
26.360	11632.06
26.370	11640.79
26.380	11649.51
26.390	11658.24
26.400	11666.98
26.410	11675.72
26.420	11684.46
26.430	11693.21
26.440	11701.96
26.450	11710.71
26.460	11719.47
26.470	11728.24
26.480	11737.01
26.490	11745.78
26.500	11754.56
26.510	11763.34
26.520	11772.12
26.530	11780.91
26.540	11789.71
26.550	11798.50
26.560	11807.31
26.570	11816.11
26.580	11824.92
26.590	11833.74
26.600	11842.56
26.610	11851.38
26.620	11860.21
26.630	11869.04
26.640	11877.88
26.650	11886.72
26.660	11895.56
26.670	11904.41
26.680	11913.27
26.690	11922.12
26.700	11930.99
26.710	11939.85
26.720	11948.72
26.730	11957.60
26.740	11966.48
26.750	11975.36
26.760	11984.25
26.770	11993.14
26.780	12002.04
26.790	12010.94
26.800	12019.84
26.810	12028.75
26.820	12037.66
26.830	12046.58
26.840	12055.50
26.850	12064.43
26.860	12073.36
26.870	12082.30
26.880	12091.24
26.890	12100.18
26.900	12109.13
26.910	12118.08
26.920	12127.04
26.930	12136.00
26.940	12144.96
26.950	12153.93
26.960	12162.91
26.970	12171.89
26.980	12180.87
26.990	12189.86
27.000	12198.85
27.010	12207.85
27.020	12216.85
27.030	12225.85
27.040	12234.86
27.050	12243.87
27.060	12252.89
27.070	12261.91
27.080	12270.94
27.090	12279.97
27.100	12289.01
27.110	12298.05
27.120	12307.09
27.130	12316.14
27.140	12325.19
27.150	12334.25
27.160	12343.31
27.170	12352.38
27.180	12361.45
27.190	12370.52
27.200	12379.60
27.210	12388.69
27.220	12397.78
27.230	12406.87
27.240	12415.97
27.250	12425.07
27.260	12434.17
27.270	12443.28
27.280	12452.40
27.290	12461.52
27.300	12470.64
27.310	12479.77
27.320	12488.90
27.330	12498.04
27.340	12507.18
27.350	12516.33
27.360	12525.48
27.370	12534.63
27.380	12543.79
27.390	12552.96
27.400	12562.12
27.410	12571.30
27.420	12580.47
27.430	12589.66
27.440	12598.84
27.450	12608.03
27.460	12617.23
27.470	12626.43
27.480	12635.63
27.490	12644.84
27.500	12654.06
27.510	12663.27
27.520	12672.50
27.530	12681.72
27.540	12690.95
27.550	12700.19
27.560	12709.43
27.570	12718.68
27.580	12727.92
27.590	12737.18
27.600	12746.44
27.610	12755.70
27.620	12764.97
27.630	12774.24
27.640	12783.52
27.650	12792.80
27.660	12802.08
27.670	12811.37
27.680	12820.67
27.690	12829.97
27.700	12839.27
27.710	12848.58
27.720	12857.89
27.730	12867.21
27.740	12876.53
27.750	12885.86
27.760	12895.19
27.770	12904.53
27.780	12913.87
27.790	12923.21
27.800	12932.56
27.810	12941.92
27.820	12951.28
27.830	12960.64
27.840	12970.01
27.850	12979.38
27.860	12988.76
27.870	12998.14
27.880	13007.53
27.890	13016.92
27.900	13026.31
27.910	13035.71
27.920	13045.12
27.930	13054.53
27.940	13063.94
27.950	13073.36
27.960	13082.78
27.970	13092.21
27.980	13101.65
27.990	13111.08
28.000	13120.53
28.010	13129.97
28.020	13139.42
28.030	13148.88
28.040	13158.34
28.050	13167.81
28.060	13177.28
28.070	13186.75
28.080	13196.23
28.090	13205.71
28.100	13215.20
28.110	13224.70
28.120	13234.19
28.130	13243.70
28.140	13253.20
28.150	13262.72
28.160	13272.23
28.170	13281.76
28.180	13291.28
28.190	13300.81
28.200	13310.35
28.210	13319.89
28.220	13329.43
28.230	13338.98
28.240	13348.54
28.250	13358.10
28.260	13367.66
28.270	13377.23
28.280	13386.80
28.290	13396.38
28.300	13405.96
28.310	13415.55
28.320	13425.14
28.330	13434.74
28.340	13444.34
28.350	13453.95
28.360	13463.56
28.370	13473.18
28.380	13482.80
28.390	13492.42
28.400	13502.05
28.410	13511.69
28.420	13521.33
28.430	13530.97
28.440	13540.62
28.450	13550.28
28.460	13559.94
28.470	13569.60
28.480	13579.27
28.490	13588.94
28.500	13598.62
28.510	13608.30
28.520	13617.99
28.530	13627.69
28.540	13637.38
28.550	13647.08
28.560	13656.79
28.570	13666.50
28.580	13676.22
28.590	13685.94
28.600	13695.67
28.610	13705.40
28.620	13715.14
28.630	13724.88
28.640	13734.62
28.650	13744.37
28.660	13754.13
28.670	13763.89
28.680	13773.65
28.690	13783.42
28.700	13793.20
28.710	13802.98
28.720	13812.76
28.730	13822.55
28.740	13832.34
28.750	13842.14
28.760	13851.95
28.770	13861.76
28.780	13871.57
28.790	13881.39
28.800	13891.21
28.810	13901.04
28.820	13910.87
28.830	13920.71
28.840	13930.55
28.850	13940.40
28.860	13950.25
28.870	13960.11
28.880	13969.97
28.890	13979.84
28.900	13989.71
28.910	13999.59
28.920	14009.47
28.930	14019.36
28.940	14029.25
28.950	14039.15
28.960	14049.05
28.970	14058.95
28.980	14068.87
28.990	14078.78
29.000	14088.70
29.010	14098.63
29.020	14108.56
29.030	14118.50
29.040	14128.44
29.050	14138.38
29.060	14148.34
29.070	14158.29
29.080	14168.25
29.090	14178.22
29.100	14188.19
29.110	14198.17
29.120	14208.15
29.130	14218.13
29.140	14228.12
29.150	14238.12
29.160	14248.12
29.170	14258.12
29.180	14268.14
29.190	14278.15
29.200	14288.17
29.210	14298.20
29.220	14308.23
29.230	14318.26
29.240	14328.30
29.250	14338.35
29.260	14348.40
29.270	14358.46
29.280	14368.52
29.290	14378.58
29.300	14388.65
29.310	14398.73
29.320	14408.81
29.330	14418.90
29.340	14428.99
29.350	14439.08
29.360	14449.18
29.370	14459.29
29.380	14469.40
29.390	14479.52
29.400	14489.64
29.410	14499.76
29.420	14509.90
29.430	14520.03
29.440	14530.17
29.450	14540.32
29.460	14550.47
29.470	14560.63
29.480	14570.79
29.490	14580.96
29.500	14591.13
29.510	14601.30
29.520	14611.49
29.530	14621.67
29.540	14631.87
29.550	14642.06
29.560	14652.27
29.570	14662.47
29.580	14672.69
29.590	14682.90
29.600	14693.13
29.610	14703.35
29.620	14713.59
29.630	14723.82
29.640	14734.07
29.650	14744.32
29.660	14754.57
29.670	14764.83
29.680	14775.09
29.690	14785.36
29.700	14795.64
29.710	14805.91
29.720	14816.20
29.730	14826.49
29.740	14836.78
29.750	14847.08
29.760	14857.39
29.770	14867.70
29.780	14878.01
29.790	14888.33
29.800	14898.66
29.810	14908.99
29.820	14919.33
29.830	14929.67
29.840	14940.01
29.850	14950.37
29.860	14960.72
29.870	14971.08
29.880	14981.45
29.890	14991.82
29.900	15002.20
29.910	15012.58
29.920	15022.97
29.930	15033.37
29.940	15043.76
29.950	15054.17
29.960	15064.58
29.970	15074.99
29.980	15085.41
29.990	15095.84
30.000	15106.26
