x(m)	y(m)
0.00	0.00
0.01	0.10
0.02	0.21
0.03	0.31
0.04	0.43
0.05	0.54
0.06	0.66
0.07	0.78
0.08	0.91
0.09	1.04
0.11	1.17
0.12	1.31
0.13	1.44
0.15	1.59
0.16	1.73
0.18	1.88
0.19	2.04
0.21	2.19
0.22	2.35
0.24	2.52
0.26	2.69
0.27	2.86
0.29	3.03
0.31	3.21
0.33	3.39
0.35	3.57
0.37	3.76
0.39	3.95
0.41	4.15
0.43	4.35
0.45	4.55
0.47	4.75
0.50	4.96
0.52	5.18
0.54	5.39
0.57	5.61
0.59	5.83
0.62	6.06
0.64	6.29
0.67	6.52
0.69	6.76
0.72	7.00
0.75	7.24
0.78	7.49
0.80	7.74
0.83	8.00
0.86	8.25
0.89	8.51
0.92	8.78
0.95	9.05
0.99	9.32
1.02	9.59
1.05	9.87
1.08	10.15
1.12	10.44
1.15	10.73
1.19	11.02
1.22	11.32
1.26	11.62
1.29	11.92
1.33	12.23
1.37	12.54
1.41	12.85
1.44	13.17
1.48	13.49
1.52	13.81
1.56	14.14
1.60	14.47
1.64	14.80
1.69	15.14
1.73	15.48
1.77	15.83
1.81	16.18
1.86	16.53
1.90	16.88
1.95	17.24
1.99	17.60
2.04	17.97
2.09	18.34
2.13	18.71
2.18	19.09
2.23	19.47
2.28	19.85
2.33	20.24
2.38	20.63
2.43	21.02
2.48	21.42
2.53	21.82
2.59	22.23
2.64	22.63
2.69	23.04
2.75	23.46
2.80	23.88
2.86	24.30
2.91	24.72
2.97	25.15
3.03	25.59
3.08	26.02
3.14	26.46
3.20	26.90
3.26	27.35
3.32	27.80
3.38	28.25
3.44	28.71
3.51	29.17
3.57	29.63
3.63	30.10
3.70	30.57
3.76	31.05
3.83	31.53
3.89	32.01
3.96	32.49
4.02	32.98
4.09	33.47
4.16	33.97
4.23	34.47
4.30	34.97
4.37	35.48
4.44	35.98
4.51	36.50
4.58	37.01
4.65	37.53
4.73	38.06
4.80	38.59
4.88	39.12
4.95	39.65
5.03	40.19
5.10	40.73
5.18	41.27
5.26	41.82
5.33	42.37
5.41	42.93
5.49	43.49
5.57	44.05
5.65	44.62
5.74	45.19
5.82	45.76
5.90	46.33
5.98	46.91
6.07	47.50
6.15	48.08
6.24	48.68
6.32	49.27
6.41	49.87
6.50	50.47
6.58	51.07
6.67	51.68
6.76	52.29
6.85	52.91
6.94	53.53
7.03	54.15
7.13	54.77
7.22	55.40
7.31	56.04
7.40	56.67
7.50	57.31
7.59	57.96
7.69	58.60
7.79	59.25
7.88	59.91
7.98	60.57
8.08	61.23
8.18	61.89
8.28	62.56
8.38	63.23
8.48	63.91
8.58	64.58
8.68	65.27
8.79	65.95
8.89	66.64
9.00	67.34
9.10	68.03
9.21	68.73
9.31	69.43
9.42	70.14
9.53	70.85
9.64	71.57
9.75	72.28
9.86	73.01
9.97	73.73
10.08	74.46
10.19	75.19
10.30	75.93
10.42	76.66
10.53	77.41
10.65	78.15
10.76	78.90
10.88	79.66
11.00	80.41
11.11	81.17
11.23	81.94
11.35	82.70
11.47	83.47
11.59	84.25
11.71	85.03
11.84	85.81
11.96	86.59
12.08	87.38
12.21	88.17
12.33	88.97
12.46	89.77
12.58	90.57
12.71	91.38
12.84	92.19
12.96	93.00
13.09	93.82
13.22	94.64
13.35	95.46
13.48	96.29
13.62	97.12
13.75	97.96
13.88	98.79
14.02	99.64
14.15	100.48
14.29	101.33
14.42	102.18
14.56	103.04
14.70	103.90
14.84	104.76
14.98	105.63
15.12	106.50
15.26	107.37
15.40	108.25
15.54	109.13
15.68	110.02
15.83	110.90
15.97	111.80
16.11	112.69
16.26	113.59
16.41	114.49
16.55	115.40
16.70	116.31
16.85	117.22
17.00	118.14
17.15	119.06
17.30	119.98
17.45	120.91
17.61	121.84
17.76	122.77
17.91	123.71
18.07	124.65
18.22	125.60
18.38	126.55
18.54	127.50
18.69	128.45
18.85	129.41
19.01	130.38
19.17	131.34
19.33	132.31
19.49	133.29
19.66	134.26
19.82	135.24
19.98	136.23
20.15	137.22
20.31	138.21
20.48	139.20
20.64	140.20
20.81	141.20
20.98	142.21
21.15	143.22
21.32	144.23
21.49	145.25
21.66	146.27
21.83	147.29
22.00	148.32
22.18	149.35
22.35	150.39
22.53	151.42
22.70	152.46
22.88	153.51
23.06	154.56
23.24	155.61
23.41	156.67
23.59	157.73
23.78	158.79
23.96	159.86
24.14	160.93
24.32	162.00
24.50	163.08
24.69	164.16
24.87	165.24
25.06	166.33
25.25	167.42
25.43	168.52
25.62	169.62
25.81	170.72
26.00	171.82
26.19	172.93
26.38	174.05
26.58	175.16
26.77	176.28
26.96	177.41
27.16	178.54
27.35	179.67
27.55	180.80
27.75	181.94
27.94	183.08
28.14	184.23
28.34	185.38
28.54	186.53
28.74	187.68
28.94	188.84
29.15	190.01
29.35	191.17
29.55	192.34
29.76	193.52
29.96	194.70
30.17	195.88
30.38	197.06
30.59	198.25
30.80	199.44
31.00	200.64
31.22	201.84
31.43	203.04
31.64	204.25
31.85	205.46
32.07	206.67
32.28	207.89
32.50	209.11
32.71	210.33
32.93	211.56
33.15	212.79
33.36	214.03
33.58	215.27
33.80	216.51
34.02	217.76
34.25	219.01
34.47	220.26
34.69	221.52
34.92	222.78
35.14	224.04
35.37	225.31
35.59	226.58
35.82	227.85
36.05	229.13
36.28	230.41
36.51	231.70
36.74	232.99
36.97	234.28
37.20	235.58
37.44	236.88
37.67	238.18
37.91	239.49
38.14	240.80
38.38	242.11
38.62	243.43
38.85	244.75
39.09	246.08
39.33	247.41
39.57	248.74
39.82	250.08
40.06	251.42
40.30	252.76
40.54	254.11
40.79	255.46
41.03	256.81
41.28	258.17
41.53	259.53
41.78	260.89
42.03	262.26
42.28	263.64
42.53	265.01
42.78	266.39
43.03	267.77
43.28	269.16
43.54	270.55
43.79	271.94
44.05	273.34
44.30	274.74
44.56	276.15
44.82	277.56
45.08	278.97
45.34	280.38
45.60	281.80
45.86	283.22
46.12	284.65
46.39	286.08
46.65	287.51
46.92	288.95
47.18	290.39
47.45	291.84
47.72	293.28
47.98	294.74
48.25	296.19
48.52	297.65
48.79	299.11
49.07	300.58
49.34	302.05
49.61	303.52
49.89	305.00
50.16	306.48
50.44	307.96
50.71	309.45
50.99	310.94
51.27	312.44
51.55	313.94
51.83	315.44
52.11	316.94
52.39	318.45
52.68	319.97
52.96	321.48
53.24	323.00
53.53	324.53
53.82	326.06
54.10	327.59
54.39	329.12
54.68	330.66
54.97	332.20
55.26	333.75
55.55	335.30
55.85	336.85
56.14	338.41
56.43	339.97
56.73	341.53
57.02	343.10
57.32	344.67
57.62	346.24
57.92	347.82
58.22	349.40
58.52	350.99
58.82	352.58
59.12	354.17
59.42	355.77
59.73	357.37
60.03	358.97
60.34	360.58
60.64	362.19
60.95	363.81
61.26	365.42
61.57	367.05
61.88	368.67
62.19	370.30
62.50	371.93
62.81	373.57
63.12	375.21
63.44	376.85
63.75	378.50
64.07	380.15
64.39	381.81
64.70	383.47
65.02	385.13
65.34	386.79
65.66	388.46
65.98	390.13
66.31	391.81
66.63	393.49
66.95	395.17
67.28	396.86
67.60	398.55
67.93	400.25
68.26	401.95
68.59	403.65
68.92	405.35
69.25	407.06
69.58	408.77
69.91	410.49
70.24	412.21
70.58	413.93
70.91	415.66
71.25	417.39
71.58	419.13
71.92	420.87
72.26	422.61
72.60	424.35
72.94	426.10
73.28	427.85
73.62	429.61
73.96	431.37
74.31	433.13
74.65	434.90
75.00	436.67
75.34	438.45
75.69	440.23
76.04	442.01
76.39	443.79
76.74	445.58
77.09	447.38
77.44	449.17
77.79	450.97
78.15	452.78
78.50	454.58
78.86	456.39
79.21	458.21
79.57	460.03
79.93	461.85
80.29	463.68
80.65	465.50
81.01	467.34
81.37	469.17
81.73	471.01
82.10	472.86
82.46	474.71
82.83	476.56
83.19	478.41
83.56	480.27
83.93	482.13
84.30	484.00
84.67	485.87
85.04	487.74
85.41	489.62
85.78	491.50
86.16	493.38
86.53	495.27
86.91	497.16
87.28	499.05
87.66	500.95
88.04	502.85
88.42	504.76
88.80	506.67
89.18	508.58
89.56	510.50
89.94	512.42
90.33	514.34
90.71	516.27
91.10	518.20
91.48	520.14
91.87	522.08
92.26	524.02
92.65	525.96
93.04	527.91
93.43	529.87
93.82	531.82
94.22	533.78
94.61	535.75
95.00	537.72
95.40	539.69
95.80	541.66
96.19	543.64
96.59	545.62
96.99	547.61
97.39	549.60
97.79	551.59
98.20	553.59
98.60	555.59
99.00	557.59
99.41	559.60
99.81	561.61
100.22	563.62
100.63	565.64
101.04	567.66
101.45	569.69
101.86	571.72
102.27	573.75
102.68	575.79
103.10	577.83
103.51	579.87
103.93	581.92
104.34	583.97
104.76	586.03
105.18	588.09
105.60	590.15
106.02	592.21
106.44	594.28
106.86	596.35
107.28	598.43
107.71	600.51
108.13	602.59
108.56	604.68
108.98	606.77
109.41	608.87
109.84	610.97
110.27	613.07
110.70	615.17
111.13	617.28
111.56	619.39
111.99	621.51
112.43	623.63
112.86	625.75
113.30	627.88
113.74	630.01
114.17	632.15
114.61	634.28
115.05	636.43
115.49	638.57
115.94	640.72
116.38	642.87
116.82	645.03
117.27	647.19
117.71	649.35
118.16	651.52
118.60	653.69
119.05	655.86
119.50	658.04
119.95	660.22
120.40	662.41
120.86	664.59
121.31	666.79
121.76	668.98
122.22	671.18
122.67	673.38
123.13	675.59
123.59	677.80
124.05	680.01
124.51	682.23
124.97	684.45
125.43	686.68
125.89	688.90
126.35	691.14
126.82	693.37
127.28	695.61
127.75	697.85
128.22	700.10
128.68	702.35
129.15	704.60
129.62	706.86
130.09	709.12
130.57	711.38
131.04	713.65
131.51	715.92
131.99	718.20
132.46	720.47
132.94	722.76
133.42	725.04
133.90	727.33
134.38	729.62
134.86	731.92
135.34	734.22
135.82	736.52
136.30	738.83
136.79	741.14
137.27	743.45
137.76	745.77
138.25	748.09
138.74	750.42
139.22	752.75
139.71	755.08
140.21	757.41
140.70	759.75
141.19	762.10
141.68	764.44
142.18	766.79
142.68	769.15
143.17	771.50
143.67	773.86
144.17	776.23
144.67	778.60
145.17	780.97
145.67	783.34
146.17	785.72
146.68	788.10
147.18	790.49
147.69	792.88
148.19	795.27
148.70	797.67
149.21	800.07
149.72	802.47
150.23	804.88
150.74	807.29
151.25	809.70
151.76	812.12
152.28	814.54
152.79	816.96
153.31	819.39
153.83	821.82
154.34	824.26
154.86	826.70
155.38	829.14
155.90	831.59
156.43	834.03
156.95	836.49
157.47	838.94
158.00	841.40
158.52	843.87
159.05	846.34
159.58	848.81
160.11	851.28
160.63	853.76
161.17	856.24
161.70	858.72
162.23	861.21
162.76	863.70
163.30	866.20
163.83	868.70
164.37	871.20
164.91	873.71
165.44	876.22
165.98	878.73
166.52	881.25
167.06	883.77
167.61	886.29
168.15	888.82
168.69	891.35
169.24	893.88
169.78	896.42
170.33	898.96
170.88	901.51
171.43	904.05
171.98	906.61
172.53	909.16
173.08	911.72
173.63	914.28
174.19	916.85
174.74	919.42
175.30	921.99
175.85	924.57
176.41	927.15
176.97	929.73
177.53	932.32
178.09	934.91
178.65	937.50
179.21	940.10
179.78	942.70
180.34	945.30
180.91	947.91
181.47	950.52
182.04	953.14
182.61	955.76
183.18	958.38
183.75	961.00
184.32	963.63
184.89	966.26
185.46	968.90
186.04	971.54
186.61	974.18
187.19	976.83
187.77	979.48
188.34	982.13
188.92	984.79
189.50	987.45
190.08	990.11
190.66	992.78
191.25	995.45
191.83	998.12
192.42	1000.80
193.00	1003.48
193.59	1006.16
194.18	1008.85
194.76	1011.54
195.35	1014.24
195.94	1016.94
196.54	1019.64
197.13	1022.34
197.72	1025.05
198.32	1027.76
198.91	1030.48
199.51	1033.20
200.11	1035.92
200.70	1038.64
201.30	1041.37
201.90	1044.11
202.50	1046.84
203.11	1049.58
203.71	1052.32
204.31	1055.07
204.92	1057.82
205.52	1060.57
206.13	1063.33
206.74	1066.09
207.35	1068.85
207.96	1071.62
208.57	1074.39
209.18	1077.16
209.79	1079.94
210.41	1082.72
211.02	1085.50
211.64	1088.29
212.25	1091.08
212.87	1093.88
213.49	1096.67
214.11	1099.47
214.73	1102.28
215.35	1105.09
215.98	1107.90
216.60	1110.71
217.22	1113.53
217.85	1116.35
218.47	1119.17
219.10	1122.00
219.73	1124.83
220.36	1127.67
220.99	1130.51
221.62	1133.35
222.25	1136.19
222.89	1139.04
223.52	1141.89
224.16	1144.75
224.79	1147.60
225.43	1150.47
226.07	1153.33
226.71	1156.20
227.35	1159.07
227.99	1161.95
228.63	1164.82
229.27	1167.71
229.91	1170.59
230.56	1173.48
231.20	1176.37
231.85	1179.26
232.50	1182.16
233.15	1185.06
233.80	1187.97
234.45	1190.88
235.10	1193.79
235.75	1196.70
236.40	1199.62
237.06	1202.54
237.71	1205.47
238.37	1208.40
239.03	1211.33
239.69	1214.26
240.34	1217.20
241.00	1220.14
241.67	1223.09
242.33	1226.03
242.99	1228.99
243.65	1231.94
244.32	1234.90
244.99	1237.86
245.65	1240.82
246.32	1243.79
246.99	1246.76
247.66	1249.74
248.33	1252.71
249.00	1255.70
249.67	1258.68
250.35	1261.67
251.02	1264.66
251.70	1267.65
252.37	1270.65
253.05	1273.65
253.73	1276.65
254.41	1279.66
255.09	1282.67
255.77	1285.68
256.45	1288.70
257.13	1291.72
257.82	1294.74
258.50	1297.77
259.19	1300.80
259.88	1303.83
260.56	1306.87
261.25	1309.91
261.94	1312.95
262.63	1315.99
263.33	1319.04
264.02	1322.10
264.71	1325.15
265.41	1328.21
266.10	1331.27
266.80	1334.34
267.50	1337.41
268.19	1340.48
268.89	1343.55
269.59	1346.63
270.29	1349.71
271.00	1352.80
271.70	1355.88
272.40	1358.97
273.11	1362.07
273.81	1365.16
274.52	1368.26
275.23	1371.37
275.94	1374.48
276.65	1377.58
277.36	1380.70
278.07	1383.81
278.78	1386.93
279.50	1390.06
280.21	1393.18
280.93	1396.31
281.64	1399.44
282.36	1402.58
283.08	1405.72
283.80	1408.86
284.52	1412.00
285.24	1415.15
285.96	1418.30
286.68	1421.46
287.41	1424.61
288.13	1427.77
288.86	1430.94
289.59	1434.10
290.31	1437.27
291.04	1440.45
291.77	1443.62
292.50	1446.80
293.23	1449.98
293.97	1453.17
294.70	1456.36
295.43	1459.55
296.17	1462.74
296.91	1465.94
297.64	1469.14
298.38	1472.35
299.12	1475.55
299.86	1478.76
300.60	1481.98
301.34	1485.19
302.09	1488.41
302.83	1491.64
303.57	1494.86
304.32	1498.09
305.07	1501.32
305.81	1504.56
306.56	1507.80
307.31	1511.04
308.06	1514.28
308.81	1517.53
309.56	1520.78
310.32	1524.03
311.07	1527.29
311.83	1530.55
312.58	1533.81
313.34	1537.08
314.10	1540.35
314.86	1543.62
315.62	1546.89
316.38	1550.17
317.14	1553.45
317.90	1556.73
318.66	1560.02
319.43	1563.31
320.19	1566.61
320.96	1569.90
321.73	1573.20
322.50	1576.50
323.26	1579.81
324.03	1583.12
324.80	1586.43
325.58	1589.74
326.35	1593.06
327.12	1596.38
327.90	1599.70
328.67	1603.03
329.45	1606.36
330.23	1609.69
331.01	1613.03
331.78	1616.37
332.57	1619.71
333.35	1623.05
334.13	1626.40
334.91	1629.75
335.70	1633.10
336.48	1636.46
337.27	1639.82
338.05	1643.18
338.84	1646.55
339.63	1649.92
340.42	1653.29
341.21	1656.66
342.00	1660.04
342.79	1663.42
343.59	1666.80
344.38	1670.19
345.18	1673.58
345.97	1676.97
346.77	1680.37
347.57	1683.77
348.37	1687.17
349.17	1690.57
349.97	1693.98
350.77	1697.39
351.57	1700.81
352.37	1704.22
353.18	1707.64
353.98	1711.07
354.79	1714.49
355.60	1717.92
356.41	1721.35
357.21	1724.79
358.02	1728.22
358.84	1731.66
359.65	1735.11
360.46	1738.55
361.27	1742.00
362.09	1745.45
362.90	1748.91
363.72	1752.37
364.54	1755.83
365.36	1759.29
366.18	1762.76
367.00	1766.23
367.82	1769.70
368.64	1773.18
369.46	1776.66
370.29	1780.14
371.11	1783.63
371.94	1787.11
372.77	1790.60
373.59	1794.10
374.42	1797.59
375.25	1801.09
376.08	1804.60
376.91	1808.10
377.75	1811.61
378.58	1815.12
379.41	1818.64
380.25	1822.15
381.08	1825.67
381.92	1829.20
382.76	1832.72
383.60	1836.25
384.44	1839.78
385.28	1843.32
386.12	1846.86
386.96	1850.40
387.81	1853.94
388.65	1857.49
389.50	1861.04
390.34	1864.59
391.19	1868.14
392.04	1871.70
392.89	1875.26
393.74	1878.83
394.59	1882.40
395.44	1885.97
396.29	1889.54
397.15	1893.11
398.00	1896.69
398.86	1900.27
399.72	1903.86
400.57	1907.45
401.43	1911.04
402.29	1914.63
403.15	1918.23
404.01	1921.83
404.87	1925.43
405.74	1929.03
406.60	1932.64
407.47	1936.25
408.33	1939.86
409.20	1943.48
410.07	1947.10
410.94	1950.72
411.81	1954.35
412.68	1957.98
413.55	1961.61
414.42	1965.24
415.29	1968.88
416.17	1972.52
417.04	1976.16
417.92	1979.81
418.80	1983.46
419.67	1987.11
420.55	1990.76
421.43	1994.42
422.31	1998.08
423.20	2001.74
424.08	2005.41
424.96	2009.08
425.85	2012.75
426.73	2016.42
427.62	2020.10
428.51	2023.78
429.39	2027.46
430.28	2031.15
431.17	2034.84
432.07	2038.53
432.96	2042.23
433.85	2045.93
434.74	2049.63
435.64	2053.33
436.54	2057.04
437.43	2060.75
438.33	2064.46
439.23	2068.17
440.13	2071.89
441.03	2075.61
441.93	2079.34
442.83	2083.06
443.74	2086.79
444.64	2090.53
445.55	2094.26
446.45	2098.00
447.36	2101.74
448.27	2105.49
449.18	2109.23
450.09	2112.98
451.00	2116.74
451.91	2120.49
452.82	2124.25
453.73	2128.01
454.65	2131.78
455.56	2135.54
456.48	2139.31
457.40	2143.09
458.32	2146.86
459.24	2150.64
460.16	2154.42
461.08	2158.21
462.00	2162.00
462.92	2165.79
463.85	2169.58
464.77	2173.38
465.70	2177.18
466.62	2180.98
467.55	2184.78
468.48	2188.59
469.41	2192.40
470.34	2196.22
471.27	2200.03
472.21	2203.85
473.14	2207.67
474.07	2211.50
475.01	2215.33
475.95	2219.16
476.88	2222.99
477.82	2226.83
478.76	2230.67
479.70	2234.51
480.64	2238.36
481.58	2242.21
482.53	2246.06
483.47	2249.91
484.41	2253.77
485.36	2257.63
486.31	2261.49
487.25	2265.36
488.20	2269.22
489.15	2273.10
490.10	2276.97
491.05	2280.85
492.01	2284.73
492.96	2288.61
493.92	2292.50
494.87	2296.38
495.83	2300.28
496.78	2304.17
497.74	2308.07
498.70	2311.97
499.66	2315.87
500.62	2319.78
501.58	2323.69
502.55	2327.60
503.51	2331.51
504.47	2335.43
505.44	2339.35
506.41	2343.27
507.37	2347.20
508.34	2351.13
509.31	2355.06
510.28	2358.99
511.25	2362.93
512.23	2366.87
513.20	2370.82
514.17	2374.76
515.15	2378.71
516.13	2382.66
517.10	2386.62
518.08	2390.58
519.06	2394.54
520.04	2398.50
521.02	2402.47
522.00	2406.44
522.99	2410.41
523.97	2414.38
524.95	2418.36
525.94	2422.34
526.93	2426.32
527.91	2430.31
528.90	2434.30
529.89	2438.29
530.88	2442.29
531.87	2446.28
532.87	2450.29
533.86	2454.29
534.85	2458.30
535.85	2462.30
536.84	2466.32
537.84	2470.33
538.84	2474.35
539.84	2478.37
540.84	2482.39
541.84	2486.42
542.84	2490.45
543.84	2494.48
544.85	2498.52
545.85	2502.56
546.86	2506.60
547.87	2510.64
548.87	2514.69
549.88	2518.74
550.89	2522.79
551.90	2526.84
552.91	2530.90
553.93	2534.96
554.94	2539.03
555.95	2543.09
556.97	2547.16
557.98	2551.23
559.00	2555.31
560.02	2559.39
561.04	2563.47
562.06	2567.55
563.08	2571.64
564.10	2575.73
565.13	2579.82
566.15	2583.92
567.17	2588.01
568.20	2592.11
569.23	2596.22
570.25	2600.32
571.28	2604.43
572.31	2608.55
573.34	2612.66
574.38	2616.78
575.41	2620.90
576.44	2625.02
577.48	2629.15
578.51	2633.28
579.55	2637.41
580.58	2641.55
581.62	2645.69
582.66	2649.83
583.70	2653.97
584.74	2658.12
585.79	2662.27
586.83	2666.42
587.87	2670.57
588.92	2674.73
589.96	2678.89
591.01	2683.06
592.06	2687.22
593.11	2691.39
594.16	2695.56
595.21	2699.74
596.26	2703.92
597.31	2708.10
598.37	2712.28
599.42	2716.47
600.48	2720.66
601.53	2724.85
602.59	2729.04
603.65	2733.24
604.71	2737.44
605.77	2741.65
606.83	2745.85
607.89	2750.06
608.96	2754.27
610.02	2758.49
611.09	2762.71
612.15	2766.93
613.22	2771.15
614.29	2775.38
615.36	2779.60
616.43	2783.84
617.50	2788.07
618.57	2792.31
619.64	2796.55
620.72	2800.79
621.79	2805.04
622.87	2809.29
623.95	2813.54
625.02	2817.79
626.10	2822.05
627.18	2826.31
628.26	2830.57
629.34	2834.84
630.43	2839.11
631.51	2843.38
632.60	2847.65
633.68	2851.93
634.77	2856.21
635.85	2860.49
636.94	2864.78
638.03	2869.07
639.12	2873.36
640.21	2877.65
641.31	2881.95
642.40	2886.25
643.49	2890.55
644.59	2894.86
645.69	2899.17
646.78	2903.48
647.88	2907.79
648.98	2912.11
650.08	2916.43
651.18	2920.75
652.28	2925.08
653.39	2929.40
654.49	2933.74
655.60	2938.07
656.70	2942.41
657.81	2946.74
658.92	2951.09
660.02	2955.43
661.13	2959.78
662.24	2964.13
663.36	2968.48
664.47	2972.84
665.58	2977.20
666.70	2981.56
667.81	2985.92
668.93	2990.29
670.05	2994.66
671.17	2999.03
672.29	3003.41
673.41	3007.79
674.53	3012.17
675.65	3016.55
676.77	3020.94
677.90	3025.33
679.02	3029.72
680.15	3034.12
681.28	3038.52
682.40	3042.92
683.53	3047.32
684.66	3051.73
685.79	3056.14
686.93	3060.55
688.06	3064.97
689.19	3069.38
690.33	3073.81
691.46	3078.23
692.60	3082.66
693.74	3087.08
694.88	3091.52
696.02	3095.95
697.16	3100.39
698.30	3104.83
699.44	3109.27
700.59	3113.72
701.73	3118.17
702.88	3122.62
704.02	3127.07
705.17	3131.53
706.32	3135.99
707.47	3140.45
708.62	3144.92
709.77	3149.38
710.92	3153.86
712.08	3158.33
713.23	3162.81
714.39	3167.29
715.54	3171.77
716.70	3176.25
717.86	3180.74
719.02	3185.23
720.18	3189.72
721.34	3194.22
722.50	3198.72
723.66	3203.22
724.83	3207.73
725.99	3212.23
727.16	3216.74
728.33	3221.26
729.49	3225.77
730.66	3230.29
731.83	3234.81
733.00	3239.34
734.18	3243.86
735.35	3248.39
736.52	3252.93
737.70	3257.46
738.87	3262.00
740.05	3266.54
741.23	3271.08
742.41	3275.63
743.59	3280.18
744.77	3284.73
745.95	3289.29
747.13	3293.84
748.32	3298.40
749.50	3302.97
750.69	3307.53
751.87	3312.10
753.06	3316.67
754.25	3321.25
755.44	3325.82
756.63	3330.40
757.82	3334.99
759.01	3339.57
760.21	3344.16
761.40	3348.75
762.60	3353.35
763.79	3357.94
764.99	3362.54
766.19	3367.14
767.39	3371.75
768.59	3376.36
769.79	3380.97
770.99	3385.58
772.19	3390.20
773.40	3394.82
774.60	3399.44
775.81	3404.06
777.02	3408.69
778.23	3413.32
779.43	3417.95
780.64	3422.59
781.86	3427.23
783.07	3431.87
784.28	3436.51
785.50	3441.16
786.71	3445.81
787.93	3450.46
789.14	3455.11
790.36	3459.77
791.58	3464.43
792.80	3469.10
794.02	3473.76
795.24	3478.43
796.47	3483.10
797.69	3487.78
798.91	3492.46
800.14	3497.14
801.37	3501.82
802.60	3506.51
803.82	3511.19
805.05	3515.89
806.28	3520.58
807.52	3525.28
808.75	3529.98
809.98	3534.68
811.22	3539.38
812.45	3544.09
813.69	3548.80
814.93	3553.52
816.17	3558.23
817.41	3562.95
818.65	3567.67
819.89	3572.40
821.13	3577.13
822.38	3581.86
823.62	3586.59
824.87	3591.33
826.11	3596.06
827.36	3600.81
828.61	3605.55
829.86	3610.30
831.11	3615.05
832.36	3619.80
833.61	3624.56
834.87	3629.31
836.12	3634.07
837.38	3638.84
838.63	3643.60
839.89	3648.37
841.15	3653.15
842.41	3657.92
843.67	3662.70
844.93	3667.48
846.19	3672.26
847.46	3677.05
848.72	3681.84
849.99	3686.63
851.25	3691.42
852.52	3696.22
853.79	3701.02
855.06	3705.82
856.33	3710.63
857.60	3715.44
858.87	3720.25
860.15	3725.06
861.42	3729.88
862.70	3734.70
863.97	3739.52
865.25	3744.35
866.53	3749.17
867.81	3754.00
869.09	3758.84
870.37	3763.67
871.65	3768.51
872.94	3773.35
874.22	3778.20
875.51	3783.05
876.79	3787.90
878.08	3792.75
879.37	3797.61
880.66	3802.46
881.95	3807.33
883.24	3812.19
884.53	3817.06
885.83	3821.93
887.12	3826.80
888.42	3831.67
889.71	3836.55
891.01	3841.43
892.31	3846.32
893.61	3851.20
894.91	3856.09
896.21	3860.98
897.51	3865.88
898.81	3870.78
900.12	3875.68
901.42	3880.58
902.73	3885.48
904.04	3890.39
905.35	3895.30
906.66	3900.22
907.97	3905.14
909.28	3910.06
910.59	3914.98
911.90	3919.90
913.22	3924.83
914.53	3929.76
915.85	3934.70
917.17	3939.63
918.49	3944.57
919.81	3949.51
921.13	3954.46
922.45	3959.41
923.77	3964.36
925.09	3969.31
926.42	3974.27
927.74	3979.23
929.07	3984.19
930.40	3989.15
931.73	3994.12
933.06	3999.09
934.39	4004.06
935.72	4009.04
937.05	4014.02
938.39	4019.00
939.72	4023.98
941.06	4028.97
942.39	4033.96
943.73	4038.95
945.07	4043.94
946.41	4048.94
947.75	4053.94
949.09	4058.95
950.43	4063.95
951.78	4068.96
953.12	4073.97
954.47	4078.99
955.81	4084.01
957.16	4089.03
958.51	4094.05
959.86	4099.08
961.21	4104.10
962.56	4109.14
963.92	4114.17
965.27	4119.21
966.62	4124.25
967.98	4129.29
969.34	4134.34
970.70	4139.38
972.05	4144.43
973.41	4149.49
974.78	4154.55
976.14	4159.60
977.50	4164.67
978.86	4169.73
980.23	4174.80
981.60	4179.87
982.96	4184.94
984.33	4190.02
985.70	4195.10
987.07	4200.18
988.44	4205.27
989.81	4210.35
991.19	4215.44
992.56	4220.54
993.94	4225.63
995.31	4230.73
996.69	4235.83
998.07	4240.94
999.45	4246.04
1000.83	4251.15
1002.21	4256.27
1003.59	4261.38
1004.97	4266.50
1006.36	4271.62
1007.74	4276.74
1009.13	4281.87
1010.52	4287.00
1011.91	4292.13
1013.30	4297.27
1014.69	4302.40
1016.08	4307.55
1017.47	4312.69
1018.86	4317.84
1020.26	4322.98
1021.65	4328.14
1023.05	4333.29
1024.45	4338.45
1025.85	4343.61
1027.25	4348.77
1028.65	4353.94
1030.05	4359.11
1031.45	4364.28
1032.86	4369.45
1034.26	4374.63
1035.67	4379.81
1037.07	4384.99
1038.48	4390.18
1039.89	4395.37
1041.30	4400.56
1042.71	4405.75
1044.13	4410.95
1045.54	4416.15
1046.95	4421.35
1048.37	4426.55
1049.78	4431.76
1051.20	4436.97
1052.62	4442.19
1054.04	4447.40
1055.46	4452.62
1056.88	4457.85
1058.30	4463.07
1059.73	4468.30
1061.15	4473.53
1062.58	4478.76
1064.00	4484.00
1065.43	4489.24
1066.86	4494.48
1068.29	4499.72
1069.72	4504.97
1071.15	4510.22
1072.58	4515.47
1074.02	4520.73
1075.45	4525.99
1076.89	4531.25
1078.33	4536.51
1079.76	4541.78
1081.20	4547.05
1082.64	4552.32
1084.08	4557.60
1085.53	4562.88
1086.97	4568.16
1088.41	4573.44
1089.86	4578.73
1091.30	4584.02
1092.75	4589.31
1094.20	4594.61
1095.65	4599.91
1097.10	4605.21
1098.55	4610.51
1100.00	4615.82
1101.46	4621.13
1102.91	4626.44
1104.37	4631.75
1105.82	4637.07
1107.28	4642.39
1108.74	4647.72
1110.20	4653.04
1111.66	4658.37
1113.12	4663.70
1114.59	4669.04
1116.05	4674.38
1117.51	4679.72
1118.98	4685.06
1120.45	4690.41
1121.92	4695.76
1123.39	4701.11
1124.86	4706.46
1126.33	4711.82
1127.80	4717.18
1129.27	4722.54
1130.75	4727.91
1132.22	4733.28
1133.70	4738.65
1135.18	4744.03
1136.66	4749.40
1138.13	4754.78
1139.62	4760.17
1141.10	4765.55
1142.58	4770.94
1144.06	4776.33
1145.55	4781.73
1147.03	4787.12
1148.52	4792.52
1150.01	4797.93
1151.50	4803.33
1152.99	4808.74
1154.48	4814.15
1155.97	4819.57
1157.47	4824.98
1158.96	4830.40
1160.46	4835.83
1161.95	4841.25
1163.45	4846.68
1164.95	4852.11
1166.45	4857.55
1167.95	4862.98
1169.45	4868.42
1170.95	4873.87
1172.46	4879.31
1173.96	4884.76
1175.47	4890.21
1176.98	4895.67
1178.48	4901.12
1179.99	4906.58
1181.50	4912.04
1183.01	4917.51
1184.53	4922.98
1186.04	4928.45
1187.55	4933.92
1189.07	4939.40
1190.59	4944.88
1192.10	4950.36
1193.62	4955.85
1195.14	4961.34
1196.66	4966.83
1198.19	4972.32
1199.71	4977.82
1201.23	4983.32
1202.76	4988.82
1204.28	4994.33
1205.81	4999.83
1207.34	5005.35
1208.87	5010.86
1210.40	5016.38
1211.93	5021.90
1213.46	5027.42
1215.00	5032.94
1216.53	5038.47
1218.07	5044.00
1219.60	5049.54
1221.14	5055.08
1222.68	5060.62
1224.22	5066.16
1225.76	5071.70
1227.30	5077.25
1228.85	5082.80
1230.39	5088.36
1231.94	5093.91
1233.48	5099.47
1235.03	5105.04
1236.58	5110.60
1238.13	5116.17
1239.68	5121.74
1241.23	5127.32
1242.78	5132.89
1244.34	5138.47
1245.89	5144.06
1247.45	5149.64
1249.01	5155.23
1250.56	5160.82
1252.12	5166.42
1253.68	5172.01
1255.24	5177.61
1256.81	5183.22
1258.37	5188.82
1259.94	5194.43
1261.50	5200.04
1263.07	5205.66
1264.64	5211.27
1266.21	5216.90
1267.78	5222.52
1269.35	5228.14
1270.92	5233.77
1272.49	5239.40
1274.07	5245.04
1275.64	5250.68
1277.22	5256.32
1278.80	5261.96
1280.37	5267.61
1281.95	5273.26
1283.53	5278.91
1285.12	5284.56
1286.70	5290.22
1288.28	5295.88
1289.87	5301.55
1291.46	5307.21
1293.04	5312.88
1294.63	5318.55
1296.22	5324.23
1297.81	5329.91
1299.40	5335.59
1301.00	5341.27
1302.59	5346.96
1304.18	5352.65
1305.78	5358.34
1307.38	5364.04
1308.98	5369.73
1310.58	5375.43
1312.18	5381.14
1313.78	5386.85
1315.38	5392.56
1316.98	5398.27
1318.59	5403.98
1320.19	5409.70
1321.80	5415.42
1323.41	5421.15
1325.02	5426.88
1326.63	5432.61
1328.24	5438.34
1329.85	5444.08
1331.47	5449.82
1333.08	5455.56
1334.70	5461.30
1336.31	5467.05
1337.93	5472.80
1339.55	5478.55
1341.17	5484.31
1342.79	5490.07
1344.41	5495.83
1346.04	5501.60
1347.66	5507.37
1349.29	5513.14
1350.91	5518.91
1352.54	5524.69
1354.17	5530.47
1355.80	5536.25
1357.43	5542.04
1359.06	5547.82
1360.70	5553.62
1362.33	5559.41
1363.97	5565.21
1365.60	5571.01
1367.24	5576.81
1368.88	5582.62
1370.52	5588.43
1372.16	5594.24
1373.80	5600.05
1375.44	5605.87
1377.09	5611.69
1378.73	5617.52
1380.38	5623.34
1382.03	5629.17
1383.68	5635.00
1385.33	5640.84
1386.98	5646.68
1388.63	5652.52
1390.28	5658.36
1391.94	5664.21
1393.59	5670.06
1395.25	5675.91
1396.91	5681.77
1398.56	5687.63
1400.22	5693.49
1401.89	5699.36
1403.55	5705.22
1405.21	5711.10
1406.87	5716.97
1408.54	5722.85
1410.21	5728.73
1411.87	5734.61
1413.54	5740.49
1415.21	5746.38
1416.88	5752.27
1418.56	5758.17
1420.23	5764.07
1421.90	5769.97
1423.58	5775.87
1425.25	5781.77
1426.93	5787.68
1428.61	5793.60
1430.29	5799.51
1431.97	5805.43
1433.65	5811.35
1435.34	5817.27
1437.02	5823.20
1438.71	5829.13
1440.39	5835.06
1442.08	5841.00
1443.77	5846.94
1445.46	5852.88
1447.15	5858.83
1448.84	5864.77
1450.54	5870.72
1452.23	5876.68
1453.93	5882.63
1455.62	5888.59
1457.32	5894.56
1459.02	5900.52
1460.72	5906.49
1462.42	5912.46
1464.12	5918.44
1465.83	5924.41
1467.53	5930.39
1469.24	5936.38
1470.94	5942.36
1472.65	5948.35
1474.36	5954.35
1476.07	5960.34
1477.78	5966.34
1479.49	5972.34
1481.21	5978.35
1482.92	5984.35
1484.64	5990.36
1486.36	5996.38
1488.07	6002.39
1489.79	6008.41
1491.51	6014.43
1493.24	6020.46
1494.96	6026.49
1496.68	6032.52
1498.41	6038.55
1500.13	6044.59
1501.86	6050.63
1503.59	6056.67
1505.32	6062.72
1507.05	6068.77
1508.78	6074.82
1510.51	6080.88
1512.25	6086.94
1513.98	6093.00
1515.72	6099.06
1517.46	6105.13
1519.20	6111.20
1520.93	6117.27
1522.68	6123.35
1524.42	6129.43
1526.16	6135.51
1527.91	6141.60
1529.65	6147.68
1531.40	6153.78
1533.15	6159.87
1534.89	6165.97
1536.64	6172.07
1538.40	6178.17
1540.15	6184.28
1541.90	6190.39
1543.66	6196.50
1545.41	6202.62
1547.17	6208.73
1548.93	6214.86
1550.69	6220.98
1552.45	6227.11
1554.21	6233.24
1555.97	6239.37
1557.73	6245.51
1559.50	6251.65
1561.27	6257.79
1563.03	6263.94
1564.80	6270.09
1566.57	6276.24
1568.34	6282.39
1570.11	6288.55
1571.89	6294.71
1573.66	6300.88
1575.44	6307.04
1577.21	6313.21
1578.99	6319.39
1580.77	6325.56
1582.55	6331.74
1584.33	6337.92
1586.11	6344.11
1587.90	6350.30
1589.68	6356.49
1591.47	6362.68
1593.25	6368.88
1595.04	6375.08
1596.83	6381.28
1598.62	6387.49
1600.41	6393.70
1602.21	6399.91
1604.00	6406.13
1605.80	6412.35
1607.59	6418.57
1609.39	6424.80
1611.19	6431.02
1612.99	6437.25
1614.79	6443.49
1616.59	6449.73
1618.39	6455.97
1620.20	6462.21
1622.00	6468.46
1623.81	6474.70
1625.62	6480.96
1627.43	6487.21
1629.24	6493.47
1631.05	6499.73
1632.86	6506.00
1634.68	6512.27
1636.49	6518.54
1638.31	6524.81
1640.12	6531.09
1641.94	6537.37
1643.76	6543.65
1645.58	6549.94
1647.41	6556.23
1649.23	6562.52
1651.05	6568.81
1652.88	6575.11
1654.71	6581.41
1656.53	6587.72
1658.36	6594.03
1660.19	6600.34
1662.02	6606.65
1663.86	6612.97
1665.69	6619.29
1667.53	6625.61
1669.36	6631.94
1671.20	6638.27
1673.04	6644.60
1674.88	6650.93
1676.72	6657.27
1678.56	6663.61
1680.40	6669.96
1682.25	6676.31
1684.09	6682.66
1685.94	6689.01
1687.79	6695.37
1689.64	6701.73
1691.49	6708.09
1693.34	6714.46
1695.19	6720.83
1697.04	6727.20
1698.90	6733.58
1700.76	6739.95
1702.61	6746.34
1704.47	6752.72
1706.33	6759.11
1708.19	6765.50
1710.06	6771.90
1711.92	6778.29
1713.78	6784.69
1715.65	6791.10
1717.52	6797.50
1719.38	6803.91
1721.25	6810.33
1723.12	6816.74
1725.00	6823.16
1726.87	6829.58
1728.74	6836.01
1730.62	6842.44
1732.49	6848.87
1734.37	6855.30
1736.25	6861.74
1738.13	6868.18
1740.01	6874.63
1741.89	6881.07
1743.78	6887.52
1745.66	6893.98
1747.55	6900.43
1749.44	6906.89
1751.32	6913.36
1753.21	6919.82
1755.11	6926.29
1757.00	6932.76
1758.89	6939.24
1760.79	6945.72
1762.68	6952.20
1764.58	6958.69
1766.48	6965.17
1768.37	6971.66
1770.28	6978.16
1772.18	6984.66
1774.08	6991.16
1775.98	6997.66
1777.89	7004.17
1779.80	7010.68
1781.70	7017.19
1783.61	7023.71
1785.52	7030.23
1787.43	7036.75
1789.35	7043.27
1791.26	7049.80
1793.18	7056.33
1795.09	7062.87
1797.01	7069.41
1798.93	7075.95
1800.85	7082.49
1802.77	7089.04
1804.69	7095.59
1806.61	7102.15
1808.54	7108.70
1810.46	7115.26
1812.39	7121.83
1814.32	7128.39
1816.25	7134.96
1818.18	7141.54
1820.11	7148.11
1822.05	7154.69
1823.98	7161.28
1825.92	7167.86
1827.85	7174.45
1829.79	7181.04
1831.73	7187.64
1833.67	7194.24
1835.61	7200.84
1837.56	7207.44
1839.50	7214.05
1841.45	7220.66
1843.39	7227.28
1845.34	7233.89
1847.29	7240.51
1849.24	7247.14
1851.19	7253.77
1853.14	7260.40
1855.10	7267.03
1857.05	7273.67
1859.01	7280.31
1860.97	7286.95
1862.93	7293.60
1864.89	7300.25
1866.85	7306.90
1868.81	7313.55
1870.77	7320.21
1872.74	7326.88
1874.71	7333.54
1876.67	7340.21
1878.64	7346.88
1880.61	7353.56
1882.58	7360.23
1884.56	7366.92
1886.53	7373.60
1888.50	7380.29
1890.48	7386.98
1892.46	7393.67
1894.44	7400.37
1896.42	7407.07
1898.40	7413.78
1900.38	7420.48
1902.36	7427.19
1904.35	7433.91
1906.33	7440.62
1908.32	7447.35
1910.31	7454.07
1912.30	7460.80
1914.29	7467.52
1916.28	7474.26
1918.28	7480.99
1920.27	7487.73
1922.27	7494.48
1924.27	7501.22
1926.26	7507.97
1928.26	7514.72
1930.27	7521.48
1932.27	7528.24
1934.27	7535.00
1936.28	7541.77
1938.28	7548.53
1940.29	7555.31
1942.30	7562.08
1944.31	7568.86
1946.32	7575.64
1948.33	7582.43
1950.35	7589.22
1952.36	7596.01
1954.38	7602.80
1956.39	7609.60
1958.41	7616.40
1960.43	7623.20
1962.45	7630.01
1964.48	7636.82
1966.50	7643.64
1968.52	7650.46
1970.55	7657.28
1972.58	7664.10
1974.61	7670.93
1976.64	7677.76
1978.67	7684.59
1980.70	7691.43
1982.73	7698.27
1984.77	7705.11
1986.81	7711.96
1988.84	7718.81
1990.88	7725.66
1992.92	7732.52
1994.96	7739.38
1997.01	7746.24
1999.05	7753.11
2001.10	7759.98
2003.14	7766.85
2005.19	7773.73
2007.24	7780.61
2009.29	7787.49
2011.34	7794.38
2013.39	7801.27
2015.45	7808.16
2017.50	7815.06
2019.56	7821.96
2021.62	7828.86
2023.68	7835.77
2025.74	7842.68
2027.80	7849.59
2029.86	7856.50
2031.93	7863.42
2033.99	7870.35
2036.06	7877.27
2038.13	7884.20
2040.20	7891.13
2042.27	7898.07
2044.34	7905.01
2046.41	7911.95
2048.49	7918.90
2050.56	7925.85
2052.64	7932.80
2054.72	7939.76
2056.80	7946.72
2058.88	7953.68
2060.96	7960.64
2063.04	7967.61
2065.13	7974.59
2067.22	7981.56
2069.30	7988.54
2071.39	7995.52
2073.48	8002.51
2075.57	8009.50
2077.67	8016.49
2079.76	8023.49
2081.85	8030.49
2083.95	8037.49
2086.05	8044.49
2088.15	8051.50
2090.25	8058.52
2092.35	8065.53
2094.45	8072.55
2096.56	8079.57
2098.66	8086.60
2100.77	8093.63
2102.88	8100.66
2104.99	8107.70
2107.10	8114.74
2109.21	8121.78
2111.32	8128.83
2113.44	8135.88
2115.55	8142.93
2117.67	8149.99
2119.79	8157.05
2121.91	8164.11
2124.03	8171.18
2126.15	8178.25
2128.28	8185.32
2130.40	8192.39
2132.53	8199.47
2134.66	8206.56
2136.79	8213.64
2138.92	8220.74
2141.05	8227.83
2143.18	8234.93
2145.31	8242.03
2147.45	8249.13
2149.59	8256.24
2151.73	8263.35
2153.87	8270.46
2156.01	8277.58
2158.15	8284.70
2160.29	8291.82
2162.44	8298.95
2164.58	8306.08
2166.73	8313.22
2168.88	8320.35
2171.03	8327.49
2173.18	8334.64
2175.33	8341.79
2177.49	8348.94
2179.64	8356.09
2181.80	8363.25
2183.96	8370.41
2186.12	8377.58
2188.28	8384.75
2190.44	8391.92
2192.60	8399.09
2194.77	8406.27
2196.93	8413.45
2199.10	8420.64
2201.27	8427.83
2203.44	8435.02
2205.61	8442.22
2207.78	8449.42
2209.96	8456.62
2212.13	8463.83
2214.31	8471.04
2216.49	8478.25
2218.67	8485.46
2220.85	8492.68
2223.03	8499.91
2225.21	8507.14
2227.40	8514.37
2229.58	8521.60
2231.77	8528.84
2233.96	8536.08
2236.15	8543.32
2238.34	8550.57
2240.53	8557.82
2242.73	8565.08
2244.92	8572.33
2247.12	8579.59
2249.32	8586.86
2251.52	8594.13
2253.72	8601.40
2255.92	8608.68
2258.12	8615.95
2260.33	8623.24
2262.54	8630.52
2264.74	8637.81
2266.95	8645.11
2269.16	8652.40
2271.37	8659.70
2273.59	8667.00
2275.80	8674.31
2278.02	8681.62
2280.23	8688.94
2282.45	8696.25
2284.67	8703.57
2286.89	8710.90
2289.12	8718.23
2291.34	8725.56
2293.57	8732.89
2295.79	8740.23
2298.02	8747.57
2300.25	8754.92
2302.48	8762.27
2304.71	8769.62
2306.94	8776.97
2309.18	8784.33
2311.42	8791.70
2313.65	8799.06
2315.89	8806.43
2318.13	8813.81
2320.37	8821.18
2322.62	8828.56
2324.86	8835.95
2327.11	8843.34
2329.35	8850.73
2331.60	8858.12
2333.85	8865.52
2336.10	8872.92
2338.36	8880.33
2340.61	8887.74
2342.87	8895.15
2345.12	8902.57
2347.38	8909.98
2349.64	8917.41
2351.90	8924.83
2354.16	8932.26
2356.43	8939.70
2358.69	8947.14
2360.96	8954.58
2363.23	8962.02
2365.49	8969.47
2367.77	8976.92
2370.04	8984.38
2372.31	8991.83
2374.58	8999.30
2376.86	9006.76
2379.14	9014.23
2381.42	9021.71
2383.70	9029.18
2385.98	9036.66
2388.26	9044.15
2390.55	9051.63
2392.83	9059.12
2395.12	9066.62
2397.41	9074.12
2399.70	9081.62
2401.99	9089.12
2404.28	9096.63
2406.58	9104.15
2408.87	9111.66
2411.17	9119.18
2413.47	9126.71
2415.77	9134.23
2418.07	9141.76
2420.37	9149.30
2422.68	9156.84
2424.98	9164.38
2427.29	9171.92
2429.60	9179.47
2431.91	9187.02
2434.22	9194.58
2436.53	9202.14
2438.84	9209.70
2441.16	9217.27
2443.47	9224.84
2445.79	9232.41
2448.11	9239.99
2450.43	9247.57
2452.76	9255.16
2455.08	9262.75
2457.40	9270.34
2459.73	9277.93
2462.06	9285.53
2464.39	9293.14
2466.72	9300.74
2469.05	9308.35
2471.38	9315.97
2473.72	9323.59
2476.06	9331.21
2478.39	9338.83
2480.73	9346.46
2483.07	9354.09
2485.42	9361.73
2487.76	9369.37
2490.10	9377.01
2492.45	9384.66
2494.80	9392.31
2497.15	9399.96
2499.50	9407.62
2501.85	9415.28
2504.20	9422.95
2506.56	9430.62
2508.92	9438.29
2511.27	9445.97
2513.63	9453.65
2515.99	9461.33
2518.36	9469.02
2520.72	9476.71
2523.08	9484.40
2525.45	9492.10
2527.82	9499.80
2530.19	9507.51
2532.56	9515.22
2534.93	9522.93
2537.30	9530.65
2539.68	9538.37
2542.06	9546.09
2544.43	9553.82
2546.81	9561.55
2549.19	9569.29
2551.58	9577.03
2553.96	9584.77
2556.34	9592.51
2558.73	9600.26
2561.12	9608.02
2563.51	9615.78
2565.90	9623.54
2568.29	9631.30
2570.68	9639.07
2573.08	9646.84
2575.48	9654.62
2577.87	9662.40
2580.27	9670.18
2582.67	9677.97
2585.08	9685.76
2587.48	9693.55
2589.89	9701.35
2592.29	9709.15
2594.70	9716.96
2597.11	9724.77
2599.52	9732.58
2601.93	9740.40
2604.35	9748.22
2606.76	9756.04
2609.18	9763.87
2611.60	9771.70
2614.02	9779.54
2616.44	9787.38
2618.86	9795.22
2621.29	9803.07
2623.71	9810.92
2626.14	9818.77
2628.57	9826.63
2631.00	9834.49
2633.43	9842.36
2635.86	9850.22
2638.30	9858.10
2640.73	9865.97
2643.17	9873.85
2645.61	9881.74
2648.05	9889.63
2650.49	9897.52
2652.93	9905.41
2655.38	9913.31
2657.82	9921.22
2660.27	9929.12
2662.72	9937.03
2665.17	9944.95
2667.62	9952.86
2670.08	9960.79
2672.53	9968.71
2674.99	9976.64
2677.45	9984.57
2679.91	9992.51
2682.37	10000.45
2684.83	10008.40
2687.29	10016.34
2689.76	10024.30
2692.22	10032.25
2694.69	10040.21
2697.16	10048.18
2699.63	10056.14
2702.11	10064.11
2704.58	10072.09
2707.05	10080.07
2709.53	10088.05
2712.01	10096.03
2714.49	10104.02
2716.97	10112.02
2719.46	10120.02
2721.94	10128.02
2724.43	10136.02
2726.91	10144.03
2729.40	10152.04
2731.89	10160.06
2734.38	10168.08
2736.88	10176.10
2739.37	10184.13
2741.87	10192.16
2744.37	10200.20
2746.87	10208.24
2749.37	10216.28
2751.87	10224.33
2754.37	10232.38
2756.88	10240.44
2759.39	10248.49
2761.89	10256.56
2764.40	10264.62
2766.91	10272.69
2769.43	10280.77
2771.94	10288.84
2774.46	10296.93
2776.97	10305.01
2779.49	10313.10
2782.01	10321.19
2784.54	10329.29
2787.06	10337.39
2789.58	10345.50
2792.11	10353.61
2794.64	10361.72
2797.17	10369.83
2799.70	10377.95
2802.23	10386.08
2804.76	10394.21
2807.30	10402.34
2809.84	10410.47
2812.37	10418.61
2814.91	10426.76
2817.46	10434.90
2820.00	10443.05
2822.54	10451.21
2825.09	10459.37
2827.64	10467.53
2830.19	10475.70
2832.74	10483.87
2835.29	10492.04
2837.84	10500.22
2840.40	10508.40
2842.95	10516.59
2845.51	10524.78
2848.07	10532.97
2850.63	10541.17
2853.20	10549.37
2855.76	10557.58
2858.33	10565.78
2860.89	10574.00
2863.46	10582.22
2866.03	10590.44
2868.60	10598.66
2871.18	10606.89
2873.75	10615.12
2876.33	10623.36
2878.91	10631.60
2881.49	10639.84
2884.07	10648.09
2886.65	10656.35
2889.23	10664.60
2891.82	10672.86
2894.41	10681.13
2896.99	10689.39
2899.58	10697.67
2902.18	10705.94
2904.77	10714.22
2907.36	10722.51
2909.96	10730.79
2912.56	10739.08
2915.16	10747.38
2917.76	10755.68
2920.36	10763.98
2922.97	10772.29
2925.57	10780.60
2928.18	10788.92
2930.79	10797.24
2933.40	10805.56
2936.01	10813.89
2938.62	10822.22
2941.24	10830.55
2943.85	10838.89
2946.47	10847.24
2949.09	10855.58
2951.71	10863.93
2954.33	10872.29
2956.96	10880.65
2959.58	10889.01
2962.21	10897.38
2964.84	10905.75
2967.47	10914.12
2970.10	10922.50
2972.74	10930.88
2975.37	10939.27
2978.01	10947.66
2980.65	10956.06
2983.29	10964.46
2985.93	10972.86
2988.57	10981.26
2991.22	10989.68
2993.86	10998.09
2996.51	11006.51
2999.16	11014.93
3001.81	11023.36
3004.46	11031.79
3007.12	11040.22
3009.77	11048.66
3012.43	11057.11
3015.09	11065.55
3017.75	11074.00
3020.41	11082.46
3023.07	11090.92
3025.74	11099.38
3028.40	11107.85
3031.07	11116.32
3033.74	11124.79
3036.41	11133.27
3039.08	11141.76
3041.76	11150.24
3044.43	11158.73
3047.11	11167.23
3049.79	11175.73
3052.47	11184.23
3055.15	11192.74
3057.84	11201.25
3060.52	11209.77
3063.21	11218.29
3065.90	11226.81
3068.59	11235.34
3071.28	11243.87
3073.98	11252.41
3076.67	11260.95
3079.37	11269.49
3082.07	11278.04
3084.77	11286.59
3087.47	11295.15
3090.17	11303.71
3092.87	11312.27
3095.58	11320.84
3098.29	11329.41
3101.00	11337.99
3103.71	11346.57
3106.42	11355.16
3109.14	11363.75
3111.85	11372.34
3114.57	11380.94
3117.29	11389.54
3120.01	11398.14
3122.73	11406.75
3125.46	11415.37
3128.18	11423.98
3130.91	11432.61
3133.64	11441.23
3136.37	11449.86
3139.10	11458.50
3141.83	11467.14
3144.57	11475.78
3147.31	11484.43
3150.04	11493.08
3152.78	11501.73
3155.53	11510.39
3158.27	11519.06
3161.01	11527.72
3163.76	11536.40
3166.51	11545.07
3169.26	11553.75
3172.01	11562.44
3174.76	11571.13
3177.52	11579.82
3180.28	11588.52
3183.03	11597.22
3185.79	11605.92
3188.55	11614.63
3191.32	11623.35
3194.08	11632.06
3196.85	11640.79
3199.62	11649.51
3202.39	11658.24
3205.16	11666.98
3207.93	11675.72
3210.70	11684.46
3213.48	11693.21
3216.26	11701.96
3219.04	11710.71
3221.82	11719.47
3224.60	11728.24
3227.39	11737.01
3230.17	11745.78
3232.96	11754.56
3235.75	11763.34
3238.54	11772.12
3241.33	11780.91
3244.13	11789.71
3246.92	11798.50
3249.72	11807.31
3252.52	11816.11
3255.32	11824.92
3258.12	11833.74
3260.93	11842.56
3263.73	11851.38
3266.54	11860.21
3269.35	11869.04
3272.16	11877.88
3274.97	11886.72
3277.79	11895.56
3280.60	11904.41
3283.42	11913.27
3286.24	11922.12
3289.06	11930.99
3291.88	11939.85
3294.71	11948.72
3297.53	11957.60
3300.36	11966.48
3303.19	11975.36
3306.02	11984.25
3308.86	11993.14
3311.69	12002.04
3314.53	12010.94
3317.36	12019.84
3320.20	12028.75
3323.04	12037.66
3325.89	12046.58
3328.73	12055.50
3331.58	12064.43
3334.43	12073.36
3337.27	12082.30
3340.13	12091.24
3342.98	12100.18
3345.83	12109.13
3348.69	12118.08
3351.55	12127.04
3354.41	12136.00
3357.27	12144.96
3360.13	12153.93
3363.00	12162.91
3365.86	12171.89
3368.73	12180.87
3371.60	12189.86
3374.47	12198.85
3377.35	12207.85
3380.22	12216.85
3383.10	12225.85
3385.98	12234.86
3388.86	12243.87
3391.74	12252.89
3394.62	12261.91
3397.51	12270.94
3400.40	12279.97
3403.28	12289.01
3406.17	12298.05
3409.07	12307.09
3411.96	12316.14
3414.86	12325.19
3417.75	12334.25
3420.65	12343.31
3423.55	12352.38
3426.46	12361.45
3429.36	12370.52
3432.27	12379.60
3435.17	12388.69
3438.08	12397.78
3440.99	12406.87
3443.91	12415.97
3446.82	12425.07
3449.74	12434.17
3452.66	12443.28
3455.58	12452.40
3458.50	12461.52
3461.42	12470.64
3464.35	12479.77
3467.27	12488.90
3470.20	12498.04
3473.13	12507.18
3476.06	12516.33
3479.00	12525.48
3481.93	12534.63
3484.87	12543.79
3487.81	12552.96
3490.75	12562.12
3493.69	12571.30
3496.64	12580.47
3499.58	12589.66
3502.53	12598.84
3505.48	12608.03
3508.43	12617.23
3511.38	12626.43
3514.34	12635.63
3517.29	12644.84
3520.25	12654.06
3523.21	12663.27
3526.17	12672.50
3529.14	12681.72
3532.10	12690.95
3535.07	12700.19
3538.04	12709.43
3541.01	12718.68
3543.98	12727.92
3546.96	12737.18
3549.93	12746.44
3552.91	12755.70
3555.89	12764.97
3558.87	12774.24
3561.85	12783.52
3564.84	12792.80
3567.83	12802.08
3570.81	12811.37
3573.80	12820.67
3576.80	12829.97
3579.79	12839.27
3582.78	12848.58
3585.78	12857.89
3588.78	12867.21
3591.78	12876.53
3594.78	12885.86
3597.79	12895.19
3600.80	12904.53
3603.80	12913.87
3606.81	12923.21
3609.82	12932.56
3612.84	12941.92
3615.85	12951.28
3618.87	12960.64
3621.89	12970.01
3624.91	12979.38
3627.93	12988.76
3630.96	12998.14
3633.98	13007.53
3637.01	13016.92
3640.04	13026.31
3643.07	13035.71
3646.10	13045.12
3649.14	13054.53
3652.17	13063.94
3655.21	13073.36
3658.25	13082.78
3661.30	13092.21
3664.34	13101.65
3667.39	13111.08
3670.43	13120.53
3673.48	13129.97
3676.53	13139.42
3679.59	13148.88
3682.64	13158.34
3685.70	13167.81
3688.76	13177.28
3691.82	13186.75
3694.88	13196.23
3697.94	13205.71
3701.01	13215.20
3704.08	13224.70
3707.15	13234.19
3710.22	13243.70
3713.29	13253.20
3716.37	13262.72
3719.44	13272.23
3722.52	13281.76
3725.60	13291.28
3728.69	13300.81
3731.77	13310.35
3734.86	13319.89
3737.94	13329.43
3741.03	13338.98
3744.12	13348.54
3747.22	13358.10
3750.31	13367.66
3753.41	13377.23
3756.51	13386.80
3759.61	13396.38
3762.71	13405.96
3765.82	13415.55
3768.92	13425.14
3772.03	13434.74
3775.14	13444.34
3778.25	13453.95
3781.37	13463.56
3784.48	13473.18
3787.60	13482.80
3790.72	13492.42
3793.84	13502.05
3796.96	13511.69
3800.09	13521.33
3803.22	13530.97
3806.34	13540.62
3809.47	13550.28
3812.61	13559.94
3815.74	13569.60
3818.88	13579.27
3822.02	13588.94
3825.16	13598.62
3828.30	13608.30
3831.44	13617.99
3834.59	13627.69
3837.73	13637.38
3840.88	13647.08
3844.03	13656.79
3847.19	13666.50
3850.34	13676.22
3853.50	13685.94
3856.66	13695.67
3859.82	13705.40
3862.98	13715.14
3866.14	13724.88
3869.31	13734.62
3872.48	13744.37
3875.65	13754.13
3878.82	13763.89
3881.99	13773.65
3885.17	13783.42
3888.35	13793.20
3891.53	13802.98
3894.71	13812.76
3897.89	13822.55
3901.08	13832.34
3904.26	13842.14
3907.45	13851.95
3910.64	13861.76
3913.84	13871.57
3917.03	13881.39
3920.23	13891.21
3923.42	13901.04
3926.63	13910.87
3929.83	13920.71
3933.03	13930.55
3936.24	13940.40
3939.45	13950.25
3942.66	13960.11
3945.87	13969.97
3949.08	13979.84
3952.30	13989.71
3955.51	13999.59
3958.73	14009.47
3961.95	14019.36
3965.18	14029.25
3968.40	14039.15
3971.63	14049.05
3974.86	14058.95
3978.09	14068.87
3981.32	14078.78
3984.56	14088.70
3987.79	14098.63
3991.03	14108.56
3994.27	14118.50
3997.52	14128.44
4000.76	14138.38
4004.01	14148.34
4007.26	14158.29
4010.51	14168.25
4013.76	14178.22
4017.01	14188.19
4020.27	14198.17
4023.53	14208.15
4026.79	14218.13
4030.05	14228.12
4033.31	14238.12
4036.58	14248.12
4039.85	14258.12
4043.12	14268.14
4046.39	14278.15
4049.66	14288.17
4052.94	14298.20
4056.21	14308.23
4059.49	14318.26
4062.77	14328.30
4066.06	14338.35
4069.34	14348.40
4072.63	14358.46
4075.92	14368.52
4079.21	14378.58
4082.50	14388.65
4085.80	14398.73
4089.10	14408.81
4092.39	14418.90
4095.70	14428.99
4099.00	14439.08
4102.30	14449.18
4105.61	14459.29
4108.92	14469.40
4112.23	14479.52
4115.54	14489.64
4118.86	14499.76
4122.17	14509.90
4125.49	14520.03
4128.81	14530.17
4132.14	14540.32
4135.46	14550.47
4138.79	14560.63
4142.12	14570.79
4145.45	14580.96
4148.78	14591.13
4152.11	14601.30
4155.45	14611.49
4158.79	14621.67
4162.13	14631.87
4165.47	14642.06
4168.82	14652.27
4172.16	14662.47
4175.51	14672.69
4178.86	14682.90
4182.22	14693.13
4185.57	14703.35
4188.93	14713.59
4192.29	14723.82
4195.65	14734.07
4199.01	14744.32
4202.37	14754.57
4205.74	14764.83
4209.11	14775.09
4212.48	14785.36
4215.85	14795.64
4219.23	14805.91
4222.60	14816.20
4225.98	14826.49
4229.36	14836.78
4232.74	14847.08
4236.13	14857.39
4239.52	14867.70
4242.90	14878.01
4246.29	14888.33
4249.69	14898.66
4253.08	14908.99
4256.48	14919.33
4259.88	14929.67
4263.28	14940.01
4266.68	14950.37
4270.09	14960.72
4273.49	14971.08
4276.90	14981.45
4280.31	14991.82
4283.73	15002.20
4287.14	15012.58
4290.56	15022.97
4293.98	15033.37
4297.40	15043.76
4300.82	15054.17
4304.25	15064.58
4307.67	15074.99
4311.10	15085.41
4314.53	15095.84
4317.97	15106.26
