x(m)	y(m)
0.00	0.00
0.01	0.10
0.02	0.21
0.03	0.31
0.04	0.43
0.05	0.54
0.06	0.66
0.07	0.78
0.08	0.91
0.09	1.04
0.11	1.17
0.12	1.31
0.13	1.45
0.15	1.59
0.16	1.73
0.17	1.88
0.19	2.04
0.20	2.19
0.22	2.36
0.24	2.52
0.25	2.69
0.27	2.86
0.29	3.03
0.30	3.21
0.32	3.39
0.34	3.57
0.36	3.76
0.38	3.95
0.40	4.15
0.42	4.35
0.44	4.55
0.46	4.76
0.48	4.97
0.50	5.18
0.52	5.39
0.54	5.61
0.57	5.84
0.59	6.06
0.61	6.29
0.64	6.53
0.66	6.76
0.68	7.00
0.71	7.25
0.74	7.50
0.76	7.75
0.79	8.00
0.81	8.26
0.84	8.52
0.87	8.78
0.90	9.05
0.92	9.33
0.95	9.60
0.98	9.88
1.01	10.16
1.04	10.45
1.07	10.74
1.10	11.03
1.13	11.33
1.16	11.63
1.19	11.93
1.23	12.24
1.26	12.55
1.29	12.86
1.32	13.18
1.36	13.50
1.39	13.82
1.42	14.15
1.46	14.48
1.49	14.82
1.53	15.16
1.57	15.50
1.60	15.84
1.64	16.19
1.68	16.55
1.71	16.90
1.75	17.26
1.79	17.62
1.83	17.99
1.87	18.36
1.91	18.74
1.95	19.11
1.99	19.49
2.03	19.88
2.07	20.26
2.11	20.66
2.15	21.05
2.19	21.45
2.24	21.85
2.28	22.26
2.32	22.66
2.37	23.08
2.41	23.49
2.46	23.91
2.50	24.34
2.55	24.76
2.59	25.19
2.64	25.63
2.68	26.06
2.73	26.50
2.78	26.95
2.83	27.39
2.87	27.85
2.92	28.30
2.97	28.76
3.02	29.22
3.07	29.69
3.12	30.15
3.17	30.63
3.22	31.10
3.27	31.58
3.32	32.06
3.38	32.55
3.43	33.04
3.48	33.53
3.53	34.03
3.59	34.53
3.64	35.04
3.70	35.54
3.75	36.06
3.81	36.57
3.86	37.09
3.92	37.61
3.97	38.14
4.03	38.66
4.09	39.20
4.15	39.73
4.20	40.27
4.26	40.82
4.32	41.36
4.38	41.91
4.44	42.47
4.50	43.02
4.56	43.58
4.62	44.15
4.68	44.72
4.74	45.29
4.81	45.86
4.87	46.44
4.93	47.02
4.99	47.61
5.06	48.20
5.12	48.79
5.19	49.39
5.25	49.99
5.31	50.59
5.38	51.20
5.45	51.81
5.51	52.42
5.58	53.04
5.65	53.66
5.71	54.29
5.78	54.92
5.85	55.55
5.92	56.18
5.99	56.82
6.06	57.46
6.13	58.11
6.20	58.76
6.27	59.41
6.34	60.07
6.41	60.73
6.48	61.40
6.55	62.06
6.63	62.73
6.70	63.41
6.77	64.09
6.85	64.77
6.92	65.45
7.00	66.14
7.07	66.84
7.15	67.53
7.22	68.23
7.30	68.93
7.37	69.64
7.45	70.35
7.53	71.07
7.61	71.78
7.69	72.50
7.76	73.23
7.84	73.96
7.92	74.69
8.00	75.42
8.08	76.16
8.16	76.91
8.24	77.65
8.33	78.40
8.41	79.16
8.49	79.91
8.57	80.67
8.65	81.44
8.74	82.21
8.82	82.98
8.91	83.75
8.99	84.53
9.08	85.31
9.16	86.10
9.25	86.89
9.33	87.68
9.42	88.48
9.51	89.28
9.59	90.08
9.68	90.89
9.77	91.70
9.86	92.51
9.95	93.33
10.04	94.15
10.13	94.98
10.22	95.80
10.31	96.64
10.40	97.47
10.49	98.31
10.58	99.15
10.67	100.00
10.77	100.85
10.86	101.71
10.95	102.56
11.05	103.42
11.14	104.29
11.23	105.16
11.33	106.03
11.42	106.90
11.52	107.78
11.62	108.66
11.71	109.55
11.81	110.44
11.91	111.33
12.00	112.23
12.10	113.13
12.20	114.04
12.30	114.94
12.40	115.86
12.50	116.77
12.60	117.69
12.70	118.61
12.80	119.54
12.90	120.47
13.00	121.40
13.11	122.34
13.21	123.28
13.31	124.22
13.42	125.17
13.52	126.12
13.62	127.07
13.73	128.03
13.83	128.99
13.94	129.96
14.04	130.93
14.15	131.90
14.26	132.88
14.36	133.86
14.47	134.84
14.58	135.83
14.69	136.82
14.80	137.81
14.90	138.81
15.01	139.81
15.12	140.82
15.23	141.83
15.34	142.84
15.45	143.86
15.57	144.88
15.68	145.90
15.79	146.93
15.90	147.96
16.02	148.99
16.13	150.03
16.24	151.07
16.36	152.12
16.47	153.16
16.59	154.22
16.70	155.27
16.82	156.33
16.93	157.40
17.05	158.46
17.17	159.53
17.28	160.61
17.40	161.68
17.52	162.77
17.64	163.85
17.76	164.94
17.88	166.03
18.00	167.13
18.12	168.23
18.24	169.33
18.36	170.44
18.48	171.55
18.60	172.66
18.72	173.78
18.85	174.90
18.97	176.03
19.09	177.15
19.22	178.29
19.34	179.42
19.47	180.56
19.59	181.71
19.72	182.85
19.84	184.00
19.97	185.16
20.09	186.31
20.22	187.48
20.35	188.64
20.48	189.81
20.61	190.98
20.73	192.16
20.86	193.34
20.99	194.52
21.12	195.71
21.25	196.90
21.38	198.09
21.51	199.29
21.65	200.49
21.78	201.70
21.91	202.90
22.04	204.12
22.18	205.33
22.31	206.55
22.44	207.78
22.58	209.00
22.71	210.23
22.85	211.47
22.98	212.71
23.12	213.95
23.25	215.19
23.39	216.44
23.53	217.69
23.67	218.95
23.80	220.21
23.94	221.47
24.08	222.74
24.22	224.01
24.36	225.28
24.50	226.56
24.64	227.84
24.78	229.13
24.92	230.42
25.06	231.71
25.20	233.01
25.35	234.31
25.49	235.61
25.63	236.92
25.78	238.23
25.92	239.54
26.06	240.86
26.21	242.18
26.35	243.51
26.50	244.84
26.65	246.17
26.79	247.51
26.94	248.85
27.09	250.19
27.23	251.54
27.38	252.89
27.53	254.25
27.68	255.60
27.83	256.97
27.98	258.33
28.13	259.70
28.28	261.08
28.43	262.45
28.58	263.83
28.73	265.22
28.88	266.60
29.04	268.00
29.19	269.39
29.34	270.79
29.50	272.19
29.65	273.60
29.80	275.01
29.96	276.42
30.11	277.84
30.27	279.26
30.43	280.69
30.58	282.11
30.74	283.55
30.90	284.98
31.05	286.42
31.21	287.86
31.37	289.31
31.53	290.76
31.69	292.21
31.85	293.67
32.01	295.13
32.17	296.60
32.33	298.07
32.49	299.54
32.65	301.02
32.82	302.49
32.98	303.98
33.14	305.47
33.30	306.96
33.47	308.45
33.63	309.95
33.80	311.45
33.96	312.96
34.13	314.46
34.29	315.98
34.46	317.49
34.63	319.01
34.79	320.54
34.96	322.07
35.13	323.60
35.30	325.13
35.46	326.67
35.63	328.21
35.80	329.76
35.97	331.31
36.14	332.86
36.31	334.42
36.48	335.98
36.66	337.54
36.83	339.11
37.00	340.68
37.17	342.26
37.35	343.84
37.52	345.42
37.69	347.01
37.87	348.60
38.04	350.19
38.22	351.79
38.39	353.39
38.57	355.00
38.74	356.61
38.92	358.22
39.10	359.83
39.28	361.45
39.45	363.08
39.63	364.70
39.81	366.33
39.99	367.97
40.17	369.61
40.35	371.25
40.53	372.90
40.71	374.54
40.89	376.20
41.07	377.85
41.26	379.51
41.44	381.18
41.62	382.85
41.80	384.52
41.99	386.19
42.17	387.87
42.36	389.56
42.54	391.24
42.73	392.93
42.91	394.63
43.10	396.32
43.28	398.02
43.47	399.73
43.66	401.44
43.85	403.15
44.03	404.87
44.22	406.59
44.41	408.31
44.60	410.04
44.79	411.77
44.98	413.50
45.17	415.24
45.36	416.98
45.55	418.73
45.74	420.48
45.94	422.23
46.13	423.99
46.32	425.75
46.51	427.51
46.71	429.28
46.90	431.05
47.10	432.82
47.29	434.60
47.49	436.39
47.68	438.17
47.88	439.96
48.08	441.76
48.27	443.55
48.47	445.36
48.67	447.16
48.87	448.97
49.07	450.78
49.26	452.60
49.46	454.42
49.66	456.24
49.86	458.07
50.06	459.90
50.27	461.73
50.47	463.57
50.67	465.41
50.87	467.26
51.07	469.11
51.28	470.96
51.48	472.82
51.68	474.68
51.89	476.55
52.09	478.41
52.30	480.29
52.50	482.16
52.71	484.04
52.92	485.92
53.12	487.81
53.33	489.70
53.54	491.59
53.74	493.49
53.95	495.39
54.16	497.30
54.37	499.21
54.58	501.12
54.79	503.04
55.00	504.96
55.21	506.88
55.42	508.81
55.63	510.74
55.85	512.68
56.06	514.61
56.27	516.56
56.48	518.50
56.70	520.45
56.91	522.41
57.13	524.36
57.34	526.32
57.56	528.29
57.77	530.26
57.99	532.23
58.21	534.21
58.42	536.18
58.64	538.17
58.86	540.16
59.07	542.15
59.29	544.14
59.51	546.14
59.73	548.14
59.95	550.15
60.17	552.15
60.39	554.17
60.61	556.18
60.83	558.20
61.06	560.23
61.28	562.26
61.50	564.29
61.72	566.32
61.95	568.36
62.17	570.40
62.39	572.45
62.62	574.50
62.84	576.55
63.07	578.61
63.29	580.67
63.52	582.74
63.75	584.81
63.97	586.88
64.20	588.96
64.43	591.03
64.66	593.12
64.89	595.21
65.12	597.30
65.34	599.39
65.57	601.49
65.80	603.59
66.03	605.70
66.27	607.81
66.50	609.92
66.73	612.03
66.96	614.16
67.19	616.28
67.43	618.41
67.66	620.54
67.89	622.67
68.13	624.81
68.36	626.95
68.60	629.10
68.83	631.25
69.07	633.40
69.31	635.56
69.54	637.72
69.78	639.89
70.02	642.06
70.25	644.23
70.49	646.40
70.73	648.58
70.97	650.77
71.21	652.95
71.45	655.14
71.69	657.34
71.93	659.54
72.17	661.74
72.41	663.94
72.65	666.15
72.90	668.36
73.14	670.58
73.38	672.80
73.62	675.02
73.87	677.25
74.11	679.48
74.36	681.72
74.60	683.96
74.85	686.20
75.09	688.44
75.34	690.69
75.59	692.95
75.83	695.20
76.08	697.46
76.33	699.73
76.58	702.00
76.83	704.27
77.07	706.54
77.32	708.82
77.57	711.10
77.82	713.39
78.07	715.68
78.33	717.97
78.58	720.27
78.83	722.57
79.08	724.88
79.33	727.19
79.59	729.50
79.84	731.81
80.09	734.13
80.35	736.46
80.60	738.78
80.86	741.11
81.11	743.45
81.37	745.78
81.62	748.13
81.88	750.47
82.14	752.82
82.39	755.17
82.65	757.53
82.91	759.89
83.17	762.25
83.43	764.62
83.69	766.99
83.95	769.36
84.21	771.74
84.47	774.12
84.73	776.51
84.99	778.90
85.25	781.29
85.51	783.68
85.78	786.08
86.04	788.49
86.30	790.89
86.57	793.31
86.83	795.72
87.09	798.14
87.36	800.56
87.62	802.99
87.89	805.41
88.16	807.85
88.42	810.28
88.69	812.72
88.96	815.17
89.22	817.61
89.49	820.06
89.76	822.52
90.03	824.98
90.30	827.44
90.57	829.90
90.84	832.37
91.11	834.85
91.38	837.32
91.65	839.80
91.92	842.29
92.19	844.77
92.47	847.26
92.74	849.76
93.01	852.26
93.28	854.76
93.56	857.26
93.83	859.77
94.11	862.29
94.38	864.80
94.66	867.32
94.93	869.84
95.21	872.37
95.49	874.90
95.76	877.44
96.04	879.98
96.32	882.52
96.60	885.06
96.88	887.61
97.15	890.16
97.43	892.72
97.71	895.28
97.99	897.84
98.27	900.41
98.56	902.98
98.84	905.55
99.12	908.13
99.40	910.71
99.68	913.30
99.97	915.89
100.25	918.48
100.53	921.07
100.82	923.67
101.10	926.28
101.39	928.88
101.67	931.49
101.96	934.11
102.24	936.72
102.53	939.34
102.81	941.97
103.10	944.60
103.39	947.23
103.68	949.86
103.97	952.50
104.25	955.14
104.54	957.79
104.83	960.44
105.12	963.09
105.41	965.75
105.70	968.41
105.99	971.07
106.29	973.74
106.58	976.41
106.87	979.09
107.16	981.77
107.45	984.45
107.75	987.13
108.04	989.82
108.34	992.51
108.63	995.21
108.92	997.91
109.22	1000.61
109.51	1003.32
109.81	1006.03
110.11	1008.74
110.40	1011.46
110.70	1014.18
111.00	1016.91
111.30	1019.64
111.59	1022.37
111.89	1025.10
112.19	1027.84
112.49	1030.58
112.79	1033.33
113.09	1036.08
113.39	1038.83
113.69	1041.59
113.99	1044.35
114.30	1047.11
114.60	1049.88
114.90	1052.65
115.20	1055.42
115.51	1058.20
115.81	1060.98
116.11	1063.77
116.42	1066.55
116.72	1069.35
117.03	1072.14
117.33	1074.94
117.64	1077.74
117.94	1080.55
118.25	1083.36
118.56	1086.17
118.86	1088.99
119.17	1091.81
119.48	1094.63
119.79	1097.46
120.10	1100.29
120.41	1103.12
120.72	1105.96
121.03	1108.80
121.34	1111.64
121.65	1114.49
121.96	1117.34
122.27	1120.20
122.58	1123.05
122.89	1125.92
123.21	1128.78
123.52	1131.65
123.83	1134.52
124.15	1137.40
124.46	1140.28
124.77	1143.16
125.09	1146.05
125.40	1148.94
125.72	1151.83
126.04	1154.72
126.35	1157.62
126.67	1160.53
126.99	1163.43
127.30	1166.34
127.62	1169.26
127.94	1172.18
128.26	1175.10
128.58	1178.02
128.89	1180.95
129.21	1183.88
129.53	1186.81
129.85	1189.75
130.18	1192.69
130.50	1195.64
130.82	1198.58
131.14	1201.53
131.46	1204.49
131.78	1207.45
132.11	1210.41
132.43	1213.37
132.75	1216.34
133.08	1219.32
133.40	1222.29
133.73	1225.27
134.05	1228.25
134.38	1231.24
134.70	1234.23
135.03	1237.22
135.36	1240.21
135.68	1243.21
136.01	1246.22
136.34	1249.22
136.67	1252.23
136.99	1255.24
137.32	1258.26
137.65	1261.28
137.98	1264.30
138.31	1267.33
138.64	1270.36
138.97	1273.39
139.30	1276.43
139.63	1279.47
139.96	1282.51
140.30	1285.56
140.63	1288.61
140.96	1291.66
141.29	1294.72
141.63	1297.78
141.96	1300.84
142.30	1303.91
142.63	1306.98
142.96	1310.05
143.30	1313.13
143.63	1316.21
143.97	1319.29
144.31	1322.38
144.64	1325.47
144.98	1328.56
145.32	1331.66
145.66	1334.76
145.99	1337.86
146.33	1340.97
146.67	1344.08
147.01	1347.19
147.35	1350.31
147.69	1353.43
148.03	1356.55
148.37	1359.68
148.71	1362.81
149.05	1365.94
149.39	1369.07
149.73	1372.21
150.08	1375.36
150.42	1378.50
150.76	1381.65
151.10	1384.81
151.45	1387.96
151.79	1391.12
152.14	1394.28
152.48	1397.45
152.83	1400.62
153.17	1403.79
153.52	1406.97
153.86	1410.15
154.21	1413.33
154.56	1416.52
154.90	1419.71
155.25	1422.90
155.60	1426.09
155.95	1429.29
156.29	1432.49
156.64	1435.70
156.99	1438.91
157.34	1442.12
157.69	1445.33
158.04	1448.55
158.39	1451.77
158.74	1455.00
159.09	1458.23
159.45	1461.46
159.80	1464.69
160.15	1467.93
160.50	1471.17
160.86	1474.41
161.21	1477.66
161.56	1480.91
161.92	1484.17
162.27	1487.42
162.62	1490.68
162.98	1493.95
163.33	1497.21
163.69	1500.48
164.05	1503.76
164.40	1507.03
164.76	1510.31
165.12	1513.59
165.47	1516.88
165.83	1520.17
166.19	1523.46
166.55	1526.76
166.91	1530.05
167.26	1533.36
167.62	1536.66
167.98	1539.97
168.34	1543.28
168.70	1546.59
169.06	1549.91
169.43	1553.23
169.79	1556.56
170.15	1559.88
170.51	1563.21
170.87	1566.55
171.24	1569.88
171.60	1573.22
171.96	1576.56
172.32	1579.91
172.69	1583.26
173.05	1586.61
173.42	1589.97
173.78	1593.32
174.15	1596.69
174.51	1600.05
174.88	1603.42
175.25	1606.79
175.61	1610.16
175.98	1613.54
176.35	1616.92
176.71	1620.31
177.08	1623.69
177.45	1627.08
177.82	1630.47
178.19	1633.87
178.56	1637.27
178.93	1640.67
179.30	1644.08
179.67	1647.49
180.04	1650.90
180.41	1654.31
180.78	1657.73
181.15	1661.15
181.52	1664.58
181.89	1668.00
182.27	1671.43
182.64	1674.87
183.01	1678.30
183.38	1681.74
183.76	1685.19
184.13	1688.63
184.51	1692.08
184.88	1695.53
185.26	1698.99
185.63	1702.45
186.01	1705.91
186.38	1709.37
186.76	1712.84
187.14	1716.31
187.51	1719.78
187.89	1723.26
188.27	1726.74
188.65	1730.22
189.02	1733.71
189.40	1737.20
189.78	1740.69
190.16	1744.19
190.54	1747.69
190.92	1751.19
191.30	1754.69
191.68	1758.20
192.06	1761.71
192.44	1765.22
192.83	1768.74
193.21	1772.26
193.59	1775.78
193.97	1779.31
194.35	1782.84
194.74	1786.37
195.12	1789.91
195.50	1793.45
195.89	1796.99
196.27	1800.53
196.66	1804.08
197.04	1807.63
197.43	1811.18
197.81	1814.74
198.20	1818.30
198.59	1821.86
198.97	1825.43
199.36	1829.00
199.75	1832.57
200.13	1836.15
200.52	1839.72
200.91	1843.30
201.30	1846.89
201.69	1850.48
202.08	1854.07
202.47	1857.66
202.86	1861.26
203.25	1864.86
203.64	1868.46
204.03	1872.06
204.42	1875.67
204.81	1879.28
205.20	1882.90
205.59	1886.52
205.99	1890.14
206.38	1893.76
206.77	1897.39
207.16	1901.02
207.56	1904.65
207.95	1908.29
208.35	1911.93
208.74	1915.57
209.13	1919.21
209.53	1922.86
209.93	1926.51
210.32	1930.17
210.72	1933.82
211.11	1937.48
211.51	1941.15
211.91	1944.81
212.30	1948.48
212.70	1952.15
213.10	1955.83
213.50	1959.51
213.90	1963.19
214.30	1966.87
214.70	1970.56
215.10	1974.25
215.50	1977.94
215.90	1981.64
216.30	1985.34
216.70	1989.04
217.10	1992.75
217.50	1996.45
217.90	2000.17
218.30	2003.88
218.71	2007.60
219.11	2011.32
219.51	2015.04
219.91	2018.77
220.32	2022.50
220.72	2026.23
221.13	2029.96
221.53	2033.70
221.94	2037.44
222.34	2041.19
222.75	2044.94
223.15	2048.69
223.56	2052.44
223.96	2056.20
224.37	2059.96
224.78	2063.72
225.19	2067.49
225.59	2071.25
226.00	2075.03
226.41	2078.80
226.82	2082.58
227.23	2086.36
227.64	2090.14
228.05	2093.93
228.46	2097.72
228.87	2101.51
229.28	2105.31
229.69	2109.11
230.10	2112.91
230.51	2116.71
230.92	2120.52
231.33	2124.33
231.75	2128.14
232.16	2131.96
232.57	2135.78
232.99	2139.60
233.40	2143.43
233.81	2147.26
234.23	2151.09
234.64	2154.92
235.06	2158.76
235.47	2162.60
235.89	2166.45
236.30	2170.29
236.72	2174.14
237.14	2178.00
237.55	2181.85
237.97	2185.71
238.39	2189.57
238.81	2193.44
239.22	2197.31
239.64	2201.18
240.06	2205.05
240.48	2208.93
240.90	2212.81
241.32	2216.69
241.74	2220.58
242.16	2224.46
242.58	2228.36
243.00	2232.25
243.42	2236.15
243.84	2240.05
244.26	2243.95
244.69	2247.86
245.11	2251.77
245.53	2255.68
245.95	2259.60
246.38	2263.52
246.80	2267.44
247.23	2271.36
247.65	2275.29
248.07	2279.22
248.50	2283.16
248.92	2287.09
249.35	2291.03
249.78	2294.98
250.20	2298.92
250.63	2302.87
251.05	2306.82
251.48	2310.78
251.91	2314.73
252.34	2318.70
252.76	2322.66
253.19	2326.63
253.62	2330.60
254.05	2334.57
254.48	2338.54
254.91	2342.52
255.34	2346.51
255.77	2350.49
256.20	2354.48
256.63	2358.47
257.06	2362.46
257.49	2366.46
257.92	2370.46
258.36	2374.46
258.79	2378.47
259.22	2382.48
259.65	2386.49
260.09	2390.50
260.52	2394.52
260.95	2398.54
261.39	2402.56
261.82	2406.59
262.26	2410.62
262.69	2414.65
263.13	2418.69
263.56	2422.73
264.00	2426.77
264.44	2430.81
264.87	2434.86
265.31	2438.91
265.75	2442.97
266.18	2447.02
266.62	2451.08
267.06	2455.14
267.50	2459.21
267.94	2463.28
268.38	2467.35
268.82	2471.42
269.26	2475.50
269.70	2479.58
270.14	2483.66
270.58	2487.75
271.02	2491.84
271.46	2495.93
271.90	2500.03
272.34	2504.13
272.78	2508.23
273.23	2512.33
273.67	2516.44
274.11	2520.55
274.56	2524.66
275.00	2528.78
275.44	2532.90
275.89	2537.02
276.33	2541.15
276.78	2545.27
277.22	2549.40
277.67	2553.54
278.11	2557.68
278.56	2561.82
279.01	2565.96
279.45	2570.11
279.90	2574.25
280.35	2578.41
280.80	2582.56
281.24	2586.72
281.69	2590.88
282.14	2595.04
282.59	2599.21
283.04	2603.38
283.49	2607.55
283.94	2611.73
284.39	2615.91
284.84	2620.09
285.29	2624.27
285.74	2628.46
286.19	2632.65
286.64	2636.85
287.09	2641.04
287.55	2645.24
288.00	2649.45
288.45	2653.65
288.91	2657.86
289.36	2662.07
289.81	2666.29
290.27	2670.50
290.72	2674.72
291.18	2678.95
291.63	2683.17
292.09	2687.40
292.54	2691.64
293.00	2695.87
293.45	2700.11
293.91	2704.35
294.37	2708.59
294.82	2712.84
295.28	2717.09
295.74	2721.34
296.20	2725.60
296.66	2729.86
297.11	2734.12
297.57	2738.39
298.03	2742.66
298.49	2746.93
298.95	2751.20
299.41	2755.48
299.87	2759.76
300.33	2764.04
300.80	2768.33
301.26	2772.61
301.72	2776.91
302.18	2781.20
302.64	2785.50
303.11	2789.80
303.57	2794.10
304.03	2798.41
304.49	2802.72
304.96	2807.03
305.42	2811.35
305.89	2815.67
306.35	2819.99
306.82	2824.31
307.28	2828.64
307.75	2832.97
308.21	2837.30
308.68	2841.64
309.15	2845.98
309.61	2850.32
310.08	2854.67
310.55	2859.01
311.02	2863.37
311.48	2867.72
311.95	2872.08
312.42	2876.44
312.89	2880.80
313.36	2885.16
313.83	2889.53
314.30	2893.91
314.77	2898.28
315.24	2902.66
315.71	2907.04
316.18	2911.42
316.65	2915.81
317.12	2920.20
317.60	2924.59
318.07	2928.99
318.54	2933.38
319.01	2937.79
319.49	2942.19
319.96	2946.60
320.43	2951.01
320.91	2955.42
321.38	2959.84
321.86	2964.25
322.33	2968.68
322.81	2973.10
323.28	2977.53
323.76	2981.96
324.24	2986.39
324.71	2990.83
325.19	2995.27
325.67	2999.71
326.14	3004.16
326.62	3008.61
327.10	3013.06
327.58	3017.51
328.06	3021.97
328.54	3026.43
329.01	3030.89
329.49	3035.36
329.97	3039.83
330.45	3044.30
330.93	3048.77
331.41	3053.25
331.90	3057.73
332.38	3062.22
332.86	3066.70
333.34	3071.19
333.82	3075.69
334.31	3080.18
334.79	3084.68
335.27	3089.18
335.75	3093.68
336.24	3098.19
336.72	3102.70
337.21	3107.21
337.69	3111.73
338.18	3116.25
338.66	3120.77
339.15	3125.30
339.63	3129.82
340.12	3134.35
340.60	3138.89
341.09	3143.42
341.58	3147.96
342.07	3152.51
342.55	3157.05
343.04	3161.60
343.53	3166.15
344.02	3170.70
344.51	3175.26
345.00	3179.82
345.48	3184.38
345.97	3188.95
346.46	3193.52
346.95	3198.09
347.44	3202.67
347.94	3207.24
348.43	3211.82
348.92	3216.41
349.41	3220.99
349.90	3225.58
350.39	3230.17
350.89	3234.77
351.38	3239.37
351.87	3243.97
352.37	3248.57
352.86	3253.18
353.35	3257.79
353.85	3262.40
354.34	3267.02
354.84	3271.63
355.33	3276.26
355.83	3280.88
356.33	3285.51
356.82	3290.14
357.32	3294.77
357.81	3299.41
358.31	3304.04
358.81	3308.69
359.31	3313.33
359.80	3317.98
360.30	3322.63
360.80	3327.28
361.30	3331.94
361.80	3336.60
362.30	3341.26
362.80	3345.93
363.30	3350.59
363.80	3355.27
364.30	3359.94
364.80	3364.62
365.30	3369.30
365.80	3373.98
366.30	3378.66
366.81	3383.35
367.31	3388.04
367.81	3392.74
368.31	3397.44
368.82	3402.14
369.32	3406.84
369.83	3411.55
370.33	3416.25
370.83	3420.97
371.34	3425.68
371.84	3430.40
372.35	3435.12
372.85	3439.84
373.36	3444.57
373.87	3449.30
374.37	3454.03
374.88	3458.77
375.39	3463.51
375.89	3468.25
376.40	3472.99
376.91	3477.74
377.42	3482.49
377.93	3487.24
378.44	3492.00
378.94	3496.76
379.45	3501.52
379.96	3506.28
380.47	3511.05
380.98	3515.82
381.50	3520.59
382.01	3525.37
382.52	3530.15
383.03	3534.93
383.54	3539.72
384.05	3544.50
384.57	3549.29
385.08	3554.09
385.59	3558.88
386.10	3563.68
386.62	3568.49
387.13	3573.29
387.65	3578.10
388.16	3582.91
388.67	3587.73
389.19	3592.54
389.71	3597.36
390.22	3602.19
390.74	3607.01
391.25	3611.84
391.77	3616.67
392.29	3621.51
392.80	3626.35
393.32	3631.19
393.84	3636.03
394.36	3640.88
394.88	3645.73
395.39	3650.58
395.91	3655.43
396.43	3660.29
396.95	3665.15
397.47	3670.02
397.99	3674.88
398.51	3679.75
399.03	3684.63
399.55	3689.50
400.07	3694.38
400.60	3699.26
401.12	3704.15
401.64	3709.03
402.16	3713.92
402.68	3718.82
403.21	3723.71
403.73	3728.61
404.25	3733.51
404.78	3738.42
405.30	3743.33
405.83	3748.24
406.35	3753.15
406.88	3758.07
407.40	3762.99
407.93	3767.91
408.45	3772.83
408.98	3777.76
409.51	3782.69
410.03	3787.63
410.56	3792.57
411.09	3797.51
411.62	3802.45
412.14	3807.39
412.67	3812.34
413.20	3817.30
413.73	3822.25
414.26	3827.21
414.79	3832.17
415.32	3837.13
415.85	3842.10
416.38	3847.07
416.91	3852.04
417.44	3857.01
417.97	3861.99
418.50	3866.97
419.03	3871.96
419.57	3876.94
420.10	3881.93
420.63	3886.93
421.16	3891.92
421.70	3896.92
422.23	3901.92
422.77	3906.93
423.30	3911.93
423.83	3916.94
424.37	3921.96
424.90	3926.97
425.44	3931.99
425.98	3937.02
426.51	3942.04
427.05	3947.07
427.58	3952.10
428.12	3957.13
428.66	3962.17
429.20	3967.21
429.73	3972.25
430.27	3977.30
430.81	3982.35
431.35	3987.40
431.89	3992.45
432.43	3997.51
432.97	4002.57
433.50	4007.63
434.04	4012.70
434.59	4017.77
435.13	4022.84
435.67	4027.91
436.21	4032.99
436.75	4038.07
437.29	4043.16
437.83	4048.24
438.38	4053.33
438.92	4058.43
439.46	4063.52
440.00	4068.62
440.55	4073.72
441.09	4078.82
441.64	4083.93
442.18	4089.04
442.73	4094.15
443.27	4099.27
443.82	4104.39
444.36	4109.51
444.91	4114.64
445.45	4119.76
446.00	4124.89
446.55	4130.03
447.09	4135.17
447.64	4140.30
448.19	4145.45
448.74	4150.59
449.29	4155.74
449.83	4160.89
450.38	4166.05
450.93	4171.20
451.48	4176.36
452.03	4181.53
452.58	4186.69
453.13	4191.86
453.68	4197.03
454.23	4202.21
454.78	4207.39
455.34	4212.57
455.89	4217.75
456.44	4222.94
456.99	4228.13
457.55	4233.32
458.10	4238.51
458.65	4243.71
459.20	4248.91
459.76	4254.12
460.31	4259.33
460.87	4264.54
461.42	4269.75
461.98	4274.97
462.53	4280.18
463.09	4285.41
463.64	4290.63
464.20	4295.86
464.76	4301.09
465.31	4306.32
465.87	4311.56
466.43	4316.80
466.99	4322.04
467.54	4327.29
468.10	4332.54
468.66	4337.79
469.22	4343.04
469.78	4348.30
470.34	4353.56
470.90	4358.82
471.46	4364.09
472.02	4369.36
472.58	4374.63
473.14	4379.91
473.70	4385.19
474.26	4390.47
474.82	4395.75
475.39	4401.04
475.95	4406.33
476.51	4411.62
477.07	4416.92
477.64	4422.22
478.20	4427.52
478.77	4432.82
479.33	4438.13
479.89	4443.44
480.46	4448.75
481.02	4454.07
481.59	4459.39
482.15	4464.71
482.72	4470.04
483.29	4475.37
483.85	4480.70
484.42	4486.03
484.99	4491.37
485.55	4496.71
486.12	4502.05
486.69	4507.40
487.26	4512.75
487.83	4518.10
488.40	4523.46
488.97	4528.81
489.53	4534.17
490.10	4539.54
490.67	4544.91
491.24	4550.28
491.82	4555.65
492.39	4561.02
492.96	4566.40
493.53	4571.79
494.10	4577.17
494.67	4582.56
495.25	4587.95
495.82	4593.34
496.39	4598.74
496.96	4604.14
497.54	4609.54
498.11	4614.95
498.69	4620.36
499.26	4625.77
499.84	4631.18
500.41	4636.60
500.99	4642.02
501.56	4647.44
502.14	4652.87
502.71	4658.30
503.29	4663.73
503.87	4669.17
504.44	4674.61
505.02	4680.05
505.60	4685.49
506.18	4690.94
506.76	4696.39
507.33	4701.84
507.91	4707.30
508.49	4712.76
509.07	4718.22
509.65	4723.69
510.23	4729.15
510.81	4734.62
511.39	4740.10
511.97	4745.58
512.56	4751.06
513.14	4756.54
513.72	4762.03
514.30	4767.51
514.88	4773.01
515.47	4778.50
516.05	4784.00
516.63	4789.50
517.22	4795.01
517.80	4800.51
518.38	4806.02
518.97	4811.54
519.55	4817.05
520.14	4822.57
520.72	4828.09
521.31	4833.62
521.90	4839.15
522.48	4844.68
523.07	4850.21
523.66	4855.75
524.24	4861.29
524.83	4866.83
525.42	4872.38
526.01	4877.93
526.60	4883.48
527.18	4889.03
527.77	4894.59
528.36	4900.15
528.95	4905.72
529.54	4911.28
530.13	4916.85
530.72	4922.43
531.31	4928.00
531.90	4933.58
532.50	4939.16
533.09	4944.75
533.68	4950.34
534.27	4955.93
534.86	4961.52
535.46	4967.12
536.05	4972.72
536.64	4978.32
537.24	4983.93
537.83	4989.54
538.43	4995.15
539.02	5000.77
539.62	5006.38
540.21	5012.00
540.81	5017.63
541.40	5023.26
542.00	5028.89
542.59	5034.52
543.19	5040.16
543.79	5045.80
544.39	5051.44
544.98	5057.08
545.58	5062.73
546.18	5068.38
546.78	5074.04
547.38	5079.69
547.98	5085.36
548.58	5091.02
549.17	5096.69
549.77	5102.35
550.38	5108.03
550.98	5113.70
551.58	5119.38
552.18	5125.06
552.78	5130.75
553.38	5136.44
553.98	5142.13
554.59	5147.82
555.19	5153.52
555.79	5159.22
556.39	5164.92
557.00	5170.63
557.60	5176.33
558.21	5182.05
558.81	5187.76
559.42	5193.48
560.02	5199.20
560.63	5204.92
561.23	5210.65
561.84	5216.38
562.44	5222.12
563.05	5227.85
563.66	5233.59
564.26	5239.33
564.87	5245.08
565.48	5250.83
566.09	5256.58
566.70	5262.33
567.31	5268.09
567.91	5273.85
568.52	5279.62
569.13	5285.38
569.74	5291.15
570.35	5296.92
570.96	5302.70
571.57	5308.48
572.19	5314.26
572.80	5320.05
573.41	5325.83
574.02	5331.63
574.63	5337.42
575.25	5343.22
575.86	5349.02
576.47	5354.82
577.09	5360.63
577.70	5366.44
578.31	5372.25
578.93	5378.07
579.54	5383.88
580.16	5389.71
580.77	5395.53
581.39	5401.36
582.00	5407.19
582.62	5413.02
583.24	5418.86
583.85	5424.70
584.47	5430.54
585.09	5436.39
585.71	5442.24
586.32	5448.09
586.94	5453.95
587.56	5459.81
588.18	5465.67
588.80	5471.53
589.42	5477.40
590.04	5483.27
590.66	5489.14
591.28	5495.02
591.90	5500.90
592.52	5506.79
593.14	5512.67
593.76	5518.56
594.39	5524.45
595.01	5530.35
595.63	5536.25
596.25	5542.15
596.88	5548.05
597.50	5553.96
598.12	5559.87
598.75	5565.79
599.37	5571.70
600.00	5577.62
600.62	5583.55
601.25	5589.47
601.87	5595.40
602.50	5601.34
603.13	5607.27
603.75	5613.21
604.38	5619.15
605.01	5625.10
605.63	5631.04
606.26	5637.00
606.89	5642.95
607.52	5648.91
608.15	5654.87
608.77	5660.83
609.40	5666.80
610.03	5672.77
610.66	5678.74
611.29	5684.72
611.92	5690.70
612.55	5696.68
613.19	5702.66
613.82	5708.65
614.45	5714.64
615.08	5720.64
615.71	5726.63
616.35	5732.64
616.98	5738.64
617.61	5744.65
618.25	5750.66
618.88	5756.67
619.51	5762.69
620.15	5768.71
620.78	5774.73
621.42	5780.75
622.05	5786.78
622.69	5792.82
623.32	5798.85
623.96	5804.89
624.60	5810.93
625.23	5816.97
625.87	5823.02
626.51	5829.07
627.15	5835.13
627.79	5841.18
628.42	5847.24
629.06	5853.31
629.70	5859.37
630.34	5865.44
630.98	5871.52
631.62	5877.59
632.26	5883.67
632.90	5889.75
633.54	5895.84
634.18	5901.93
634.82	5908.02
635.47	5914.11
636.11	5920.21
636.75	5926.31
637.39	5932.42
638.04	5938.52
638.68	5944.63
639.32	5950.75
639.97	5956.86
640.61	5962.98
641.26	5969.11
641.90	5975.23
642.55	5981.36
643.19	5987.49
643.84	5993.63
644.48	5999.77
645.13	6005.91
645.78	6012.06
646.42	6018.20
647.07	6024.36
647.72	6030.51
648.37	6036.67
649.02	6042.83
649.66	6048.99
650.31	6055.16
650.96	6061.33
651.61	6067.50
652.26	6073.68
652.91	6079.86
653.56	6086.04
654.21	6092.23
654.86	6098.42
655.52	6104.61
656.17	6110.81
656.82	6117.01
657.47	6123.21
658.12	6129.41
658.78	6135.62
659.43	6141.84
660.08	6148.05
660.74	6154.27
661.39	6160.49
662.05	6166.71
662.70	6172.94
663.36	6179.17
664.01	6185.41
664.67	6191.64
665.32	6197.88
665.98	6204.13
666.64	6210.37
667.29	6216.62
667.95	6222.88
668.61	6229.13
669.27	6235.39
669.93	6241.66
670.58	6247.92
671.24	6254.19
671.90	6260.46
672.56	6266.74
673.22	6273.02
673.88	6279.30
674.54	6285.59
675.20	6291.87
675.86	6298.17
676.53	6304.46
677.19	6310.76
677.85	6317.06
678.51	6323.36
679.17	6329.67
679.84	6335.98
680.50	6342.30
681.16	6348.61
681.83	6354.93
682.49	6361.26
683.16	6367.59
683.82	6373.92
684.49	6380.25
685.15	6386.59
685.82	6392.93
686.48	6399.27
687.15	6405.62
687.82	6411.96
688.48	6418.32
689.15	6424.67
689.82	6431.03
690.49	6437.40
691.16	6443.76
691.82	6450.13
692.49	6456.50
693.16	6462.88
693.83	6469.26
694.50	6475.64
695.17	6482.02
695.84	6488.41
696.51	6494.80
697.18	6501.20
697.86	6507.60
698.53	6514.00
699.20	6520.40
699.87	6526.81
700.54	6533.22
701.22	6539.64
701.89	6546.05
702.56	6552.47
703.24	6558.90
703.91	6565.33
704.59	6571.76
705.26	6578.19
705.94	6584.63
706.61	6591.07
707.29	6597.51
707.97	6603.96
708.64	6610.41
709.32	6616.86
710.00	6623.32
710.67	6629.78
711.35	6636.24
712.03	6642.71
712.71	6649.18
713.39	6655.65
714.07	6662.13
714.75	6668.61
715.43	6675.09
716.11	6681.58
716.79	6688.06
717.47	6694.56
718.15	6701.05
718.83	6707.55
719.51	6714.05
720.19	6720.56
720.87	6727.07
721.56	6733.58
722.24	6740.10
722.92	6746.62
723.61	6753.14
724.29	6759.66
724.97	6766.19
725.66	6772.72
726.34	6779.26
727.03	6785.80
727.71	6792.34
728.40	6798.88
729.09	6805.43
729.77	6811.98
730.46	6818.54
731.15	6825.10
731.83	6831.66
732.52	6838.22
733.21	6844.79
733.90	6851.36
734.59	6857.94
735.28	6864.52
735.97	6871.10
736.65	6877.68
737.34	6884.27
738.03	6890.86
738.73	6897.46
739.42	6904.05
740.11	6910.66
740.80	6917.26
741.49	6923.87
742.18	6930.48
742.88	6937.09
743.57	6943.71
744.26	6950.33
744.96	6956.96
745.65	6963.58
746.34	6970.22
747.04	6976.85
747.73	6983.49
748.43	6990.13
749.12	6996.77
749.82	7003.42
750.52	7010.07
751.21	7016.73
751.91	7023.38
752.61	7030.04
753.30	7036.71
754.00	7043.38
754.70	7050.05
755.40	7056.72
756.10	7063.40
756.79	7070.08
757.49	7076.77
758.19	7083.45
758.89	7090.14
759.59	7096.84
760.29	7103.54
761.00	7110.24
761.70	7116.94
762.40	7123.65
763.10	7130.36
763.80	7137.07
764.50	7143.79
765.21	7150.51
765.91	7157.24
766.61	7163.97
767.32	7170.70
768.02	7177.43
768.73	7184.17
769.43	7190.91
770.14	7197.66
770.84	7204.40
771.55	7211.16
772.25	7217.91
772.96	7224.67
773.67	7231.43
774.38	7238.19
775.08	7244.96
775.79	7251.73
776.50	7258.51
777.21	7265.29
777.92	7272.07
778.62	7278.85
779.33	7285.64
780.04	7292.44
780.75	7299.23
781.46	7306.03
782.18	7312.83
782.89	7319.64
783.60	7326.45
784.31	7333.26
785.02	7340.07
785.73	7346.89
786.45	7353.71
787.16	7360.54
787.87	7367.37
788.59	7374.20
789.30	7381.04
790.02	7387.88
790.73	7394.72
791.45	7401.57
792.16	7408.42
792.88	7415.27
793.59	7422.13
794.31	7428.99
795.03	7435.85
795.74	7442.72
796.46	7449.59
797.18	7456.46
797.90	7463.34
798.61	7470.22
799.33	7477.10
800.05	7483.99
800.77	7490.88
801.49	7497.77
802.21	7504.67
802.93	7511.57
803.65	7518.47
804.37	7525.38
805.09	7532.29
805.82	7539.21
806.54	7546.12
807.26	7553.05
807.98	7559.97
808.71	7566.90
809.43	7573.83
810.15	7580.77
810.88	7587.70
811.60	7594.65
812.33	7601.59
813.05	7608.54
813.78	7615.49
814.50	7622.45
815.23	7629.41
815.95	7636.37
816.68	7643.34
817.41	7650.31
818.13	7657.28
818.86	7664.26
819.59	7671.24
820.32	7678.22
821.05	7685.21
821.78	7692.20
822.51	7699.19
823.24	7706.19
823.97	7713.19
824.70	7720.19
825.43	7727.20
826.16	7734.21
826.89	7741.23
827.62	7748.24
828.35	7755.27
829.08	7762.29
829.82	7769.32
830.55	7776.35
831.28	7783.39
832.02	7790.43
832.75	7797.47
833.49	7804.51
834.22	7811.56
834.96	7818.62
835.69	7825.67
836.43	7832.73
837.16	7839.80
837.90	7846.86
838.64	7853.93
839.37	7861.01
840.11	7868.09
840.85	7875.17
841.59	7882.25
842.33	7889.34
843.06	7896.43
843.80	7903.53
844.54	7910.62
845.28	7917.73
846.02	7924.83
846.76	7931.94
847.50	7939.05
848.25	7946.17
848.99	7953.29
849.73	7960.41
850.47	7967.54
851.21	7974.67
851.96	7981.80
852.70	7988.94
853.44	7996.08
854.19	8003.22
854.93	8010.37
855.68	8017.52
856.42	8024.68
857.17	8031.84
857.91	8039.00
858.66	8046.16
859.40	8053.33
860.15	8060.50
860.90	8067.68
861.64	8074.86
862.39	8082.04
863.14	8089.23
863.89	8096.42
864.64	8103.61
865.39	8110.81
866.14	8118.01
866.89	8125.22
867.64	8132.42
868.39	8139.64
869.14	8146.85
869.89	8154.07
870.64	8161.29
871.39	8168.52
872.14	8175.75
872.90	8182.98
873.65	8190.22
874.40	8197.46
875.16	8204.70
875.91	8211.95
876.66	8219.20
877.42	8226.45
878.17	8233.71
878.93	8240.97
879.68	8248.24
880.44	8255.51
881.20	8262.78
881.95	8270.06
882.71	8277.34
883.47	8284.62
884.22	8291.91
884.98	8299.20
885.74	8306.49
886.50	8313.79
887.26	8321.09
888.02	8328.39
888.78	8335.70
889.54	8343.01
890.30	8350.33
891.06	8357.65
891.82	8364.97
892.58	8372.30
893.34	8379.63
894.11	8386.96
894.87	8394.30
895.63	8401.64
896.39	8408.99
897.16	8416.33
897.92	8423.69
898.69	8431.04
899.45	8438.40
900.22	8445.76
900.98	8453.13
901.75	8460.50
902.51	8467.87
903.28	8475.25
904.05	8482.63
904.81	8490.02
905.58	8497.40
906.35	8504.80
907.12	8512.19
907.89	8519.59
908.65	8526.99
909.42	8534.40
910.19	8541.81
910.96	8549.22
911.73	8556.64
912.50	8564.06
913.28	8571.49
914.05	8578.92
914.82	8586.35
915.59	8593.78
916.36	8601.22
917.14	8608.67
917.91	8616.11
918.68	8623.56
919.46	8631.02
920.23	8638.48
921.00	8645.94
921.78	8653.40
922.56	8660.87
923.33	8668.35
924.11	8675.82
924.88	8683.30
925.66	8690.79
926.44	8698.27
927.21	8705.76
927.99	8713.26
928.77	8720.76
929.55	8728.26
930.33	8735.77
931.11	8743.28
931.89	8750.79
932.67	8758.31
933.45	8765.83
934.23	8773.35
935.01	8780.88
935.79	8788.41
936.57	8795.95
937.35	8803.49
938.14	8811.03
938.92	8818.58
939.70	8826.13
940.48	8833.68
941.27	8841.24
942.05	8848.80
942.84	8856.37
943.62	8863.94
944.41	8871.51
945.19	8879.09
945.98	8886.67
946.77	8894.25
947.55	8901.84
948.34	8909.43
949.13	8917.03
949.91	8924.63
950.70	8932.23
951.49	8939.84
952.28	8947.45
953.07	8955.06
953.86	8962.68
954.65	8970.30
955.44	8977.93
956.23	8985.55
957.02	8993.19
957.81	9000.83
958.61	9008.47
959.40	9016.11
960.19	9023.76
960.98	9031.41
961.78	9039.07
962.57	9046.73
963.36	9054.39
964.16	9062.06
964.95	9069.73
965.75	9077.40
966.54	9085.08
967.34	9092.76
968.14	9100.45
968.93	9108.14
969.73	9115.83
970.53	9123.53
971.32	9131.23
972.12	9138.94
972.92	9146.65
973.72	9154.36
974.52	9162.08
975.32	9169.80
976.12	9177.52
976.92	9185.25
977.72	9192.98
978.52	9200.72
979.32	9208.46
980.12	9216.20
980.92	9223.95
981.73	9231.70
982.53	9239.45
983.33	9247.21
984.14	9254.98
984.94	9262.74
985.75	9270.51
986.55	9278.29
987.36	9286.07
988.16	9293.85
988.97	9301.63
989.77	9309.42
990.58	9317.22
991.39	9325.01
992.19	9332.82
993.00	9340.62
993.81	9348.43
994.62	9356.24
995.43	9364.06
996.24	9371.88
997.05	9379.70
997.85	9387.53
998.67	9395.37
999.48	9403.20
1000.29	9411.04
1001.10	9418.89
1001.91	9426.73
1002.72	9434.59
1003.53	9442.44
1004.35	9450.30
1005.16	9458.16
1005.97	9466.03
1006.79	9473.90
1007.60	9481.78
1008.42	9489.66
1009.23	9497.54
1010.05	9505.43
1010.86	9513.32
1011.68	9521.21
1012.50	9529.11
1013.31	9537.01
1014.13	9544.92
1014.95	9552.83
1015.77	9560.74
1016.59	9568.66
1017.41	9576.58
1018.22	9584.51
1019.04	9592.44
1019.86	9600.37
1020.68	9608.31
1021.51	9616.25
1022.33	9624.20
1023.15	9632.15
1023.97	9640.10
1024.79	9648.06
1025.62	9656.02
1026.44	9663.99
1027.26	9671.95
1028.09	9679.93
1028.91	9687.91
1029.73	9695.89
1030.56	9703.87
1031.38	9711.86
1032.21	9719.85
1033.04	9727.85
1033.86	9735.85
1034.69	9743.86
1035.52	9751.86
1036.35	9759.88
1037.17	9767.89
1038.00	9775.91
1038.83	9783.94
1039.66	9791.97
1040.49	9800.00
1041.32	9808.04
1042.15	9816.08
1042.98	9824.12
1043.81	9832.17
1044.64	9840.22
1045.47	9848.28
1046.31	9856.34
1047.14	9864.40
1047.97	9872.47
1048.81	9880.54
1049.64	9888.62
1050.47	9896.70
1051.31	9904.78
1052.14	9912.87
1052.98	9920.96
1053.81	9929.06
1054.65	9937.16
1055.49	9945.26
1056.32	9953.37
1057.16	9961.48
1058.00	9969.60
1058.84	9977.72
1059.67	9985.84
1060.51	9993.97
1061.35	10002.10
1062.19	10010.24
1063.03	10018.38
1063.87	10026.52
1064.71	10034.67
1065.55	10042.82
1066.39	10050.98
1067.24	10059.14
1068.08	10067.30
1068.92	10075.47
1069.76	10083.65
1070.61	10091.82
1071.45	10100.00
1072.30	10108.19
1073.14	10116.37
1073.99	10124.57
1074.83	10132.76
1075.68	10140.96
1076.52	10149.17
1077.37	10157.38
1078.22	10165.59
1079.06	10173.81
1079.91	10182.03
1080.76	10190.25
1081.61	10198.48
1082.46	10206.71
1083.30	10214.95
1084.15	10223.19
1085.00	10231.44
1085.85	10239.69
1086.71	10247.94
1087.56	10256.20
1088.41	10264.46
1089.26	10272.72
1090.11	10280.99
1090.97	10289.27
1091.82	10297.54
1092.67	10305.82
1093.53	10314.11
1094.38	10322.40
1095.23	10330.69
1096.09	10338.99
1096.95	10347.29
1097.80	10355.60
1098.66	10363.91
1099.51	10372.22
1100.37	10380.54
1101.23	10388.87
1102.09	10397.19
1102.94	10405.52
1103.80	10413.86
1104.66	10422.20
1105.52	10430.54
1106.38	10438.89
1107.24	10447.24
1108.10	10455.59
1108.96	10463.95
1109.82	10472.32
1110.69	10480.68
1111.55	10489.06
1112.41	10497.43
1113.27	10505.81
1114.14	10514.20
1115.00	10522.58
1115.86	10530.98
1116.73	10539.37
1117.59	10547.77
1118.46	10556.18
1119.33	10564.59
1120.19	10573.00
1121.06	10581.42
1121.92	10589.84
1122.79	10598.26
1123.66	10606.69
1124.53	10615.13
1125.40	10623.57
1126.27	10632.01
1127.13	10640.45
1128.00	10648.90
1128.87	10657.36
1129.74	10665.82
1130.62	10674.28
1131.49	10682.75
1132.36	10691.22
1133.23	10699.69
1134.10	10708.17
1134.98	10716.66
1135.85	10725.14
1136.72	10733.64
1137.60	10742.13
1138.47	10750.63
1139.35	10759.14
1140.22	10767.65
1141.10	10776.16
1141.97	10784.68
1142.85	10793.20
1143.73	10801.72
1144.60	10810.25
1145.48	10818.79
1146.36	10827.33
1147.24	10835.87
1148.12	10844.41
1149.00	10852.96
1149.88	10861.52
1150.76	10870.08
1151.64	10878.64
1152.52	10887.21
1153.40	10895.78
1154.28	10904.36
1155.16	10912.94
1156.05	10921.52
1156.93	10930.11
1157.81	10938.70
1158.70	10947.30
1159.58	10955.90
1160.46	10964.51
1161.35	10973.12
1162.23	10981.73
1163.12	10990.35
1164.01	10998.97
1164.89	11007.60
1165.78	11016.23
1166.67	11024.86
1167.56	11033.50
1168.44	11042.15
1169.33	11050.79
1170.22	11059.45
1171.11	11068.10
1172.00	11076.76
1172.89	11085.43
1173.78	11094.10
1174.67	11102.77
1175.56	11111.45
1176.46	11120.13
1177.35	11128.82
1178.24	11137.51
1179.13	11146.20
1180.03	11154.90
1180.92	11163.61
1181.82	11172.31
1182.71	11181.03
1183.61	11189.74
1184.50	11198.46
1185.40	11207.19
1186.29	11215.92
1187.19	11224.65
1188.09	11233.39
1188.99	11242.13
1189.88	11250.88
1190.78	11259.63
1191.68	11268.39
1192.58	11277.14
1193.48	11285.91
1194.38	11294.68
1195.28	11303.45
1196.18	11312.23
1197.08	11321.01
1197.99	11329.79
1198.89	11338.58
1199.79	11347.38
1200.69	11356.18
1201.60	11364.98
1202.50	11373.79
1203.41	11382.60
1204.31	11391.41
1205.21	11400.24
1206.12	11409.06
1207.03	11417.89
1207.93	11426.72
1208.84	11435.56
1209.75	11444.40
1210.65	11453.25
1211.56	11462.10
1212.47	11470.96
1213.38	11479.82
1214.29	11488.68
1215.20	11497.55
1216.11	11506.42
1217.02	11515.30
1217.93	11524.18
1218.84	11533.07
1219.75	11541.96
1220.67	11550.85
1221.58	11559.75
1222.49	11568.66
1223.41	11577.57
1224.32	11586.48
1225.24	11595.40
1226.15	11604.32
1227.07	11613.24
1227.98	11622.17
1228.90	11631.11
1229.81	11640.05
1230.73	11648.99
1231.65	11657.94
1232.57	11666.89
1233.48	11675.85
1234.40	11684.81
1235.32	11693.78
1236.24	11702.75
1237.16	11711.72
1238.08	11720.70
1239.00	11729.69
1239.92	11738.67
1240.85	11747.67
1241.77	11756.66
1242.69	11765.67
1243.61	11774.67
1244.54	11783.68
1245.46	11792.70
1246.38	11801.72
1247.31	11810.74
1248.23	11819.77
1249.16	11828.80
1250.09	11837.84
1251.01	11846.88
1251.94	11855.93
1252.87	11864.98
1253.79	11874.04
1254.72	11883.10
1255.65	11892.16
1256.58	11901.23
1257.51	11910.31
1258.44	11919.38
1259.37	11928.47
1260.30	11937.55
1261.23	11946.65
1262.16	11955.74
1263.10	11964.84
1264.03	11973.95
1264.96	11983.06
1265.89	11992.17
1266.83	12001.29
1267.76	12010.42
1268.70	12019.55
1269.63	12028.68
1270.57	12037.82
1271.50	12046.96
1272.44	12056.10
1273.38	12065.26
1274.31	12074.41
1275.25	12083.57
1276.19	12092.74
1277.13	12101.91
1278.07	12111.08
1279.01	12120.26
1279.95	12129.44
1280.89	12138.63
1281.83	12147.82
1282.77	12157.02
1283.71	12166.22
1284.65	12175.43
1285.60	12184.64
1286.54	12193.85
1287.48	12203.07
1288.43	12212.30
1289.37	12221.53
1290.32	12230.76
1291.26	12240.00
1292.21	12249.24
1293.15	12258.49
1294.10	12267.74
1295.05	12277.00
1295.99	12286.26
1296.94	12295.53
1297.89	12304.80
1298.84	12314.07
1299.79	12323.35
1300.74	12332.64
1301.69	12341.93
1302.64	12351.22
1303.59	12360.52
1304.54	12369.83
1305.49	12379.13
1306.45	12388.45
1307.40	12397.76
1308.35	12407.09
1309.31	12416.41
1310.26	12425.75
1311.21	12435.08
1312.17	12444.42
1313.13	12453.77
1314.08	12463.12
1315.04	12472.47
1315.99	12481.83
1316.95	12491.20
1317.91	12500.57
1318.87	12509.94
1319.83	12519.32
1320.79	12528.70
1321.75	12538.09
1322.71	12547.48
1323.67	12556.88
1324.63	12566.28
1325.59	12575.69
1326.55	12585.10
1327.51	12594.52
1328.48	12603.94
1329.44	12613.37
1330.40	12622.80
1331.37	12632.23
1332.33	12641.67
1333.30	12651.12
1334.26	12660.57
1335.23	12670.02
1336.19	12679.48
1337.16	12688.95
1338.13	12698.41
1339.10	12707.89
1340.06	12717.37
1341.03	12726.85
1342.00	12736.34
1342.97	12745.83
1343.94	12755.33
1344.91	12764.83
1345.88	12774.34
1346.85	12783.85
1347.83	12793.37
1348.80	12802.89
1349.77	12812.41
1350.74	12821.94
1351.72	12831.48
1352.69	12841.02
1353.67	12850.57
1354.64	12860.12
1355.62	12869.67
1356.59	12879.23
1357.57	12888.80
1358.55	12898.37
1359.53	12907.94
1360.50	12917.52
1361.48	12927.10
1362.46	12936.69
1363.44	12946.29
1364.42	12955.89
1365.40	12965.49
1366.38	12975.10
1367.36	12984.71
1368.34	12994.33
1369.33	13003.95
1370.31	13013.58
1371.29	13023.21
1372.27	13032.85
1373.26	13042.49
1374.24	13052.14
1375.23	13061.79
1376.21	13071.45
1377.20	13081.11
1378.19	13090.78
1379.17	13100.45
1380.16	13110.13
1381.15	13119.81
1382.14	13129.50
1383.12	13139.19
1384.11	13148.89
1385.10	13158.59
1386.09	13168.29
1387.08	13178.00
1388.07	13187.72
1389.07	13197.44
1390.06	13207.17
1391.05	13216.90
1392.04	13226.64
1393.04	13236.38
1394.03	13246.12
1395.03	13255.87
1396.02	13265.63
1397.02	13275.39
1398.01	13285.15
1399.01	13294.93
1400.00	13304.70
1401.00	13314.48
1402.00	13324.27
1403.00	13334.06
1404.00	13343.85
1404.99	13353.65
1405.99	13363.46
1406.99	13373.27
1408.00	13383.08
1409.00	13392.91
1410.00	13402.73
1411.00	13412.56
1412.00	13422.40
1413.01	13432.24
1414.01	13442.08
1415.01	13451.93
1416.02	13461.79
1417.02	13471.65
1418.03	13481.51
1419.03	13491.39
1420.04	13501.26
1421.05	13511.14
1422.05	13521.03
1423.06	13530.92
1424.07	13540.81
1425.08	13550.71
1426.09	13560.62
1427.10	13570.53
1428.11	13580.45
1429.12	13590.37
1430.13	13600.29
1431.14	13610.23
1432.15	13620.16
1433.17	13630.10
1434.18	13640.05
1435.19	13650.00
1436.21	13659.96
1437.22	13669.92
1438.24	13679.89
1439.25	13689.86
1440.27	13699.83
1441.28	13709.82
1442.30	13719.80
1443.32	13729.80
1444.34	13739.79
1445.35	13749.80
1446.37	13759.80
1447.39	13769.82
1448.41	13779.83
1449.43	13789.86
1450.45	13799.88
1451.48	13809.92
1452.50	13819.96
1453.52	13830.00
1454.54	13840.05
1455.57	13850.10
1456.59	13860.16
1457.61	13870.22
1458.64	13880.29
1459.67	13890.37
1460.69	13900.45
1461.72	13910.53
1462.74	13920.62
1463.77	13930.72
1464.80	13940.82
1465.83	13950.92
1466.86	13961.03
1467.89	13971.15
1468.92	13981.27
1469.95	13991.39
1470.98	14001.53
1472.01	14011.66
1473.04	14021.80
1474.07	14031.95
1475.10	14042.10
1476.14	14052.26
1477.17	14062.42
1478.21	14072.59
1479.24	14082.76
1480.28	14092.94
1481.31	14103.12
1482.35	14113.31
1483.39	14123.50
1484.42	14133.70
1485.46	14143.91
1486.50	14154.12
1487.54	14164.33
1488.58	14174.55
1489.62	14184.78
1490.66	14195.01
1491.70	14205.24
1492.74	14215.48
1493.78	14225.73
1494.82	14235.98
1495.87	14246.24
1496.91	14256.50
1497.95	14266.77
1499.00	14277.04
1500.04	14287.32
1501.09	14297.60
1502.13	14307.89
1503.18	14318.18
1504.23	14328.48
1505.27	14338.78
1506.32	14349.09
1507.37	14359.41
1508.42	14369.73
1509.47	14380.05
1510.52	14390.38
1511.57	14400.72
1512.62	14411.06
1513.67	14421.41
1514.72	14431.76
1515.78	14442.12
1516.83	14452.48
1517.88	14462.85
1518.94	14473.22
1519.99	14483.60
1521.05	14493.98
1522.10	14504.37
1523.16	14514.76
1524.21	14525.16
1525.27	14535.57
1526.33	14545.98
1527.39	14556.40
1528.45	14566.82
1529.50	14577.24
1530.56	14587.67
1531.62	14598.11
1532.68	14608.55
1533.75	14619.00
1534.81	14629.46
1535.87	14639.92
1536.93	14650.38
1538.00	14660.85
1539.06	14671.32
1540.12	14681.80
1541.19	14692.29
1542.25	14702.78
1543.32	14713.28
1544.39	14723.78
1545.45	14734.29
1546.52	14744.80
1547.59	14755.32
1548.66	14765.84
1549.73	14776.37
1550.79	14786.90
1551.86	14797.44
1552.94	14807.99
1554.01	14818.54
1555.08	14829.10
1556.15	14839.66
1557.22	14850.23
1558.30	14860.80
1559.37	14871.38
1560.44	14881.96
1561.52	14892.55
1562.59	14903.14
1563.67	14913.74
1564.75	14924.35
1565.82	14934.96
1566.90	14945.57
1567.98	14956.20
1569.06	14966.82
1570.13	14977.46
1571.21	14988.09
1572.29	14998.74
1573.37	15009.39
1574.45	15020.04
1575.54	15030.70
1576.62	15041.37
1577.70	15052.04
1578.78	15062.71
1579.87	15073.40
1580.95	15084.08
1582.04	15094.78
1583.12	15105.48
1584.21	15116.18
1585.29	15126.89
1586.38	15137.61
1587.47	15148.33
1588.56	15159.05
1589.64	15169.79
1590.73	15180.52
1591.82	15191.27
1592.91	15202.01
1594.00	15212.77
1595.09	15223.53
1596.19	15234.29
1597.28	15245.06
1598.37	15255.84
1599.46	15266.62
1600.56	15277.41
1601.65	15288.20
1602.75	15299.00
1603.84	15309.81
1604.94	15320.62
1606.03	15331.43
1607.13	15342.25
1608.23	15353.08
1609.33	15363.91
1610.42	15374.75
1611.52	15385.59
1612.62	15396.44
1613.72	15407.30
1614.82	15418.16
1615.92	15429.02
1617.03	15439.89
1618.13	15450.77
1619.23	15461.66
1620.33	15472.54
1621.44	15483.44
1622.54	15494.34
1623.65	15505.24
1624.75	15516.15
1625.86	15527.07
1626.97	15537.99
1628.07	15548.92
1629.18	15559.86
1630.29	15570.79
1631.40	15581.74
1632.51	15592.69
1633.62	15603.65
1634.73	15614.61
1635.84	15625.58
